ID,train_number,planned_arrival,planned_departure,planned_platform,planned_status,category_train,train,path,eva_nr,station_name,station_state,station_city,station_zipcode,station_long,station_lat,station_category,changed_arrival,changed_platform_arrival,changed_departure,changed_platform_departure,message_status,priority,info,arrival_hidden,departure_hidden,arrival_path,departure_path,arrival_status,departure_status,arrival_delay_m,departure_delay_m
5680698672680243057-2508242156-8,7168,2508242219,2508242219,4,,S,1,Stuttgart Hbf|Stuttgart-Bad Cannstatt|Stuttgart-Untertürkheim|Esslingen-Mettingen|Esslingen(Neckar)|Oberesslingen|Esslingen-Zell,8000508,Altbach,Baden-Württemberg,Altbach,73776,9.382434033,48.72031354,3,2508242220,,2508242221,,,,,,,,,,,1.0,2.0
-8289701104022316843-2508242225-8,7170,2508242249,2508242249,4,,S,1,Stuttgart Hbf|Stuttgart-Bad Cannstatt|Stuttgart-Untertürkheim|Esslingen-Mettingen|Esslingen(Neckar)|Oberesslingen|Esslingen-Zell,8000508,Altbach,Baden-Württemberg,Altbach,73776,9.382434033,48.72031354,3,2508242253,,2508242254,,,,,,,,,,,4.0,5.0
-3862696523251175756-2508242220-6,7173,2508242237,2508242237,3,,S,1,Kirchheim(Teck)|Kirchheim(Teck)-Ötlingen|Wendlingen(Neckar)|Wernau(Neckar)|Plochingen,8000508,Altbach,Baden-Württemberg,Altbach,73776,9.382434033,48.72031354,3,2508242238,,2508242239,,,,,,,,,,,1.0,2.0
1733518000541873569-2508242150-6,7171,2508242207,2508242207,3,,S,1,Kirchheim(Teck)|Kirchheim(Teck)-Ötlingen|Wendlingen(Neckar)|Wernau(Neckar)|Plochingen,8000508,Altbach,Baden-Württemberg,Altbach,73776,9.382434033,48.72031354,3,2508242208,,2508242208,,,,,,,,,,,1.0,1.0
-2631007370516690844-2508242157-7,7568,2508242217,2508242217,4,,S,5,Stuttgart Hbf|Stuttgart Nord|Stuttgart-Feuerbach|Stuttgart-Zuffenhausen|Kornwestheim Pbf|Ludwigsburg,8000630,Asperg,Baden-Württemberg,Asperg,71679,9.147977466,48.90725609,4,2508242217,,2508242217,,,,,,,,,,,0.0,0.0
5487749718307029214-2508242227-7,7570,2508242247,2508242247,4,,S,5,Stuttgart Hbf|Stuttgart Nord|Stuttgart-Feuerbach|Stuttgart-Zuffenhausen|Kornwestheim Pbf|Ludwigsburg,8000630,Asperg,Baden-Württemberg,Asperg,71679,9.147977466,48.90725609,4,2508242247,,2508242247,,,,,,,,,,,0.0,0.0
2526364121907765436-2508242237-3,7573,2508242242,2508242243,3,,S,5,Bietigheim-Bissingen|Tamm(Württ),8000630,Asperg,Baden-Württemberg,Asperg,71679,9.147977466,48.90725609,4,2508242243,,2508242244,,,,,,,,,,,1.0,1.0
1392739293391106860-2508242207-3,7571,2508242212,2508242213,3,,S,5,Bietigheim-Bissingen|Tamm(Württ),8000630,Asperg,Baden-Württemberg,Asperg,71679,9.147977466,48.90725609,4,2508242212,,2508242213,,,,,,,,,,,0.0,0.0
719653834349839228-2508242155-8,7366,2508242218,,5,,S,,Fellbach|Waiblingen|Neustadt-Hohenacker|Schwaikheim|Winnenden|Nellmersbach|Maubach,8000016,Backnang,Baden-Württemberg,Backnang,71522,9.425986107,48.94264844,3,2508242219,,,,,,,,,,,,,1.0,0.0
-7571165478431896455-2508242159-5,88629,2508242222,2508242224,4,,RE,90,Stuttgart Hbf|Stuttgart-Bad Cannstatt|Waiblingen|Winnenden,8000016,Backnang,Baden-Württemberg,Backnang,71522,9.425986107,48.94264844,3,2508242226,,2508242227,,,,,,,,,,,4.0,3.0
4129986010683108750-2508242211-1,7371,,2508242211,,,S,3,,8000016,Backnang,Baden-Württemberg,Backnang,71522,9.425986107,48.94264844,3,,,2508242211,,,,,,,,,,,0.0,0.0
4849862255928168199-2508242207-14,7466,2508242252,,1,,S,,Stuttgart Hbf|Stuttgart Nord|Stuttgart-Feuerbach|Stuttgart-Zuffenhausen|Kornwestheim Pbf|Ludwigsburg|Favoritepark|Freiberg(Neckar)|Benningen(Neckar)|Marbach(Neckar)|Erdmannhausen|Kirchberg(Murr)|Burgstall(Murr),8000016,Backnang,Baden-Württemberg,Backnang,71522,9.425986107,48.94264844,3,2508242251,,,,,,,,,,,,,-1.0,0.0
-3456816008210395658-2508242036-18,26788,2508242236,2508242237,4,,RE,90,Nürnberg Hbf|Roßtal|Heilsbronn|Wicklesgreuth|Ansbach|Leutershausen-Wiedersbach|Dombühl|Schnelldorf|Crailsheim|Eckartshausen-Ilshofen|Schwäbisch Hall-Hessental|Gaildorf West|Fichtenberg|Fornsbach|Murrhardt|Sulzbach(Murr)|Oppenweiler(Württ),8000016,Backnang,Baden-Württemberg,Backnang,71522,9.425986107,48.94264844,3,2508242257,,2508242258,,,,,,,,,,,21.0,21.0
-494138626573649940-2508242225-8,7368,2508242248,,5,,S,,Fellbach|Waiblingen|Neustadt-Hohenacker|Schwaikheim|Winnenden|Nellmersbach|Maubach,8000016,Backnang,Baden-Württemberg,Backnang,71522,9.425986107,48.94264844,3,2508242248,,,,,,,,,,,,,0.0,0.0
7299889964871884643-2508242203-1,7471,,2508242203,,,S,4,,8000016,Backnang,Baden-Württemberg,Backnang,71522,9.425986107,48.94264844,3,,,2508242203,,,,,,,,,,,0.0,0.0
-2279373399383894760-2508242241-1,7373,,2508242241,,,S,3,,8000016,Backnang,Baden-Württemberg,Backnang,71522,9.425986107,48.94264844,3,,,2508242241,,,,,,,,,,,0.0,0.0
1545875388134255836-2508242255-2,7473,2508242257,2508242257,2,,S,4,Marbach(Neckar),8000873,Benningen (Neckar),Baden-Württemberg,Benningen am Neckar,71726,9.244299075,48.94379773,5,2508242257,,2508242257,,,,,,,,,,,0.0,0.0
4849862255928168199-2508242207-9,7466,2508242232,2508242233,1,,S,4,Stuttgart Hbf|Stuttgart Nord|Stuttgart-Feuerbach|Stuttgart-Zuffenhausen|Kornwestheim Pbf|Ludwigsburg|Favoritepark|Freiberg(Neckar),8000873,Benningen (Neckar),Baden-Württemberg,Benningen am Neckar,71726,9.244299075,48.94379773,5,2508242233,,2508242233,,,,,,,,,,,1.0,0.0
2828988855077273536-2508242137-9,7464,2508242202,2508242203,1,,S,4,Stuttgart Hbf|Stuttgart Nord|Stuttgart-Feuerbach|Stuttgart-Zuffenhausen|Kornwestheim Pbf|Ludwigsburg|Favoritepark|Freiberg(Neckar),8000873,Benningen (Neckar),Baden-Württemberg,Benningen am Neckar,71726,9.244299075,48.94379773,5,2508242202,,2508242203,,,,,,,,,,,0.0,0.0
7299889964871884643-2508242203-6,7471,2508242227,2508242227,2,,S,4,Backnang|Burgstall(Murr)|Kirchberg(Murr)|Erdmannhausen|Marbach(Neckar),8000873,Benningen (Neckar),Baden-Württemberg,Benningen am Neckar,71726,9.244299075,48.94379773,5,2508242227,,2508242227,,,,,,,,,,,0.0,0.0
-4551028339435730742-2508242220-8,7268,2508242243,2508242243,1,,S,2,Stuttgart Hbf|Stuttgart-Bad Cannstatt|Fellbach|Waiblingen|Rommelshausen|Stetten-Beinstein|Endersbach,8000934,Beutelsbach,Baden-Württemberg,Weinstadt,71384,9.38551589,48.81038925,5,2508242243,,2508242244,,,,,,,,,,,0.0,1.0
-6309040329427903805-2508242233-6,7273,2508242245,2508242245,2,,S,2,Schorndorf|Weiler(Rems)|Winterbach(b Schorndorf)|Geradstetten|Grunbach,8000934,Beutelsbach,Baden-Württemberg,Weinstadt,71384,9.38551589,48.81038925,5,2508242247,,2508242248,,,,,,,,,,,2.0,3.0
-6294731278479900645-2508242150-8,7266,2508242213,2508242213,1,,S,2,Stuttgart Hbf|Stuttgart-Bad Cannstatt|Fellbach|Waiblingen|Rommelshausen|Stetten-Beinstein|Endersbach,8000934,Beutelsbach,Baden-Württemberg,Weinstadt,71384,9.38551589,48.81038925,5,2508242212,,2508242213,,,,,,,,,,,-1.0,0.0
1678705542121602631-2508242203-6,7271,2508242215,2508242215,2,,S,2,Schorndorf|Weiler(Rems)|Winterbach(b Schorndorf)|Geradstetten|Grunbach,8000934,Beutelsbach,Baden-Württemberg,Weinstadt,71384,9.38551589,48.81038925,5,2508242215,,2508242216,,,,,,,,,,,0.0,1.0
-2631007370516690844-2508242157-9,7568,2508242224,,5,,S,,Stuttgart Hbf|Stuttgart Nord|Stuttgart-Feuerbach|Stuttgart-Zuffenhausen|Kornwestheim Pbf|Ludwigsburg|Asperg|Tamm(Württ),8000038,Bietigheim-Bissingen,Baden-Württemberg,Bietigheim-Bissingen,74321,9.137217396,48.94794988,2,2508242224,,,,,,,,,,,,,0.0,0.0
-8362599672178828687-2508242132-9,19338,2508242259,2508242300,10,,MEX,18,Reutlingen Hbf|Metzingen(Württ)|Nürtingen|Wendlingen(Neckar)|Plochingen|Esslingen(Neckar)|Kornwestheim Pbf|Ludwigsburg,8000038,Bietigheim-Bissingen,Baden-Württemberg,Bietigheim-Bissingen,74321,9.137217396,48.94794988,2,2508242259,,2508242300,,,,,,,,,,,0.0,0.0
5487749718307029214-2508242227-9,7570,2508242254,,5,,S,,Stuttgart Hbf|Stuttgart Nord|Stuttgart-Feuerbach|Stuttgart-Zuffenhausen|Kornwestheim Pbf|Ludwigsburg|Asperg|Tamm(Württ),8000038,Bietigheim-Bissingen,Baden-Württemberg,Bietigheim-Bissingen,74321,9.137217396,48.94794988,2,2508242254,,,,,,,,,,,,,0.0,0.0
3301406145435962852-2508242206-3,32889,2508242230,2508242232,8,,RE,8,Neckarsulm|Heilbronn Hbf,8000038,Bietigheim-Bissingen,Baden-Württemberg,Bietigheim-Bissingen,74321,9.137217396,48.94794988,2,2508242232,,2508242232,,,,,,,,,,,2.0,0.0
-4686875592090673041-2508242229-1,32894,,2508242229,,,RE,8,,8000038,Bietigheim-Bissingen,Baden-Württemberg,Bietigheim-Bissingen,74321,9.137217396,48.94794988,2,,,2508242229,9,,,,,,,,,,0.0,0.0
7160228248794927613-2508242230-7,19339,2508242256,2508242256,8,,MEX,18,Heilbronn Hbf|Nordheim(Württ)|Lauffen(Neckar)|Kirchheim(Neckar)|Walheim(Württ)|Besigheim,8000038,Bietigheim-Bissingen,Baden-Württemberg,Bietigheim-Bissingen,74321,9.137217396,48.94794988,2,2508242256,,2508242256,,,,,,,,,,,0.0,0.0
-1818828783150549123-2508242032-9,19336,2508242159,2508242200,10,,MEX,18,Reutlingen Hbf|Metzingen(Württ)|Nürtingen|Wendlingen(Neckar)|Plochingen|Esslingen(Neckar)|Kornwestheim Pbf|Ludwigsburg,8000038,Bietigheim-Bissingen,Baden-Württemberg,Bietigheim-Bissingen,74321,9.137217396,48.94794988,2,2508242159,,2508242200,,,,,,,,,,,0.0,0.0
2526364121907765436-2508242237-1,7573,,2508242237,,,S,5,,8000038,Bietigheim-Bissingen,Baden-Württemberg,Bietigheim-Bissingen,74321,9.137217396,48.94794988,2,,,2508242237,,,,,,,,,,,0.0,0.0
1392739293391106860-2508242207-1,7571,,2508242207,,,S,5,,8000038,Bietigheim-Bissingen,Baden-Württemberg,Bietigheim-Bissingen,74321,9.137217396,48.94794988,2,,,2508242207,,,,,,,,,,,0.0,0.0
-6845729400861309457-2508242147-3,19580,2508242203,2508242204,7,,MEX,17a,Stuttgart Hbf|Ludwigsburg,8000038,Bietigheim-Bissingen,Baden-Württemberg,Bietigheim-Bissingen,74321,9.137217396,48.94794988,2,2508242206,,2508242207,,,,,,,,,,,3.0,3.0
-7358812942002748149-2508242216-6,7772,2508242230,2508242230,3,,S,1,Herrenberg|Nufringen|Gärtringen|Ehningen(b Böblingen)|Hulb,8001055,Böblingen,Baden-Württemberg,Böblingen,71034,9.004531864,48.68784871,3,2508242230,,2508242230,,,,,,,,,,,0.0,0.0
8692377122300507754-2508242216-4,7769,2508242229,2508242230,4,,S,1,Stuttgart-Vaihingen|Stuttgart-Rohr|Goldberg(Württ),8001055,Böblingen,Baden-Württemberg,Böblingen,71034,9.004531864,48.68784871,3,2508242230,,2508242231,,,,,,,,,,,1.0,1.0
-102199230428586090-2508242213-3,17677,2508242238,2508242239,5,,RB,14a,Stuttgart Hbf|Stuttgart-Vaihingen,8001055,Böblingen,Baden-Württemberg,Böblingen,71034,9.004531864,48.68784871,3,2508242238,,2508242240,,h,2,Bauarbeiten,,,,,,,0.0,1.0
1355245828663087033-2508242204-1,7069,,2508242204,,,S,60,,8001055,Böblingen,Baden-Württemberg,Böblingen,71034,9.004531864,48.68784871,3,,,2508242204,,,,,,,,,,,0.0,0.0
2382757692606580950-2508242246-4,7771,2508242259,2508242300,4,,S,1,Stuttgart-Vaihingen|Stuttgart-Rohr|Goldberg(Württ),8001055,Böblingen,Baden-Württemberg,Böblingen,71034,9.004531864,48.68784871,3,2508242300,,2508242300,,,,,,,,,,,1.0,0.0
-7473076869282740427-2508242035-12,50480,2508242221,2508242222,2,,RE,87,Singen(Hohentwiel)|Engen|Tuttlingen|Spaichingen|Rottweil|Oberndorf(Neckar)|Sulz(Neckar)|Horb|Bondorf(b Herrenberg)|Gäufelden|Herrenberg,8001055,Böblingen,Baden-Württemberg,Böblingen,71034,9.004531864,48.68784871,3,2508242241,,2508242242,,h,1,Information,,,,,,,20.0,20.0
-3745751710781721805-2508242146-4,7767,2508242159,2508242200,4,,S,1,Stuttgart-Vaihingen|Stuttgart-Rohr|Goldberg(Württ),8001055,Böblingen,Baden-Württemberg,Böblingen,71034,9.004531864,48.68784871,3,2508242200,,2508242201,,,,,,,,,,,1.0,1.0
3179948115805207944-2508242239-7,7072,2508242256,,5,,S,,Renningen|Renningen Süd|Magstadt|Maichingen Nord|Maichingen|Sindelfingen,8001055,Böblingen,Baden-Württemberg,Böblingen,71034,9.004531864,48.68784871,3,2508242256,,,,,,,,,,,,,0.0,0.0
800896748119483466-2508242146-6,7770,2508242200,2508242200,3,,S,1,Herrenberg|Nufringen|Gärtringen|Ehningen(b Böblingen)|Hulb,8001055,Böblingen,Baden-Württemberg,Böblingen,71034,9.004531864,48.68784871,3,2508242200,,2508242201,,,,,,,,,,,0.0,1.0
638916155102202133-2508242209-7,7070,2508242226,,5,,S,,Renningen|Renningen Süd|Magstadt|Maichingen Nord|Maichingen|Sindelfingen,8001055,Böblingen,Baden-Württemberg,Böblingen,71034,9.004531864,48.68784871,3,2508242227,,,,,,,,,,,,,1.0,0.0
-5416744958690050031-2508242202-12,8177,2508242225,,1,,WEG,,Dettenhausen|Weil im Schönbuch Untere Halde|Weil im Schönbuch Röte|Weil im Schönbuch Troppel|Holzgerlingen Buch|Holzgerlingen Bf|Holzgerlingen Hülben|Böblingen Zimmerschlag|Böblingen Heusteigstr|Böblingen Südbf|Böblingen Danziger Str,8001055,Böblingen,Baden-Württemberg,Böblingen,71034,9.004531864,48.68784871,3,2508242225,,,,,,,,,,,,,0.0,0.0
-6377144391840629397-2508242234-1,7071,,2508242234,,,S,60,,8001055,Böblingen,Baden-Württemberg,Böblingen,71034,9.004531864,48.68784871,3,,,2508242234,,,,,,,,,,,0.0,0.0
7242506157860768520-2508241937-14,480,2508242221,2508242222,2,,IC,,Zürich HB|Schaffhausen|Singen(Hohentwiel)|Engen|Tuttlingen|Spaichingen|Rottweil|Oberndorf(Neckar)|Sulz(Neckar)|Horb|Bondorf(b Herrenberg)|Gäufelden|Herrenberg,8001055,Böblingen,Baden-Württemberg,Böblingen,71034,9.004531864,48.68784871,3,2508242241,,2508242242,,h,1,Information,,,,,,,20.0,20.0
-2858384596423056164-2508242235-1,8180,,2508242235,,,WEG,RB46,,8001055,Böblingen,Baden-Württemberg,Böblingen,71034,9.004531864,48.68784871,3,,,2508242235,,,,,,,,,,,0.0,0.0
9168961089696793003-2508242203-1,19934,,2508242203,,,RE,,,8001055,Böblingen,Baden-Württemberg,Böblingen,71034,9.004531864,48.68784871,3,,,2508242205,,,,,,,,,,,0.0,2.0
4849862255928168199-2508242207-13,7466,2508242247,2508242247,1,,S,4,Stuttgart Hbf|Stuttgart Nord|Stuttgart-Feuerbach|Stuttgart-Zuffenhausen|Kornwestheim Pbf|Ludwigsburg|Favoritepark|Freiberg(Neckar)|Benningen(Neckar)|Marbach(Neckar)|Erdmannhausen|Kirchberg(Murr),8001296,Burgstall (Murr),Baden-Württemberg,Burgstetten,71576,9.36973562,48.92851826,6,2508242246,,2508242247,,,,,,,,,,,-1.0,0.0
7299889964871884643-2508242203-2,7471,2508242207,2508242208,1,,S,4,Backnang,8001296,Burgstall (Murr),Baden-Württemberg,Burgstetten,71576,9.36973562,48.92851826,6,2508242207,,2508242208,,,,,,,,,,,0.0,0.0
6529146617493703402-2508242203-7,7671,2508242224,2508242224,3,,S,6,Weil der Stadt|Malmsheim|Renningen|Rutesheim|Leonberg|Höfingen,8001476,Ditzingen,Baden-Württemberg,Ditzingen,71254,9.067095186,48.82358726,4,2508242225,,2508242225,,,,,,,,,,,1.0,1.0
6983633546019374877-2508242217-8,7668,2508242236,2508242236,2,,S,6,Stuttgart Hbf|Stuttgart Nord|Stuttgart-Feuerbach|Stuttgart-Zuffenhausen|Neuwirtshaus(Porscheplatz)|Korntal|Weilimdorf,8001476,Ditzingen,Baden-Württemberg,Ditzingen,71254,9.067095186,48.82358726,4,2508242235,,2508242236,,,,,,,,,,,-1.0,0.0
6737611286015741642-2508242147-8,7666,2508242206,2508242206,2,,S,6,Stuttgart Hbf|Stuttgart Nord|Stuttgart-Feuerbach|Stuttgart-Zuffenhausen|Neuwirtshaus(Porscheplatz)|Korntal|Weilimdorf,8001476,Ditzingen,Baden-Württemberg,Ditzingen,71254,9.067095186,48.82358726,4,2508242205,,2508242206,,,,,,,,,,,-1.0,0.0
-8768743806902916019-2508242233-7,7673,2508242254,2508242254,3,,S,6,Weil der Stadt|Malmsheim|Renningen|Rutesheim|Leonberg|Höfingen,8001476,Ditzingen,Baden-Württemberg,Ditzingen,71254,9.067095186,48.82358726,4,2508242254,,2508242254,,,,,,,,,,,0.0,0.0
1753360474053316398-2508242205-5,7969,2508242219,2508242220,1,,S,2,Stuttgart-Vaihingen|Stuttgart-Rohr|Oberaichen|Leinfelden,8001650,Echterdingen,Baden-Württemberg,Echterdingen,70771,9.169307175,48.69214787,4,2508242219,,2508242220,,,,,,,,,,,0.0,0.0
9054264954005564040-2508242233-3,7970,2508242240,2508242240,2,,S,6,Filderstadt|Stuttgart Flughafen/Messe,8001650,Echterdingen,Baden-Württemberg,Echterdingen,70771,9.169307175,48.69214787,4,2508242239,,2508242240,,,,,,,,,,,-1.0,0.0
338068933768812202-2508242203-3,7968,2508242210,2508242210,2,,S,2,Filderstadt|Stuttgart Flughafen/Messe,8001650,Echterdingen,Baden-Württemberg,Echterdingen,70771,9.169307175,48.69214787,4,2508242209,,2508242210,,,,,,,,,,,-1.0,0.0
-3981841348437772783-2508242235-5,7971,2508242249,2508242250,1,,S,2,Stuttgart-Vaihingen|Stuttgart-Rohr|Oberaichen|Leinfelden,8001650,Echterdingen,Baden-Württemberg,Echterdingen,70771,9.169307175,48.69214787,4,2508242249,,2508242250,,,,,,,,,,,0.0,0.0
-7358812942002748149-2508242216-4,7772,2508242225,2508242225,1,,S,1,Herrenberg|Nufringen|Gärtringen,8001689,Ehningen (b Böblingen),Baden-Württemberg,Ehningen,71139,8.944310368,48.66275549,4,2508242225,,2508242225,,,,,,,,,,,0.0,0.0
8692377122300507754-2508242216-6,7769,2508242235,2508242235,2,,S,1,Stuttgart-Vaihingen|Stuttgart-Rohr|Goldberg(Württ)|Böblingen|Hulb,8001689,Ehningen (b Böblingen),Baden-Württemberg,Ehningen,71139,8.944310368,48.66275549,4,2508242235,,2508242236,,,,,,,,,,,0.0,1.0
-3745751710781721805-2508242146-6,7767,2508242205,2508242205,2,,S,1,Stuttgart-Vaihingen|Stuttgart-Rohr|Goldberg(Württ)|Böblingen|Hulb,8001689,Ehningen (b Böblingen),Baden-Württemberg,Ehningen,71139,8.944310368,48.66275549,4,2508242205,,2508242206,,,,,,,,,,,0.0,1.0
-7552157599667806188-2508242246-4,7774,2508242255,2508242255,1,,S,1,Herrenberg|Nufringen|Gärtringen,8001689,Ehningen (b Böblingen),Baden-Württemberg,Ehningen,71139,8.944310368,48.66275549,4,2508242255,,2508242255,,,,,,,,,,,0.0,0.0
-4551028339435730742-2508242220-7,7268,2508242241,2508242241,2,,S,2,Stuttgart Hbf|Stuttgart-Bad Cannstatt|Fellbach|Waiblingen|Rommelshausen|Stetten-Beinstein,8001785,Endersbach,Baden-Württemberg,Weinstadt,71384,9.370192421,48.81317323,4,2508242242,,2508242242,,,,,,,,,,,1.0,1.0
-6309040329427903805-2508242233-7,7273,2508242247,2508242247,3,,S,2,Schorndorf|Weiler(Rems)|Winterbach(b Schorndorf)|Geradstetten|Grunbach|Beutelsbach,8001785,Endersbach,Baden-Württemberg,Weinstadt,71384,9.370192421,48.81317323,4,2508242249,,2508242250,,,,,,,,,,,2.0,3.0
-6294731278479900645-2508242150-7,7266,2508242211,2508242211,2,,S,2,Stuttgart Hbf|Stuttgart-Bad Cannstatt|Fellbach|Waiblingen|Rommelshausen|Stetten-Beinstein,8001785,Endersbach,Baden-Württemberg,Weinstadt,71384,9.370192421,48.81317323,4,2508242211,,2508242211,,,,,,,,,,,0.0,0.0
1678705542121602631-2508242203-7,7271,2508242217,2508242217,3,,S,2,Schorndorf|Weiler(Rems)|Winterbach(b Schorndorf)|Geradstetten|Grunbach|Beutelsbach,8001785,Endersbach,Baden-Württemberg,Weinstadt,71384,9.370192421,48.81317323,4,2508242217,,2508242218,,,,,,,,,,,0.0,1.0
4849862255928168199-2508242207-11,7466,2508242240,2508242240,1,,S,4,Stuttgart Hbf|Stuttgart Nord|Stuttgart-Feuerbach|Stuttgart-Zuffenhausen|Kornwestheim Pbf|Ludwigsburg|Favoritepark|Freiberg(Neckar)|Benningen(Neckar)|Marbach(Neckar),8001827,Erdmannhausen,Baden-Württemberg,Erdmannhausen,71729,9.298930848,48.9483447,6,2508242240,,2508242241,,,,,,,,,,,0.0,1.0
7299889964871884643-2508242203-4,7471,2508242217,2508242217,1,,S,4,Backnang|Burgstall(Murr)|Kirchberg(Murr),8001827,Erdmannhausen,Baden-Württemberg,Erdmannhausen,71729,9.298930848,48.9483447,6,2508242216,,2508242217,,,,,,,,,,,-1.0,0.0
5680698672680243057-2508242156-5,7168,2508242212,2508242212,8,,S,1,Stuttgart Hbf|Stuttgart-Bad Cannstatt|Stuttgart-Untertürkheim|Esslingen-Mettingen,8001920,Esslingen (Neckar),Baden-Württemberg,Esslingen am Neckar,73728,9.300578149,48.73854148,3,2508242213,,2508242214,,,,,,,,,,,1.0,2.0
-8362599672178828687-2508242132-6,19338,2508242218,2508242219,3,,MEX,18,Reutlingen Hbf|Metzingen(Württ)|Nürtingen|Wendlingen(Neckar)|Plochingen,8001920,Esslingen (Neckar),Baden-Württemberg,Esslingen am Neckar,73728,9.300578149,48.73854148,3,2508242222,,2508242224,,,,,,,,,,,4.0,5.0
212040542275504380-2508242152-3,19361,2508242202,2508242203,5,,MEX,12,Stuttgart Hbf|Stuttgart-Bad Cannstatt,8001920,Esslingen (Neckar),Baden-Württemberg,Esslingen am Neckar,73728,9.300578149,48.73854148,3,2508242208,,2508242209,,,,,,,,,,,6.0,6.0
-8289701104022316843-2508242225-5,7170,2508242242,2508242242,8,,S,1,Stuttgart Hbf|Stuttgart-Bad Cannstatt|Stuttgart-Untertürkheim|Esslingen-Mettingen,8001920,Esslingen (Neckar),Baden-Württemberg,Esslingen am Neckar,73728,9.300578149,48.73854148,3,2508242245,,2508242246,,,,,,,,,,,3.0,4.0
-3862696523251175756-2508242220-9,7173,2508242244,2508242245,7,,S,1,Kirchheim(Teck)|Kirchheim(Teck)-Ötlingen|Wendlingen(Neckar)|Wernau(Neckar)|Plochingen|Altbach|Esslingen-Zell|Oberesslingen,8001920,Esslingen (Neckar),Baden-Württemberg,Esslingen am Neckar,73728,9.300578149,48.73854148,3,2508242245,,2508242246,,,,,,,,,,,1.0,1.0
1733518000541873569-2508242150-9,7171,2508242214,2508242215,7,,S,1,Kirchheim(Teck)|Kirchheim(Teck)-Ötlingen|Wendlingen(Neckar)|Wernau(Neckar)|Plochingen|Altbach|Esslingen-Zell|Oberesslingen,8001920,Esslingen (Neckar),Baden-Württemberg,Esslingen am Neckar,73728,9.300578149,48.73854148,3,2508242215,,2508242215,,,,,,,,,,,1.0,0.0
4477282455079073780-2508242003-12,4232,2508242209,2508242210,3,,RE,5,Friedrichshafen Stadt|Meckenbeuren|Ravensburg|Aulendorf|Bad Schussenried|Biberach(Riß)|Laupheim West|Ulm Hbf|Geislingen(Steige)|Göppingen|Plochingen,8001920,Esslingen (Neckar),Baden-Württemberg,Esslingen am Neckar,73728,9.300578149,48.73854148,3,2508242209,,2508242210,,h,2,Bauarbeiten,,,,,,,0.0,0.0
-8538016055278338549-2508242216-8,19360,2508242254,2508242254,3,,MEX,12,Reutlingen Hbf|Metzingen(Württ)|Bempflingen|Nürtingen|Oberboihingen|Wendlingen(Neckar)|Plochingen,8001920,Esslingen (Neckar),Baden-Württemberg,Esslingen am Neckar,73728,9.300578149,48.73854148,3,2508242254,,2508242254,,,,,,,,,,,0.0,0.0
-8066971989030589510-2508242130-10,19337,2508242234,2508242235,6,,MEX,18,Heilbronn Hbf|Nordheim(Württ)|Lauffen(Neckar)|Kirchheim(Neckar)|Walheim(Württ)|Besigheim|Bietigheim-Bissingen|Ludwigsburg|Kornwestheim Pbf,8001920,Esslingen (Neckar),Baden-Württemberg,Esslingen am Neckar,73728,9.300578149,48.73854148,3,2508242233,,2508242235,,c,,,,,,,,,-1.0,0.0
5795195168834493148-2508242242-3,19181,2508242253,2508242254,5,,MEX,16,Stuttgart Hbf|Stuttgart-Bad Cannstatt,8001920,Esslingen (Neckar),Baden-Württemberg,Esslingen am Neckar,73728,9.300578149,48.73854148,3,2508242257,,2508242258,,,,,,,,,,,4.0,4.0
-1437144007922408089-2508242036-20,19176,2508242204,2508242205,3,,MEX,16,Ulm Hbf|Beimerstetten|Westerstetten|Lonsee|Urspring|Amstetten(Württ)|Geislingen(Steige)|Geislingen(Steige)West|Kuchen|Gingen(Fils)|Süßen|Salach|Eislingen(Fils)|Göppingen|Faurndau|Uhingen|Ebersbach(Fils)|Reichenbach(Fils)|Plochingen,8001920,Esslingen (Neckar),Baden-Württemberg,Esslingen am Neckar,73728,9.300578149,48.73854148,3,2508242204,,2508242205,,,,,,,,,,,0.0,0.0
7370415767715540984-2508242239-2,4237,2508242248,2508242249,5,,RE,5,Stuttgart Hbf,8001920,Esslingen (Neckar),Baden-Württemberg,Esslingen am Neckar,73728,9.300578149,48.73854148,3,2508242250,,2508242251,,h,2,Bauarbeiten,,,,,,,2.0,2.0
5680698672680243057-2508242156-4,7168,2508242208,2508242209,4,,S,1,Stuttgart Hbf|Stuttgart-Bad Cannstatt|Stuttgart-Untertürkheim,8001921,Esslingen-Mettingen,Baden-Württemberg,Esslingen am Neckar,73733,9.275799007,48.74696655,3,2508242211,,2508242211,,,,,,,,,,,3.0,2.0
-8289701104022316843-2508242225-4,7170,2508242238,2508242239,4,,S,1,Stuttgart Hbf|Stuttgart-Bad Cannstatt|Stuttgart-Untertürkheim,8001921,Esslingen-Mettingen,Baden-Württemberg,Esslingen am Neckar,73733,9.275799007,48.74696655,3,2508242242,,2508242243,,,,,,,,,,,4.0,4.0
-3862696523251175756-2508242220-10,7173,2508242246,2508242247,3,,S,1,Kirchheim(Teck)|Kirchheim(Teck)-Ötlingen|Wendlingen(Neckar)|Wernau(Neckar)|Plochingen|Altbach|Esslingen-Zell|Oberesslingen|Esslingen(Neckar),8001921,Esslingen-Mettingen,Baden-Württemberg,Esslingen am Neckar,73733,9.275799007,48.74696655,3,2508242248,,2508242250,,,,,,,,,,,2.0,3.0
1733518000541873569-2508242150-10,7171,2508242216,2508242217,3,,S,1,Kirchheim(Teck)|Kirchheim(Teck)-Ötlingen|Wendlingen(Neckar)|Wernau(Neckar)|Plochingen|Altbach|Esslingen-Zell|Oberesslingen|Esslingen(Neckar),8001921,Esslingen-Mettingen,Baden-Württemberg,Esslingen am Neckar,73733,9.275799007,48.74696655,3,2508242217,,2508242218,,,,,,,,,,,1.0,1.0
5680698672680243057-2508242156-7,7168,2508242217,2508242217,4,,S,1,Stuttgart Hbf|Stuttgart-Bad Cannstatt|Stuttgart-Untertürkheim|Esslingen-Mettingen|Esslingen(Neckar)|Oberesslingen,8006642,Esslingen-Zell,Baden-Württemberg,Esslingen am Neckar,73730,9.359739507,48.72436142,3,2508242218,,2508242219,,,,,,,,,,,1.0,2.0
-8289701104022316843-2508242225-7,7170,2508242247,2508242247,4,,S,1,Stuttgart Hbf|Stuttgart-Bad Cannstatt|Stuttgart-Untertürkheim|Esslingen-Mettingen|Esslingen(Neckar)|Oberesslingen,8006642,Esslingen-Zell,Baden-Württemberg,Esslingen am Neckar,73730,9.359739507,48.72436142,3,2508242251,,2508242251,,,,,,,,,,,4.0,4.0
-3862696523251175756-2508242220-7,7173,2508242239,2508242239,3,,S,1,Kirchheim(Teck)|Kirchheim(Teck)-Ötlingen|Wendlingen(Neckar)|Wernau(Neckar)|Plochingen|Altbach,8006642,Esslingen-Zell,Baden-Württemberg,Esslingen am Neckar,73730,9.359739507,48.72436142,3,2508242240,,2508242241,,,,,,,,,,,1.0,2.0
1733518000541873569-2508242150-7,7171,2508242209,2508242209,3,,S,1,Kirchheim(Teck)|Kirchheim(Teck)-Ötlingen|Wendlingen(Neckar)|Wernau(Neckar)|Plochingen|Altbach,8006642,Esslingen-Zell,Baden-Württemberg,Esslingen am Neckar,73730,9.359739507,48.72436142,3,2508242210,,2508242210,,,,,,,,,,,1.0,1.0
-9133197457517218638-2508242237-7,7468,2508242256,2508242256,1,,S,4,Stuttgart Hbf|Stuttgart Nord|Stuttgart-Feuerbach|Stuttgart-Zuffenhausen|Kornwestheim Pbf|Ludwigsburg,8001967,Favoritepark,Baden-Württemberg,Ludwigsburg,71634,9.180574277,48.90948451,5,2508242258,,2508242259,,,,,,,,,,,2.0,3.0
4849862255928168199-2508242207-7,7466,2508242226,2508242226,1,,S,4,Stuttgart Hbf|Stuttgart Nord|Stuttgart-Feuerbach|Stuttgart-Zuffenhausen|Kornwestheim Pbf|Ludwigsburg,8001967,Favoritepark,Baden-Württemberg,Ludwigsburg,71634,9.180574277,48.90948451,5,2508242226,,2508242226,,,,,,,,,,,0.0,0.0
3766048702884366970-2508242155-4,7469,2508242203,2508242203,2,,S,4,Marbach(Neckar)|Benningen(Neckar)|Freiberg(Neckar),8001967,Favoritepark,Baden-Württemberg,Ludwigsburg,71634,9.180574277,48.90948451,5,2508242205,,2508242205,,,,,,,,,,,2.0,2.0
7299889964871884643-2508242203-8,7471,2508242233,2508242233,2,,S,4,Backnang|Burgstall(Murr)|Kirchberg(Murr)|Erdmannhausen|Marbach(Neckar)|Benningen(Neckar)|Freiberg(Neckar),8001967,Favoritepark,Baden-Württemberg,Ludwigsburg,71634,9.180574277,48.90948451,5,2508242234,,2508242234,,,,,,,,,,,1.0,1.0
-4551028339435730742-2508242220-3,7268,2508242231,2508242232,1,,S,2,Stuttgart Hbf|Stuttgart-Bad Cannstatt,8001974,Fellbach,Baden-Württemberg,Fellbach,70736,9.270645988,48.8202936,3,2508242232,,2508242233,,,,,,,,,,,1.0,1.0
7534951475185975411-2508242255-1,7370,,2508242255,,,S,3,,8001974,Fellbach,Baden-Württemberg,Fellbach,70736,9.270645988,48.8202936,3,,,2508242255,,,,,,,,,,,0.0,0.0
4129986010683108750-2508242211-8,7371,2508242239,,1,,S,,Backnang|Maubach|Nellmersbach|Winnenden|Schwaikheim|Neustadt-Hohenacker|Waiblingen,8001974,Fellbach,Baden-Württemberg,Fellbach,70736,9.270645988,48.8202936,3,2508242237,,,,,,,,,,,,,-2.0,0.0
-6309040329427903805-2508242233-11,7273,2508242257,2508242258,3,,S,2,Schorndorf|Weiler(Rems)|Winterbach(b Schorndorf)|Geradstetten|Grunbach|Beutelsbach|Endersbach|Stetten-Beinstein|Rommelshausen|Waiblingen,8001974,Fellbach,Baden-Württemberg,Fellbach,70736,9.270645988,48.8202936,3,2508242259,,2508242300,,,,,,,,,,,2.0,2.0
970449513727673732-2508242141-8,7369,2508242209,,1,,S,,Backnang|Maubach|Nellmersbach|Winnenden|Schwaikheim|Neustadt-Hohenacker|Waiblingen,8001974,Fellbach,Baden-Württemberg,Fellbach,70736,9.270645988,48.8202936,3,2508242207,,,,,,,,,,,,,-2.0,0.0
-6294731278479900645-2508242150-3,7266,2508242201,2508242202,1,,S,2,Stuttgart Hbf|Stuttgart-Bad Cannstatt,8001974,Fellbach,Baden-Württemberg,Fellbach,70736,9.270645988,48.8202936,3,2508242201,,2508242202,,,,,,,,,,,0.0,0.0
1678705542121602631-2508242203-11,7271,2508242227,2508242228,3,,S,2,Schorndorf|Weiler(Rems)|Winterbach(b Schorndorf)|Geradstetten|Grunbach|Beutelsbach|Endersbach|Stetten-Beinstein|Rommelshausen|Waiblingen,8001974,Fellbach,Baden-Württemberg,Fellbach,70736,9.270645988,48.8202936,3,2508242230,,2508242230,,,,,,,,,,,3.0,2.0
-494138626573649940-2508242225-1,7368,,2508242225,,,S,3,,8001974,Fellbach,Baden-Württemberg,Fellbach,70736,9.270645988,48.8202936,3,,,2508242225,,,,,,,,,,,0.0,0.0
1753360474053316398-2508242205-6,7969,2508242222,2508242223,1,,S,2,Stuttgart-Vaihingen|Stuttgart-Rohr|Oberaichen|Leinfelden|Echterdingen,8005768,Stuttgart Flughafen/Messe,Baden-Württemberg,Leinfelden-Echterdingen,70629,9.193411574,48.69075193,4,2508242222,,2508242223,,,,,,,,,,,0.0,0.0
9054264954005564040-2508242233-2,7970,2508242237,2508242238,2,,S,6,Filderstadt,8005768,Stuttgart Flughafen/Messe,Baden-Württemberg,Leinfelden-Echterdingen,70629,9.193411574,48.69075193,4,2508242236,,2508242238,,,,,,,,,,,-1.0,0.0
338068933768812202-2508242203-2,7968,2508242207,2508242208,2,,S,2,Filderstadt,8005768,Stuttgart Flughafen/Messe,Baden-Württemberg,Leinfelden-Echterdingen,70629,9.193411574,48.69075193,4,2508242206,,2508242208,,,,,,,,,,,-1.0,0.0
-3981841348437772783-2508242235-6,7971,2508242252,2508242253,1,,S,2,Stuttgart-Vaihingen|Stuttgart-Rohr|Oberaichen|Leinfelden|Echterdingen,8005768,Stuttgart Flughafen/Messe,Baden-Württemberg,Leinfelden-Echterdingen,70629,9.193411574,48.69075193,4,2508242252,,2508242253,,,,,,,,,,,0.0,0.0
-9133197457517218638-2508242237-8,7468,2508242259,2508242259,3,,S,4,Stuttgart Hbf|Stuttgart Nord|Stuttgart-Feuerbach|Stuttgart-Zuffenhausen|Kornwestheim Pbf|Ludwigsburg|Favoritepark,8002065,Freiberg (Neckar),Baden-Württemberg,Freiberg am Neckar,71691,9.197530085,48.92994974,5,2508242301,,2508242301,,,,,,,,,,,2.0,2.0
4849862255928168199-2508242207-8,7466,2508242229,2508242229,3,,S,4,Stuttgart Hbf|Stuttgart Nord|Stuttgart-Feuerbach|Stuttgart-Zuffenhausen|Kornwestheim Pbf|Ludwigsburg|Favoritepark,8002065,Freiberg (Neckar),Baden-Württemberg,Freiberg am Neckar,71691,9.197530085,48.92994974,5,2508242229,,2508242230,,,,,,,,,,,0.0,1.0
3766048702884366970-2508242155-3,7469,2508242200,2508242201,2,,S,4,Marbach(Neckar)|Benningen(Neckar),8002065,Freiberg (Neckar),Baden-Württemberg,Freiberg am Neckar,71691,9.197530085,48.92994974,5,2508242202,,2508242202,,,,,,,,,,,2.0,1.0
7299889964871884643-2508242203-7,7471,2508242230,2508242231,2,,S,4,Backnang|Burgstall(Murr)|Kirchberg(Murr)|Erdmannhausen|Marbach(Neckar)|Benningen(Neckar),8002065,Freiberg (Neckar),Baden-Württemberg,Freiberg am Neckar,71691,9.197530085,48.92994974,5,2508242230,,2508242231,,,,,,,,,,,0.0,0.0
-7358812942002748149-2508242216-3,7772,2508242222,2508242222,2,,S,1,Herrenberg|Nufringen,8002165,Gärtringen,Baden-Württemberg,Gärtringen,71116,8.908864487,48.64080021,5,2508242222,,2508242222,,,,,,,,,,,0.0,0.0
8692377122300507754-2508242216-7,7769,2508242238,2508242238,1,,S,1,Stuttgart-Vaihingen|Stuttgart-Rohr|Goldberg(Württ)|Böblingen|Hulb|Ehningen(b Böblingen),8002165,Gärtringen,Baden-Württemberg,Gärtringen,71116,8.908864487,48.64080021,5,2508242238,,2508242239,,,,,,,,,,,0.0,1.0
-3745751710781721805-2508242146-7,7767,2508242208,2508242208,1,,S,1,Stuttgart-Vaihingen|Stuttgart-Rohr|Goldberg(Württ)|Böblingen|Hulb|Ehningen(b Böblingen),8002165,Gärtringen,Baden-Württemberg,Gärtringen,71116,8.908864487,48.64080021,5,2508242208,,2508242209,,,,,,,,,,,0.0,1.0
-7552157599667806188-2508242246-3,7774,2508242252,2508242252,2,,S,1,Herrenberg|Nufringen,8002165,Gärtringen,Baden-Württemberg,Gärtringen,71116,8.908864487,48.64080021,5,2508242252,,2508242252,,,,,,,,,,,0.0,0.0
-4551028339435730742-2508242220-10,7268,2508242247,2508242247,2,,S,2,Stuttgart Hbf|Stuttgart-Bad Cannstatt|Fellbach|Waiblingen|Rommelshausen|Stetten-Beinstein|Endersbach|Beutelsbach|Grunbach,8002240,Geradstetten,Baden-Württemberg,Remshalden,73630,9.439522346,48.80527689,5,2508242248,,2508242248,,,,,,,,,,,1.0,1.0
-6309040329427903805-2508242233-4,7273,2508242240,2508242241,1,,S,2,Schorndorf|Weiler(Rems)|Winterbach(b Schorndorf),8002240,Geradstetten,Baden-Württemberg,Remshalden,73630,9.439522346,48.80527689,5,2508242243,,2508242243,,,,,,,,,,,3.0,2.0
-6294731278479900645-2508242150-10,7266,2508242217,2508242217,2,,S,2,Stuttgart Hbf|Stuttgart-Bad Cannstatt|Fellbach|Waiblingen|Rommelshausen|Stetten-Beinstein|Endersbach|Beutelsbach|Grunbach,8002240,Geradstetten,Baden-Württemberg,Remshalden,73630,9.439522346,48.80527689,5,2508242218,,2508242218,,,,,,,,,,,1.0,1.0
1678705542121602631-2508242203-4,7271,2508242210,2508242211,1,,S,2,Schorndorf|Weiler(Rems)|Winterbach(b Schorndorf),8002240,Geradstetten,Baden-Württemberg,Remshalden,73630,9.439522346,48.80527689,5,2508242211,,2508242211,,,,,,,,,,,1.0,0.0
-7358812942002748149-2508242216-7,7772,2508242232,2508242232,2,,S,1,Herrenberg|Nufringen|Gärtringen|Ehningen(b Böblingen)|Hulb|Böblingen,8005201,Goldberg,Baden-Württemberg,Böblingen,71032,9.019733387,48.69651581,5,2508242232,,2508242232,,,,,,,,,,,0.0,0.0
8692377122300507754-2508242216-3,7769,2508242227,2508242228,1,,S,1,Stuttgart-Vaihingen|Stuttgart-Rohr,8005201,Goldberg,Baden-Württemberg,Böblingen,71032,9.019733387,48.69651581,5,2508242228,,2508242229,,,,,,,,,,,1.0,1.0
2382757692606580950-2508242246-3,7771,2508242257,2508242258,1,,S,1,Stuttgart-Vaihingen|Stuttgart-Rohr,8005201,Goldberg,Baden-Württemberg,Böblingen,71032,9.019733387,48.69651581,5,2508242257,,2508242258,,,,,,,,,,,0.0,0.0
800896748119483466-2508242146-7,7770,2508242202,2508242202,2,,S,1,Herrenberg|Nufringen|Gärtringen|Ehningen(b Böblingen)|Hulb|Böblingen,8005201,Goldberg,Baden-Württemberg,Böblingen,71032,9.019733387,48.69651581,5,2508242203,,2508242204,,,,,,,,,,,1.0,2.0
-4551028339435730742-2508242220-9,7268,2508242245,2508242245,3,,S,2,Stuttgart Hbf|Stuttgart-Bad Cannstatt|Fellbach|Waiblingen|Rommelshausen|Stetten-Beinstein|Endersbach|Beutelsbach,8002448,Grunbach,Baden-Württemberg,Remshalden,73630,9.419580601,48.810414,4,2508242246,,2508242246,,,,,,,,,,,1.0,1.0
-6309040329427903805-2508242233-5,7273,2508242242,2508242243,2,,S,2,Schorndorf|Weiler(Rems)|Winterbach(b Schorndorf)|Geradstetten,8002448,Grunbach,Baden-Württemberg,Remshalden,73630,9.419580601,48.810414,4,2508242245,,2508242246,,,,,,,,,,,3.0,3.0
-6294731278479900645-2508242150-9,7266,2508242215,2508242215,3,,S,2,Stuttgart Hbf|Stuttgart-Bad Cannstatt|Fellbach|Waiblingen|Rommelshausen|Stetten-Beinstein|Endersbach|Beutelsbach,8002448,Grunbach,Baden-Württemberg,Remshalden,73630,9.419580601,48.810414,4,2508242215,,2508242216,,,,,,,,,,,0.0,1.0
6606614962610107681-2508242113-16,19488,2508242220,,1,,MEX,,Ellwangen|Schrezheim|Schwabsberg|Goldshöfe|Hofen(b Aalen)|Wasseralfingen|Aalen Hbf|Mögglingen(Gmünd)|Böbingen(Rems)|Schwäbisch Gmünd|Lorch(Württ)|Waldhausen(b Schorndorf)|Plüderhausen|Urbach(b Schorndorf)|Schorndorf,8002448,Grunbach,Baden-Württemberg,Remshalden,73630,9.419580601,48.810414,4,2508242220,,,,,,,,,,,,,0.0,0.0
1678705542121602631-2508242203-5,7271,2508242212,2508242213,2,,S,2,Schorndorf|Weiler(Rems)|Winterbach(b Schorndorf)|Geradstetten,8002448,Grunbach,Baden-Württemberg,Remshalden,73630,9.419580601,48.810414,4,2508242213,,2508242213,,,,,,,,,,,1.0,0.0
-5238053827709766900-2508242238-1,19487,,2508242238,,,MEX,13,,8002448,Grunbach,Baden-Württemberg,Remshalden,73630,9.419580601,48.810414,4,,,2508242239,,,,,,,,,,,0.0,1.0
-7358812942002748149-2508242216-1,7772,,2508242216,,,S,1,,8002785,Herrenberg,Baden-Württemberg,Herrenberg,71083,8.862625253,48.59395697,3,,,2508242216,,,,,,,,,,,0.0,0.0
8692377122300507754-2508242216-9,7769,2508242244,,3,,S,,Stuttgart-Vaihingen|Stuttgart-Rohr|Goldberg(Württ)|Böblingen|Hulb|Ehningen(b Böblingen)|Gärtringen|Nufringen,8002785,Herrenberg,Baden-Württemberg,Herrenberg,71083,8.862625253,48.59395697,3,2508242245,,,,,,,,,,,,,1.0,0.0
-102199230428586090-2508242213-4,17677,2508242248,2508242248,4,,RB,14a,Stuttgart Hbf|Stuttgart-Vaihingen|Böblingen,8002785,Herrenberg,Baden-Württemberg,Herrenberg,71083,8.862625253,48.59395697,3,2508242249,,2508242249,,h,2,Bauarbeiten,,,,,,,1.0,1.0
-7473076869282740427-2508242035-11,50480,2508242211,2508242211,1,,RE,87,Singen(Hohentwiel)|Engen|Tuttlingen|Spaichingen|Rottweil|Oberndorf(Neckar)|Sulz(Neckar)|Horb|Bondorf(b Herrenberg)|Gäufelden,8002785,Herrenberg,Baden-Württemberg,Herrenberg,71083,8.862625253,48.59395697,3,2508242231,,2508242232,,h,1,Information,,,,,,,20.0,21.0
-3745751710781721805-2508242146-9,7767,2508242214,,3,,S,,Stuttgart-Vaihingen|Stuttgart-Rohr|Goldberg(Württ)|Böblingen|Hulb|Ehningen(b Böblingen)|Gärtringen|Nufringen,8002785,Herrenberg,Baden-Württemberg,Herrenberg,71083,8.862625253,48.59395697,3,2508242215,,,,,,,,,,,,,1.0,0.0
-7552157599667806188-2508242246-1,7774,,2508242246,,,S,1,,8002785,Herrenberg,Baden-Württemberg,Herrenberg,71083,8.862625253,48.59395697,3,,,2508242246,,,,,,,,,,,0.0,0.0
-6582325097201203790-2508242219-1,22876,,2508242219,,,RB,63,,8002785,Herrenberg,Baden-Württemberg,Herrenberg,71083,8.862625253,48.59395697,3,,,2508242219,,,,,,,,,,,0.0,0.0
8613868310247526629-2508242141-10,22879,2508242211,,102,,RB,,Tübingen Hbf|Tübingen West|Unterjesingen Sandäcker|Unterjesingen Mitte|Pfäffingen|Entringen|Altingen(Württ)|Gültstein|Herrenberg Zwerchweg,8002785,Herrenberg,Baden-Württemberg,Herrenberg,71083,8.862625253,48.59395697,3,2508242211,,,,,,,,,,,,,0.0,0.0
7242506157860768520-2508241937-13,480,2508242211,2508242211,1,,IC,,Zürich HB|Schaffhausen|Singen(Hohentwiel)|Engen|Tuttlingen|Spaichingen|Rottweil|Oberndorf(Neckar)|Sulz(Neckar)|Horb|Bondorf(b Herrenberg)|Gäufelden,8002785,Herrenberg,Baden-Württemberg,Herrenberg,71083,8.862625253,48.59395697,3,2508242231,,2508242232,,h,1,Information,,,,,,,20.0,21.0
6529146617493703402-2508242203-6,7671,2508242220,2508242221,1,,S,6,Weil der Stadt|Malmsheim|Renningen|Rutesheim|Leonberg,8002892,Höfingen,Baden-Württemberg,Leonberg,71229,9.026180834,48.81503436,5,2508242221,,2508242222,,,,,,,,,,,1.0,1.0
6983633546019374877-2508242217-9,7668,2508242239,2508242239,2,,S,6,Stuttgart Hbf|Stuttgart Nord|Stuttgart-Feuerbach|Stuttgart-Zuffenhausen|Neuwirtshaus(Porscheplatz)|Korntal|Weilimdorf|Ditzingen,8002892,Höfingen,Baden-Württemberg,Leonberg,71229,9.026180834,48.81503436,5,2508242239,,2508242239,,,,,,,,,,,0.0,0.0
6737611286015741642-2508242147-9,7666,2508242209,2508242209,2,,S,6,Stuttgart Hbf|Stuttgart Nord|Stuttgart-Feuerbach|Stuttgart-Zuffenhausen|Neuwirtshaus(Porscheplatz)|Korntal|Weilimdorf|Ditzingen,8002892,Höfingen,Baden-Württemberg,Leonberg,71229,9.026180834,48.81503436,5,2508242208,,2508242209,,,,,,,,,,,-1.0,0.0
-8768743806902916019-2508242233-6,7673,2508242250,2508242251,1,,S,6,Weil der Stadt|Malmsheim|Renningen|Rutesheim|Leonberg,8002892,Höfingen,Baden-Württemberg,Leonberg,71229,9.026180834,48.81503436,5,2508242251,,2508242251,,,,,,,,,,,1.0,0.0
-7358812942002748149-2508242216-5,7772,2508242228,2508242228,2,,S,1,Herrenberg|Nufringen|Gärtringen|Ehningen(b Böblingen),8003022,Hulb,Baden-Württemberg,Böblingen-Hulb,71032,8.982396429,48.67924173,5,2508242228,,2508242228,,,,,,,,,,,0.0,0.0
8692377122300507754-2508242216-5,7769,2508242232,2508242232,1,,S,1,Stuttgart-Vaihingen|Stuttgart-Rohr|Goldberg(Württ)|Böblingen,8003022,Hulb,Baden-Württemberg,Böblingen-Hulb,71032,8.982396429,48.67924173,5,2508242232,,2508242233,,,,,,,,,,,0.0,1.0
-3745751710781721805-2508242146-5,7767,2508242202,2508242202,1,,S,1,Stuttgart-Vaihingen|Stuttgart-Rohr|Goldberg(Württ)|Böblingen,8003022,Hulb,Baden-Württemberg,Böblingen-Hulb,71032,8.982396429,48.67924173,5,2508242203,,2508242203,,,,,,,,,,,1.0,1.0
-7552157599667806188-2508242246-5,7774,2508242258,2508242258,2,,S,1,Herrenberg|Nufringen|Gärtringen|Ehningen(b Böblingen),8003022,Hulb,Baden-Württemberg,Böblingen-Hulb,71032,8.982396429,48.67924173,5,2508242258,,2508242258,,,,,,,,,,,0.0,0.0
1753360474053316398-2508242205-7,7969,2508242227,,1,,S,,Stuttgart-Vaihingen|Stuttgart-Rohr|Oberaichen|Leinfelden|Echterdingen|Stuttgart Flughafen/Messe,8001984,Filderstadt,Baden-Württemberg,Filderstadt,70794,9.217581315,48.67649151,5,2508242226,,,,,,,,,,,,,-1.0,0.0
9054264954005564040-2508242233-1,7970,,2508242233,,,S,6,,8001984,Filderstadt,Baden-Württemberg,Filderstadt,70794,9.217581315,48.67649151,5,,,2508242233,,,,,,,,,,,0.0,0.0
338068933768812202-2508242203-1,7968,,2508242203,,,S,2,,8001984,Filderstadt,Baden-Württemberg,Filderstadt,70794,9.217581315,48.67649151,5,,,2508242203,,,,,,,,,,,0.0,0.0
-3981841348437772783-2508242235-7,7971,2508242257,,1,,S,,Stuttgart-Vaihingen|Stuttgart-Rohr|Oberaichen|Leinfelden|Echterdingen|Stuttgart Flughafen/Messe,8001984,Filderstadt,Baden-Württemberg,Filderstadt,70794,9.217581315,48.67649151,5,2508242256,,,,,,,,,,,,,-1.0,0.0
4849862255928168199-2508242207-12,7466,2508242243,2508242243,2,,S,4,Stuttgart Hbf|Stuttgart Nord|Stuttgart-Feuerbach|Stuttgart-Zuffenhausen|Kornwestheim Pbf|Ludwigsburg|Favoritepark|Freiberg(Neckar)|Benningen(Neckar)|Marbach(Neckar)|Erdmannhausen,8003266,Kirchberg (Murr),Baden-Württemberg,Kirchberg an der Murr,71737,9.328210283,48.93928182,6,2508242243,,2508242243,,,,,,,,,,,0.0,0.0
7299889964871884643-2508242203-3,7471,2508242211,2508242214,1,,S,4,Backnang|Burgstall(Murr),8003266,Kirchberg (Murr),Baden-Württemberg,Kirchberg an der Murr,71737,9.328210283,48.93928182,6,2508242212,,2508242214,,,,,,,,,,,1.0,0.0
5680698672680243057-2508242156-13,7168,2508242239,,2,,S,,Stuttgart Hbf|Stuttgart-Bad Cannstatt|Stuttgart-Untertürkheim|Esslingen-Mettingen|Esslingen(Neckar)|Oberesslingen|Esslingen-Zell|Altbach|Plochingen|Wernau(Neckar)|Wendlingen(Neckar)|Kirchheim(Teck)-Ötlingen,8003280,Kirchheim (Teck),Baden-Württemberg,Kirchheim unter Teck,73230,9.443872422,48.64415981,4,2508242238,,,,,,,,,,,,,-1.0,0.0
-5753279830124609145-2508242250-1,7175,,2508242250,,,S,1,,8003280,Kirchheim (Teck),Baden-Württemberg,Kirchheim unter Teck,73230,9.443872422,48.64415981,4,,,2508242250,,,,,,,,,,,0.0,0.0
-3862696523251175756-2508242220-1,7173,,2508242220,,,S,1,,8003280,Kirchheim (Teck),Baden-Württemberg,Kirchheim unter Teck,73230,9.443872422,48.64415981,4,,,2508242220,,,,,,,,,,,0.0,0.0
6090333868698703745-2508242125-13,7166,2508242209,,2,,S,,Stuttgart Hbf|Stuttgart-Bad Cannstatt|Stuttgart-Untertürkheim|Esslingen-Mettingen|Esslingen(Neckar)|Oberesslingen|Esslingen-Zell|Altbach|Plochingen|Wernau(Neckar)|Wendlingen(Neckar)|Kirchheim(Teck)-Ötlingen,8003280,Kirchheim (Teck),Baden-Württemberg,Kirchheim unter Teck,73230,9.443872422,48.64415981,4,2508242212,,,,,,,,,,,,,3.0,0.0
5680698672680243057-2508242156-12,7168,2508242236,2508242237,1,,S,1,Stuttgart Hbf|Stuttgart-Bad Cannstatt|Stuttgart-Untertürkheim|Esslingen-Mettingen|Esslingen(Neckar)|Oberesslingen|Esslingen-Zell|Altbach|Plochingen|Wernau(Neckar)|Wendlingen(Neckar),8003282,Kirchheim (Teck)-Ötlingen,Baden-Württemberg,Kirchheim unter Teck,73230,9.416261302,48.65782388,5,2508242236,,2508242237,,,,,,,,,,,0.0,0.0
-5753279830124609145-2508242250-2,7175,2508242253,2508242253,1,,S,1,Kirchheim(Teck),8003282,Kirchheim (Teck)-Ötlingen,Baden-Württemberg,Kirchheim unter Teck,73230,9.416261302,48.65782388,5,2508242253,,2508242253,,,,,,,,,,,0.0,0.0
-3862696523251175756-2508242220-2,7173,2508242223,2508242223,1,,S,1,Kirchheim(Teck),8003282,Kirchheim (Teck)-Ötlingen,Baden-Württemberg,Kirchheim unter Teck,73230,9.416261302,48.65782388,5,2508242223,,2508242223,,,,,,,,,,,0.0,0.0
6090333868698703745-2508242125-12,7166,2508242206,2508242207,1,,S,1,Stuttgart Hbf|Stuttgart-Bad Cannstatt|Stuttgart-Untertürkheim|Esslingen-Mettingen|Esslingen(Neckar)|Oberesslingen|Esslingen-Zell|Altbach|Plochingen|Wernau(Neckar)|Wendlingen(Neckar),8003282,Kirchheim (Teck)-Ötlingen,Baden-Württemberg,Kirchheim unter Teck,73230,9.416261302,48.65782388,5,2508242209,,2508242210,,,,,,,,,,,3.0,3.0
6529146617493703402-2508242203-9,7671,2508242228,2508242229,3,,S,6,Weil der Stadt|Malmsheim|Renningen|Rutesheim|Leonberg|Höfingen|Ditzingen|Weilimdorf,8003409,Korntal,Baden-Württemberg,Korntal,70825,9.121099128,48.82640246,4,2508242230,,2508242231,,,,,,,,,,,2.0,2.0
-9082024768937792645-2508242205-1,1264,,2508242205,,,WEG,RB47,,8003409,Korntal,Baden-Württemberg,Korntal,70825,9.121099128,48.82640246,4,,,2508242205,,,,,,,,,,,0.0,0.0
6983633546019374877-2508242217-6,7668,2508242231,2508242231,1,,S,6,Stuttgart Hbf|Stuttgart Nord|Stuttgart-Feuerbach|Stuttgart-Zuffenhausen|Neuwirtshaus(Porscheplatz),8003409,Korntal,Baden-Württemberg,Korntal,70825,9.121099128,48.82640246,4,2508242231,,2508242231,,,,,,,,,,,0.0,0.0
6737611286015741642-2508242147-6,7666,2508242201,2508242201,1,,S,6,Stuttgart Hbf|Stuttgart Nord|Stuttgart-Feuerbach|Stuttgart-Zuffenhausen|Neuwirtshaus(Porscheplatz),8003409,Korntal,Baden-Württemberg,Korntal,70825,9.121099128,48.82640246,4,2508242201,,2508242201,,,,,,,,,,,0.0,0.0
-8768743806902916019-2508242233-9,7673,2508242258,2508242259,3,,S,6,Weil der Stadt|Malmsheim|Renningen|Rutesheim|Leonberg|Höfingen|Ditzingen|Weilimdorf,8003409,Korntal,Baden-Württemberg,Korntal,70825,9.121099128,48.82640246,4,2508242259,,2508242300,,,,,,,,,,,1.0,1.0
5804480431382873049-2508242241-5,1271,2508242254,,7,,WEG,,Schwieberdingen|Münchingen|Münchingen Rührberg|Korntal Gymnasium,8003409,Korntal,Baden-Württemberg,Korntal,70825,9.121099128,48.82640246,4,2508242254,,,,,,,,,,,,,0.0,0.0
-2631007370516690844-2508242157-5,7568,2508242210,2508242210,4,,S,5,Stuttgart Hbf|Stuttgart Nord|Stuttgart-Feuerbach|Stuttgart-Zuffenhausen,8003411,Kornwestheim Pbf,Baden-Württemberg,Kornwestheim,70806,9.179967278,48.86215948,3,2508242210,,2508242211,,,,,,,,,,,0.0,1.0
-8362599672178828687-2508242132-7,19338,2508242236,2508242247,5,,MEX,18,Reutlingen Hbf|Metzingen(Württ)|Nürtingen|Wendlingen(Neckar)|Plochingen|Esslingen(Neckar),8003411,Kornwestheim Pbf,Baden-Württemberg,Kornwestheim,70806,9.179967278,48.86215948,3,2508242240,,2508242247,,,,,,,,,,,4.0,0.0
5487749718307029214-2508242227-5,7570,2508242240,2508242240,4,,S,5,Stuttgart Hbf|Stuttgart Nord|Stuttgart-Feuerbach|Stuttgart-Zuffenhausen,8003411,Kornwestheim Pbf,Baden-Württemberg,Kornwestheim,70806,9.179967278,48.86215948,3,2508242240,,2508242240,,,,,,,,,,,0.0,0.0
-9133197457517218638-2508242237-5,7468,2508242250,2508242250,4,,S,4,Stuttgart Hbf|Stuttgart Nord|Stuttgart-Feuerbach|Stuttgart-Zuffenhausen,8003411,Kornwestheim Pbf,Baden-Württemberg,Kornwestheim,70806,9.179967278,48.86215948,3,2508242251,,2508242252,,,,,,,,,,,1.0,2.0
4849862255928168199-2508242207-5,7466,2508242220,2508242220,4,,S,4,Stuttgart Hbf|Stuttgart Nord|Stuttgart-Feuerbach|Stuttgart-Zuffenhausen,8003411,Kornwestheim Pbf,Baden-Württemberg,Kornwestheim,70806,9.179967278,48.86215948,3,2508242220,,2508242220,,,,,,,,,,,0.0,0.0
3766048702884366970-2508242155-6,7469,2508242209,2508242210,3,,S,4,Marbach(Neckar)|Benningen(Neckar)|Freiberg(Neckar)|Favoritepark|Ludwigsburg,8003411,Kornwestheim Pbf,Baden-Württemberg,Kornwestheim,70806,9.179967278,48.86215948,3,2508242211,,2508242211,,,,,,,,,,,2.0,1.0
-8066971989030589510-2508242130-9,19337,2508242213,2508242217,7,,MEX,18,Heilbronn Hbf|Nordheim(Württ)|Lauffen(Neckar)|Kirchheim(Neckar)|Walheim(Württ)|Besigheim|Bietigheim-Bissingen|Ludwigsburg,8003411,Kornwestheim Pbf,Baden-Württemberg,Kornwestheim,70806,9.179967278,48.86215948,3,2508242215,6,2508242217,6,,,,,,,,,,2.0,0.0
7299889964871884643-2508242203-10,7471,2508242239,2508242240,3,,S,4,Backnang|Burgstall(Murr)|Kirchberg(Murr)|Erdmannhausen|Marbach(Neckar)|Benningen(Neckar)|Freiberg(Neckar)|Favoritepark|Ludwigsburg,8003411,Kornwestheim Pbf,Baden-Württemberg,Kornwestheim,70806,9.179967278,48.86215948,3,2508242240,,2508242240,,,,,,,,,,,1.0,0.0
2526364121907765436-2508242237-5,7573,2508242249,2508242250,3,,S,5,Bietigheim-Bissingen|Tamm(Württ)|Asperg|Ludwigsburg,8003411,Kornwestheim Pbf,Baden-Württemberg,Kornwestheim,70806,9.179967278,48.86215948,3,2508242250,,2508242251,,,,,,,,,,,1.0,1.0
1392739293391106860-2508242207-5,7571,2508242219,2508242220,3,,S,5,Bietigheim-Bissingen|Tamm(Württ)|Asperg|Ludwigsburg,8003411,Kornwestheim Pbf,Baden-Württemberg,Kornwestheim,70806,9.179967278,48.86215948,3,2508242220,,2508242220,,,,,,,,,,,1.0,0.0
1753360474053316398-2508242205-4,7969,2508242216,2508242217,1,,S,2,Stuttgart-Vaihingen|Stuttgart-Rohr|Oberaichen,8003622,Leinfelden,Baden-Württemberg,Leinfelden-Echterdingen,70771,9.142859698,48.6964193,4,2508242216,,2508242217,,,,,,,,,,,0.0,0.0
9054264954005564040-2508242233-4,7970,2508242242,2508242243,2,,S,6,Filderstadt|Stuttgart Flughafen/Messe|Echterdingen,8003622,Leinfelden,Baden-Württemberg,Leinfelden-Echterdingen,70771,9.142859698,48.6964193,4,2508242242,,2508242242,,,,,,,,,,,0.0,-1.0
338068933768812202-2508242203-4,7968,2508242212,2508242213,2,,S,2,Filderstadt|Stuttgart Flughafen/Messe|Echterdingen,8003622,Leinfelden,Baden-Württemberg,Leinfelden-Echterdingen,70771,9.142859698,48.6964193,4,2508242212,,2508242213,,,,,,,,,,,0.0,0.0
-3981841348437772783-2508242235-4,7971,2508242246,2508242247,1,,S,2,Stuttgart-Vaihingen|Stuttgart-Rohr|Oberaichen,8003622,Leinfelden,Baden-Württemberg,Leinfelden-Echterdingen,70771,9.142859698,48.6964193,4,2508242246,,2508242247,,,,,,,,,,,0.0,0.0
6529146617493703402-2508242203-5,7671,2508242217,2508242217,1,,S,6,Weil der Stadt|Malmsheim|Renningen|Rutesheim,8003652,Leonberg,Baden-Württemberg,Leonberg,71229,9.004025993,48.79970547,3,2508242217,,2508242218,,,,,,,,,,,0.0,1.0
6983633546019374877-2508242217-10,7668,2508242243,2508242243,2,,S,6,Stuttgart Hbf|Stuttgart Nord|Stuttgart-Feuerbach|Stuttgart-Zuffenhausen|Neuwirtshaus(Porscheplatz)|Korntal|Weilimdorf|Ditzingen|Höfingen,8003652,Leonberg,Baden-Württemberg,Leonberg,71229,9.004025993,48.79970547,3,2508242242,,2508242243,,,,,,,,,,,-1.0,0.0
6737611286015741642-2508242147-10,7666,2508242213,2508242213,2,,S,6,Stuttgart Hbf|Stuttgart Nord|Stuttgart-Feuerbach|Stuttgart-Zuffenhausen|Neuwirtshaus(Porscheplatz)|Korntal|Weilimdorf|Ditzingen|Höfingen,8003652,Leonberg,Baden-Württemberg,Leonberg,71229,9.004025993,48.79970547,3,2508242212,,2508242213,,,,,,,,,,,-1.0,0.0
-8768743806902916019-2508242233-5,7673,2508242247,2508242247,1,,S,6,Weil der Stadt|Malmsheim|Renningen|Rutesheim,8003652,Leonberg,Baden-Württemberg,Leonberg,71229,9.004025993,48.79970547,3,2508242247,,2508242247,,,,,,,,,,,0.0,0.0
-2631007370516690844-2508242157-6,7568,2508242213,2508242214,2,,S,5,Stuttgart Hbf|Stuttgart Nord|Stuttgart-Feuerbach|Stuttgart-Zuffenhausen|Kornwestheim Pbf,8000235,Ludwigsburg,Baden-Württemberg,Ludwigsburg,71638,9.185229823,48.89208622,3,2508242214,,2508242214,,,,,,,,,,,1.0,0.0
-8362599672178828687-2508242132-8,19338,2508242252,2508242253,1,,MEX,18,Reutlingen Hbf|Metzingen(Württ)|Nürtingen|Wendlingen(Neckar)|Plochingen|Esslingen(Neckar)|Kornwestheim Pbf,8000235,Ludwigsburg,Baden-Württemberg,Ludwigsburg,71638,9.185229823,48.89208622,3,2508242251,,2508242253,,,,,,,,,,,-1.0,0.0
5487749718307029214-2508242227-6,7570,2508242243,2508242244,2,,S,5,Stuttgart Hbf|Stuttgart Nord|Stuttgart-Feuerbach|Stuttgart-Zuffenhausen|Kornwestheim Pbf,8000235,Ludwigsburg,Baden-Württemberg,Ludwigsburg,71638,9.185229823,48.89208622,3,2508242243,,2508242244,,,,,,,,,,,0.0,0.0
-9133197457517218638-2508242237-6,7468,2508242253,2508242254,2,,S,4,Stuttgart Hbf|Stuttgart Nord|Stuttgart-Feuerbach|Stuttgart-Zuffenhausen|Kornwestheim Pbf,8000235,Ludwigsburg,Baden-Württemberg,Ludwigsburg,71638,9.185229823,48.89208622,3,2508242255,,2508242256,,,,,,,,,,,2.0,2.0
3301406145435962852-2508242206-4,32889,2508242239,,4,,RE,,Neckarsulm|Heilbronn Hbf|Bietigheim-Bissingen,8000235,Ludwigsburg,Baden-Württemberg,Ludwigsburg,71638,9.185229823,48.89208622,3,2508242239,,,,,,,,,,,,,0.0,0.0
4849862255928168199-2508242207-6,7466,2508242223,2508242224,2,,S,4,Stuttgart Hbf|Stuttgart Nord|Stuttgart-Feuerbach|Stuttgart-Zuffenhausen|Kornwestheim Pbf,8000235,Ludwigsburg,Baden-Württemberg,Ludwigsburg,71638,9.185229823,48.89208622,3,2508242223,,2508242224,,,,,,,,,,,0.0,0.0
3766048702884366970-2508242155-5,7469,2508242206,2508242206,3,,S,4,Marbach(Neckar)|Benningen(Neckar)|Freiberg(Neckar)|Favoritepark,8000235,Ludwigsburg,Baden-Württemberg,Ludwigsburg,71638,9.185229823,48.89208622,3,2508242207,,2508242208,,,,,,,,,,,1.0,2.0
-5430856641950800808-2508242247-2,19582,2508242256,2508242257,1,,MEX,17a,Stuttgart Hbf,8000235,Ludwigsburg,Baden-Württemberg,Ludwigsburg,71638,9.185229823,48.89208622,3,2508242257,,2508242257,,,,,,,,,,,1.0,0.0
-4141083402291480830-2508242114-13,19537,2508242159,2508242200,4,,MEX,17a,Pforzheim Hbf|Eutingen(Baden)|Niefern|Enzberg|Mühlacker|Mühlacker Rößlesweg|Illingen(Württ)|Vaihingen(Enz)|Sersheim|Sachsenheim|Ellental|Bietigheim-Bissingen,8000235,Ludwigsburg,Baden-Württemberg,Ludwigsburg,71638,9.185229823,48.89208622,3,2508242200,,2508242201,,,,,,,,,,,1.0,1.0
-8066971989030589510-2508242130-8,19337,2508242204,2508242207,4,,MEX,18,Heilbronn Hbf|Nordheim(Württ)|Lauffen(Neckar)|Kirchheim(Neckar)|Walheim(Württ)|Besigheim|Bietigheim-Bissingen,8000235,Ludwigsburg,Baden-Württemberg,Ludwigsburg,71638,9.185229823,48.89208622,3,2508242204,,2508242207,,,,,,,,,,,0.0,0.0
7299889964871884643-2508242203-9,7471,2508242236,2508242236,3,,S,4,Backnang|Burgstall(Murr)|Kirchberg(Murr)|Erdmannhausen|Marbach(Neckar)|Benningen(Neckar)|Freiberg(Neckar)|Favoritepark,8000235,Ludwigsburg,Baden-Württemberg,Ludwigsburg,71638,9.185229823,48.89208622,3,2508242236,,2508242237,,,,,,,,,,,0.0,1.0
-4791262767992582053-2508242035-25,19637,2508242159,2508242200,4,,MEX,17c,Bruchsal|Bruchsal Tunnelstraße|Bruchsal Schlachthof|Heidelsheim Nord|Heidelsheim|Helmsheim|Gondelsheim Schlossstadion|Gondelsheim(Baden)|Diedelsheim|Bretten|Bretten Rechberg|Bretten-Ruit|Knittlingen-Kleinvillars|Ölbronn-Dürrn|Maulbronn West|Ötisheim|Mühlacker|Mühlacker Rößlesweg|Illingen(Württ)|Vaihingen(Enz)|Sersheim|Sachsenheim|Ellental|Bietigheim-Bissingen,8000235,Ludwigsburg,Baden-Württemberg,Ludwigsburg,71638,9.185229823,48.89208622,3,2508242200,,2508242201,,,,,,,,,,,1.0,1.0
2526364121907765436-2508242237-4,7573,2508242246,2508242246,3,,S,5,Bietigheim-Bissingen|Tamm(Württ)|Asperg,8000235,Ludwigsburg,Baden-Württemberg,Ludwigsburg,71638,9.185229823,48.89208622,3,2508242247,,2508242248,,,,,,,,,,,1.0,2.0
1392739293391106860-2508242207-4,7571,2508242216,2508242216,3,,S,5,Bietigheim-Bissingen|Tamm(Württ)|Asperg,8000235,Ludwigsburg,Baden-Württemberg,Ludwigsburg,71638,9.185229823,48.89208622,3,2508242216,,2508242217,,,,,,,,,,,0.0,1.0
6529146617493703402-2508242203-2,7671,2508242205,2508242205,2,,S,6,Weil der Stadt,8003831,Malmsheim,Baden-Württemberg,Renningen,71272,8.905105557,48.77183564,5,2508242208,,2508242208,,,,,,,,,,,3.0,3.0
6983633546019374877-2508242217-13,7668,2508242254,2508242254,1,,S,6,Stuttgart Hbf|Stuttgart Nord|Stuttgart-Feuerbach|Stuttgart-Zuffenhausen|Neuwirtshaus(Porscheplatz)|Korntal|Weilimdorf|Ditzingen|Höfingen|Leonberg|Rutesheim|Renningen,8003831,Malmsheim,Baden-Württemberg,Renningen,71272,8.905105557,48.77183564,5,2508242254,,2508242254,,,,,,,,,,,0.0,0.0
6737611286015741642-2508242147-13,7666,2508242224,2508242224,1,,S,6,Stuttgart Hbf|Stuttgart Nord|Stuttgart-Feuerbach|Stuttgart-Zuffenhausen|Neuwirtshaus(Porscheplatz)|Korntal|Weilimdorf|Ditzingen|Höfingen|Leonberg|Rutesheim|Renningen,8003831,Malmsheim,Baden-Württemberg,Renningen,71272,8.905105557,48.77183564,5,2508242224,,2508242224,,,,,,,,,,,0.0,0.0
-8768743806902916019-2508242233-2,7673,2508242235,2508242235,2,,S,6,Weil der Stadt,8003831,Malmsheim,Baden-Württemberg,Renningen,71272,8.905105557,48.77183564,5,2508242235,,2508242237,,,,,,,,,,,0.0,2.0
1545875388134255836-2508242255-1,7473,,2508242255,,,S,4,,8003853,Marbach (Neckar),Baden-Württemberg,Marbach am Neckar,71672,9.264611825,48.9437708,3,,,2508242255,,,,,,,,,,,0.0,0.0
4849862255928168199-2508242207-10,7466,2508242235,2508242238,1,,S,4,Stuttgart Hbf|Stuttgart Nord|Stuttgart-Feuerbach|Stuttgart-Zuffenhausen|Kornwestheim Pbf|Ludwigsburg|Favoritepark|Freiberg(Neckar)|Benningen(Neckar),8003853,Marbach (Neckar),Baden-Württemberg,Marbach am Neckar,71672,9.264611825,48.9437708,3,2508242235,,2508242238,,,,,,,,,,,0.0,0.0
2828988855077273536-2508242137-10,7464,2508242205,,1,,S,,Stuttgart Hbf|Stuttgart Nord|Stuttgart-Feuerbach|Stuttgart-Zuffenhausen|Kornwestheim Pbf|Ludwigsburg|Favoritepark|Freiberg(Neckar)|Benningen(Neckar),8003853,Marbach (Neckar),Baden-Württemberg,Marbach am Neckar,71672,9.264611825,48.9437708,3,2508242205,,,,,,,,,,,,,0.0,0.0
7299889964871884643-2508242203-5,7471,2508242221,2508242225,1,,S,4,Backnang|Burgstall(Murr)|Kirchberg(Murr)|Erdmannhausen,8003853,Marbach (Neckar),Baden-Württemberg,Marbach am Neckar,71672,9.264611825,48.9437708,3,2508242220,,2508242225,,,,,,,,,,,-1.0,0.0
719653834349839228-2508242155-7,7366,2508242214,2508242215,2,,S,3,Fellbach|Waiblingen|Neustadt-Hohenacker|Schwaikheim|Winnenden|Nellmersbach,8003913,Maubach,Baden-Württemberg,Backnang,71522,9.419487062,48.92623463,4,2508242215,,2508242216,,,,,,,,,,,1.0,1.0
4129986010683108750-2508242211-2,7371,2508242213,2508242214,1,,S,3,Backnang,8003913,Maubach,Baden-Württemberg,Backnang,71522,9.419487062,48.92623463,4,2508242214,,2508242214,,,,,,,,,,,1.0,0.0
-494138626573649940-2508242225-7,7368,2508242244,2508242245,2,,S,3,Fellbach|Waiblingen|Neustadt-Hohenacker|Schwaikheim|Winnenden|Nellmersbach,8003913,Maubach,Baden-Württemberg,Backnang,71522,9.419487062,48.92623463,4,2508242245,,2508242245,,,,,,,,,,,1.0,0.0
-2279373399383894760-2508242241-2,7373,2508242243,2508242244,1,,S,3,Backnang,8003913,Maubach,Baden-Württemberg,Backnang,71522,9.419487062,48.92623463,4,2508242243,,2508242244,,,,,,,,,,,0.0,0.0
719653834349839228-2508242155-6,7366,2508242211,2508242212,2,,S,3,Fellbach|Waiblingen|Neustadt-Hohenacker|Schwaikheim|Winnenden,8004233,Nellmersbach,Baden-Württemberg,Leutenbach,71397,9.415421538,48.90336425,5,2508242212,,2508242213,,,,,,,,,,,1.0,1.0
4129986010683108750-2508242211-3,7371,2508242216,2508242216,1,,S,3,Backnang|Maubach,8004233,Nellmersbach,Baden-Württemberg,Leutenbach,71397,9.415421538,48.90336425,5,2508242216,,2508242218,,,,,,,,,,,0.0,2.0
-494138626573649940-2508242225-6,7368,2508242241,2508242242,2,,S,3,Fellbach|Waiblingen|Neustadt-Hohenacker|Schwaikheim|Winnenden,8004233,Nellmersbach,Baden-Württemberg,Leutenbach,71397,9.415421538,48.90336425,5,2508242242,,2508242242,,,,,,,,,,,1.0,0.0
-2279373399383894760-2508242241-3,7373,2508242246,2508242246,1,,S,3,Backnang|Maubach,8004233,Nellmersbach,Baden-Württemberg,Leutenbach,71397,9.415421538,48.90336425,5,2508242246,,2508242246,,,,,,,,,,,0.0,0.0
719653834349839228-2508242155-3,7366,2508242203,2508242203,1,,S,3,Fellbach|Waiblingen,8004333,Neustadt-Hohenacker,Baden-Württemberg,Waiblingen,71336,9.32455106,48.85921668,5,2508242204,,2508242204,,,,,,,,,,,1.0,1.0
4129986010683108750-2508242211-6,7371,2508242225,2508242225,2,,S,3,Backnang|Maubach|Nellmersbach|Winnenden|Schwaikheim,8004333,Neustadt-Hohenacker,Baden-Württemberg,Waiblingen,71336,9.32455106,48.85921668,5,2508242226,,2508242227,,,,,,,,,,,1.0,2.0
-494138626573649940-2508242225-3,7368,2508242233,2508242233,1,,S,3,Fellbach|Waiblingen,8004333,Neustadt-Hohenacker,Baden-Württemberg,Waiblingen,71336,9.32455106,48.85921668,5,2508242233,,2508242234,,,,,,,,,,,0.0,1.0
-2279373399383894760-2508242241-6,7373,2508242255,2508242255,2,,S,3,Backnang|Maubach|Nellmersbach|Winnenden|Schwaikheim,8004333,Neustadt-Hohenacker,Baden-Württemberg,Waiblingen,71336,9.32455106,48.85921668,5,2508242256,,2508242256,,,,,,,,,,,1.0,1.0
6529146617493703402-2508242203-10,7671,2508242231,2508242231,2,,S,6,Weil der Stadt|Malmsheim|Renningen|Rutesheim|Leonberg|Höfingen|Ditzingen|Weilimdorf|Korntal,8004338,Neuwirtshaus (Porscheplatz),Baden-Württemberg,Stuttgart,70435,9.151955614,48.83384734,4,2508242233,,2508242233,,,,,,,,,,,2.0,2.0
6983633546019374877-2508242217-5,7668,2508242228,2508242228,1,,S,6,Stuttgart Hbf|Stuttgart Nord|Stuttgart-Feuerbach|Stuttgart-Zuffenhausen,8004338,Neuwirtshaus (Porscheplatz),Baden-Württemberg,Stuttgart,70435,9.151955614,48.83384734,4,2508242228,,2508242228,,,,,,,,,,,0.0,0.0
5891323909249949515-2508242247-5,7670,2508242258,2508242258,1,,S,6,Stuttgart Hbf|Stuttgart Nord|Stuttgart-Feuerbach|Stuttgart-Zuffenhausen,8004338,Neuwirtshaus (Porscheplatz),Baden-Württemberg,Stuttgart,70435,9.151955614,48.83384734,4,2508242259,,2508242259,,,,,,,,,,,1.0,1.0
-4129909752986717170-2508242133-10,7669,2508242201,2508242201,2,,S,6,Weil der Stadt|Malmsheim|Renningen|Rutesheim|Leonberg|Höfingen|Ditzingen|Weilimdorf|Korntal,8004338,Neuwirtshaus (Porscheplatz),Baden-Württemberg,Stuttgart,70435,9.151955614,48.83384734,4,2508242201,,2508242201,,,,,,,,,,,0.0,0.0
-7358812942002748149-2508242216-2,7772,2508242219,2508242219,2,,S,1,Herrenberg,8004490,Nufringen,Baden-Württemberg,Nufringen,71154,8.889817485,48.62010967,5,2508242219,,2508242219,,,,,,,,,,,0.0,0.0
8692377122300507754-2508242216-8,7769,2508242240,2508242241,1,,S,1,Stuttgart-Vaihingen|Stuttgart-Rohr|Goldberg(Württ)|Böblingen|Hulb|Ehningen(b Böblingen)|Gärtringen,8004490,Nufringen,Baden-Württemberg,Nufringen,71154,8.889817485,48.62010967,5,2508242241,,2508242241,,,,,,,,,,,1.0,0.0
-3745751710781721805-2508242146-8,7767,2508242210,2508242211,1,,S,1,Stuttgart-Vaihingen|Stuttgart-Rohr|Goldberg(Württ)|Böblingen|Hulb|Ehningen(b Böblingen)|Gärtringen,8004490,Nufringen,Baden-Württemberg,Nufringen,71154,8.889817485,48.62010967,5,2508242211,,2508242212,,,,,,,,,,,1.0,1.0
-7552157599667806188-2508242246-2,7774,2508242249,2508242249,2,,S,1,Herrenberg,8004490,Nufringen,Baden-Württemberg,Nufringen,71154,8.889817485,48.62010967,5,2508242249,,2508242250,,,,,,,,,,,0.0,1.0
1753360474053316398-2508242205-3,7969,2508242214,2508242214,1,,S,2,Stuttgart-Vaihingen|Stuttgart-Rohr,8004496,Oberaichen,Baden-Württemberg,Leinfelden-Echterdingen,70771,9.12743664,48.70512422,5,2508242214,,2508242215,,,,,,,,,,,0.0,1.0
9054264954005564040-2508242233-5,7970,2508242245,2508242245,2,,S,6,Filderstadt|Stuttgart Flughafen/Messe|Echterdingen|Leinfelden,8004496,Oberaichen,Baden-Württemberg,Leinfelden-Echterdingen,70771,9.12743664,48.70512422,5,2508242244,,2508242245,,,,,,,,,,,-1.0,0.0
338068933768812202-2508242203-5,7968,2508242215,2508242215,2,,S,2,Filderstadt|Stuttgart Flughafen/Messe|Echterdingen|Leinfelden,8004496,Oberaichen,Baden-Württemberg,Leinfelden-Echterdingen,70771,9.12743664,48.70512422,5,2508242214,,2508242215,,,,,,,,,,,-1.0,0.0
-3981841348437772783-2508242235-3,7971,2508242244,2508242244,1,,S,2,Stuttgart-Vaihingen|Stuttgart-Rohr,8004496,Oberaichen,Baden-Württemberg,Leinfelden-Echterdingen,70771,9.12743664,48.70512422,5,2508242244,,2508242244,,,,,,,,,,,0.0,0.0
5680698672680243057-2508242156-6,7168,2508242214,2508242214,4,,S,1,Stuttgart Hbf|Stuttgart-Bad Cannstatt|Stuttgart-Untertürkheim|Esslingen-Mettingen|Esslingen(Neckar),8004528,Oberesslingen,Baden-Württemberg,Esslingen am Neckar,73730,9.327277435,48.72983585,3,2508242216,,2508242216,,,,,,,,,,,2.0,2.0
-8289701104022316843-2508242225-6,7170,2508242244,2508242244,4,,S,1,Stuttgart Hbf|Stuttgart-Bad Cannstatt|Stuttgart-Untertürkheim|Esslingen-Mettingen|Esslingen(Neckar),8004528,Oberesslingen,Baden-Württemberg,Esslingen am Neckar,73730,9.327277435,48.72983585,3,2508242248,,2508242249,,,,,,,,,,,4.0,5.0
-3862696523251175756-2508242220-8,7173,2508242242,2508242242,3,,S,1,Kirchheim(Teck)|Kirchheim(Teck)-Ötlingen|Wendlingen(Neckar)|Wernau(Neckar)|Plochingen|Altbach|Esslingen-Zell,8004528,Oberesslingen,Baden-Württemberg,Esslingen am Neckar,73730,9.327277435,48.72983585,3,2508242243,,2508242243,,,,,,,,,,,1.0,1.0
1733518000541873569-2508242150-8,7171,2508242212,2508242212,3,,S,1,Kirchheim(Teck)|Kirchheim(Teck)-Ötlingen|Wendlingen(Neckar)|Wernau(Neckar)|Plochingen|Altbach|Esslingen-Zell,8004528,Oberesslingen,Baden-Württemberg,Esslingen am Neckar,73730,9.327277435,48.72983585,3,2508242212,,2508242213,,,,,,,,,,,0.0,1.0
-5817186544206204327-2508242146-19,19180,2508242256,2508242257,1,,MEX,16,Ulm Hbf|Beimerstetten|Westerstetten|Lonsee|Urspring|Amstetten(Württ)|Geislingen(Steige)|Geislingen(Steige)West|Kuchen|Gingen(Fils)|Süßen|Salach|Eislingen(Fils)|Göppingen|Faurndau|Uhingen|Ebersbach(Fils)|Reichenbach(Fils),8000302,Plochingen,Baden-Württemberg,Plochingen,73207,9.411294578,48.71293906,2,2508242255,,2508242257,,,,,,,,,,,-1.0,0.0
5680698672680243057-2508242156-9,7168,2508242222,2508242225,9,,S,1,Stuttgart Hbf|Stuttgart-Bad Cannstatt|Stuttgart-Untertürkheim|Esslingen-Mettingen|Esslingen(Neckar)|Oberesslingen|Esslingen-Zell|Altbach,8000302,Plochingen,Baden-Württemberg,Plochingen,73207,9.411294578,48.71293906,2,2508242224,,2508242225,,,,,,,,,,,2.0,0.0
-6456023021115123731-2508242235-1,19179,,2508242235,,,MEX,16,,8000302,Plochingen,Baden-Württemberg,Plochingen,73207,9.411294578,48.71293906,2,,,2508242235,3,,,,,,,,,,0.0,0.0
-8362599672178828687-2508242132-5,19338,2508242212,2508242212,6,,MEX,18,Reutlingen Hbf|Metzingen(Württ)|Nürtingen|Wendlingen(Neckar),8000302,Plochingen,Baden-Württemberg,Plochingen,73207,9.411294578,48.71293906,2,2508242215,,2508242216,,,,,,,,,,,3.0,4.0
-7053595867515891340-2508242142-4,19177,2508242200,2508242200,4,,MEX,16,Stuttgart Hbf|Stuttgart-Bad Cannstatt|Esslingen(Neckar),8000302,Plochingen,Baden-Württemberg,Plochingen,73207,9.411294578,48.71293906,2,2508242206,,2508242206,,,,,,,,,,,6.0,6.0
212040542275504380-2508242152-4,19361,2508242211,2508242212,7,,MEX,12,Stuttgart Hbf|Stuttgart-Bad Cannstatt|Esslingen(Neckar),8000302,Plochingen,Baden-Württemberg,Plochingen,73207,9.411294578,48.71293906,2,2508242215,9,2508242215,9,,,,,,,,,,4.0,3.0
-8289701104022316843-2508242225-9,7170,2508242252,2508242255,9,,S,1,Stuttgart Hbf|Stuttgart-Bad Cannstatt|Stuttgart-Untertürkheim|Esslingen-Mettingen|Esslingen(Neckar)|Oberesslingen|Esslingen-Zell|Altbach,8000302,Plochingen,Baden-Württemberg,Plochingen,73207,9.411294578,48.71293906,2,2508242256,,2508242257,,,,,,,,,,,4.0,2.0
-3862696523251175756-2508242220-5,7173,2508242234,2508242235,9,,S,1,Kirchheim(Teck)|Kirchheim(Teck)-Ötlingen|Wendlingen(Neckar)|Wernau(Neckar),8000302,Plochingen,Baden-Württemberg,Plochingen,73207,9.411294578,48.71293906,2,2508242236,,2508242236,,,,,,,,,,,2.0,1.0
-3070839725237251293-2508242148-13,19178,2508242228,,1,,MEX,,Geislingen(Steige)|Geislingen(Steige)West|Kuchen|Gingen(Fils)|Süßen|Salach|Eislingen(Fils)|Göppingen|Faurndau|Uhingen|Ebersbach(Fils)|Reichenbach(Fils),8000302,Plochingen,Baden-Württemberg,Plochingen,73207,9.411294578,48.71293906,2,2508242229,3,,,,,,,,,,,,1.0,0.0
1733518000541873569-2508242150-5,7171,2508242204,2508242205,9,,S,1,Kirchheim(Teck)|Kirchheim(Teck)-Ötlingen|Wendlingen(Neckar)|Wernau(Neckar),8000302,Plochingen,Baden-Württemberg,Plochingen,73207,9.411294578,48.71293906,2,2508242206,,2508242206,,,,,,,,,,,2.0,1.0
4477282455079073780-2508242003-11,4232,2508242202,2508242203,1,,RE,5,Friedrichshafen Stadt|Meckenbeuren|Ravensburg|Aulendorf|Bad Schussenried|Biberach(Riß)|Laupheim West|Ulm Hbf|Geislingen(Steige)|Göppingen,8000302,Plochingen,Baden-Württemberg,Plochingen,73207,9.411294578,48.71293906,2,2508242202,,2508242203,,h,2,Bauarbeiten,,,,,,,0.0,0.0
-8538016055278338549-2508242216-7,19360,2508242247,2508242248,6,,MEX,12,Reutlingen Hbf|Metzingen(Württ)|Bempflingen|Nürtingen|Oberboihingen|Wendlingen(Neckar),8000302,Plochingen,Baden-Württemberg,Plochingen,73207,9.411294578,48.71293906,2,2508242247,,2508242248,,c,,,,,,,,,0.0,0.0
-8066971989030589510-2508242130-11,19337,2508242242,2508242245,9,,MEX,18,Heilbronn Hbf|Nordheim(Württ)|Lauffen(Neckar)|Kirchheim(Neckar)|Walheim(Württ)|Besigheim|Bietigheim-Bissingen|Ludwigsburg|Kornwestheim Pbf|Esslingen(Neckar),8000302,Plochingen,Baden-Württemberg,Plochingen,73207,9.411294578,48.71293906,2,2508242242,,2508242245,,,,,,,,,,,0.0,0.0
7370415767715540984-2508242239-3,4237,2508242255,2508242256,4,,RE,5,Stuttgart Hbf|Esslingen(Neckar),8000302,Plochingen,Baden-Württemberg,Plochingen,73207,9.411294578,48.71293906,2,2508242256,,2508242257,,h,2,Bauarbeiten,,,,,,,1.0,1.0
6529146617493703402-2508242203-3,7671,2508242207,2508242211,2,,S,6,Weil der Stadt|Malmsheim,8000313,Renningen,Baden-Württemberg,Renningen,71272,8.932650148,48.77515509,3,2508242210,,2508242211,,,,,,,,,,,3.0,0.0
1355245828663087033-2508242204-7,7069,2508242220,,2,,S,,Böblingen|Sindelfingen|Maichingen|Maichingen Nord|Magstadt|Renningen Süd,8000313,Renningen,Baden-Württemberg,Renningen,71272,8.932650148,48.77515509,3,2508242221,,,,,,,,,,,,,1.0,0.0
3179948115805207944-2508242239-1,7072,,2508242239,,,S,60,,8000313,Renningen,Baden-Württemberg,Renningen,71272,8.932650148,48.77515509,3,,,2508242240,,,,,,,,,,,0.0,1.0
6983633546019374877-2508242217-12,7668,2508242249,2508242252,3,,S,6,Stuttgart Hbf|Stuttgart Nord|Stuttgart-Feuerbach|Stuttgart-Zuffenhausen|Neuwirtshaus(Porscheplatz)|Korntal|Weilimdorf|Ditzingen|Höfingen|Leonberg|Rutesheim,8000313,Renningen,Baden-Württemberg,Renningen,71272,8.932650148,48.77515509,3,2508242248,,2508242252,,,,,,,,,,,-1.0,0.0
6737611286015741642-2508242147-12,7666,2508242219,2508242222,3,,S,6,Stuttgart Hbf|Stuttgart Nord|Stuttgart-Feuerbach|Stuttgart-Zuffenhausen|Neuwirtshaus(Porscheplatz)|Korntal|Weilimdorf|Ditzingen|Höfingen|Leonberg|Rutesheim,8000313,Renningen,Baden-Württemberg,Renningen,71272,8.932650148,48.77515509,3,2508242218,,2508242222,,,,,,,,,,,-1.0,0.0
638916155102202133-2508242209-1,7070,,2508242209,,,S,60,,8000313,Renningen,Baden-Württemberg,Renningen,71272,8.932650148,48.77515509,3,,,2508242211,,,,,,,,,,,0.0,2.0
-6377144391840629397-2508242234-7,7071,2508242250,,2,,S,,Böblingen|Sindelfingen|Maichingen|Maichingen Nord|Magstadt|Renningen Süd,8000313,Renningen,Baden-Württemberg,Renningen,71272,8.932650148,48.77515509,3,2508242250,,,,,,,,,,,,,0.0,0.0
-8768743806902916019-2508242233-3,7673,2508242237,2508242241,2,,S,6,Weil der Stadt|Malmsheim,8000313,Renningen,Baden-Württemberg,Renningen,71272,8.932650148,48.77515509,3,2508242238,,2508242241,,,,,,,,,,,1.0,0.0
-4551028339435730742-2508242220-5,7268,2508242237,2508242237,1,,S,2,Stuttgart Hbf|Stuttgart-Bad Cannstatt|Fellbach|Waiblingen,8005157,Rommelshausen,Baden-Württemberg,Kernen,71394,9.319175885,48.81552017,4,2508242237,,2508242238,,,,,,,,,,,0.0,1.0
-6309040329427903805-2508242233-9,7273,2508242251,2508242252,2,,S,2,Schorndorf|Weiler(Rems)|Winterbach(b Schorndorf)|Geradstetten|Grunbach|Beutelsbach|Endersbach|Stetten-Beinstein,8005157,Rommelshausen,Baden-Württemberg,Kernen,71394,9.319175885,48.81552017,4,2508242253,,2508242254,,,,,,,,,,,2.0,2.0
-6294731278479900645-2508242150-5,7266,2508242207,2508242207,1,,S,2,Stuttgart Hbf|Stuttgart-Bad Cannstatt|Fellbach|Waiblingen,8005157,Rommelshausen,Baden-Württemberg,Kernen,71394,9.319175885,48.81552017,4,2508242207,,2508242207,,,,,,,,,,,0.0,0.0
1678705542121602631-2508242203-9,7271,2508242221,2508242222,2,,S,2,Schorndorf|Weiler(Rems)|Winterbach(b Schorndorf)|Geradstetten|Grunbach|Beutelsbach|Endersbach|Stetten-Beinstein,8005157,Rommelshausen,Baden-Württemberg,Kernen,71394,9.319175885,48.81552017,4,2508242222,,2508242223,,,,,,,,,,,1.0,1.0
6529146617493703402-2508242203-4,7671,2508242213,2508242214,1,,S,6,Weil der Stadt|Malmsheim|Renningen,8005236,Rutesheim,Baden-Württemberg,Leonberg,71229,8.960325242,48.79031093,5,2508242214,,2508242214,,,,,,,,,,,1.0,0.0
6983633546019374877-2508242217-11,7668,2508242246,2508242246,2,,S,6,Stuttgart Hbf|Stuttgart Nord|Stuttgart-Feuerbach|Stuttgart-Zuffenhausen|Neuwirtshaus(Porscheplatz)|Korntal|Weilimdorf|Ditzingen|Höfingen|Leonberg,8005236,Rutesheim,Baden-Württemberg,Leonberg,71229,8.960325242,48.79031093,5,2508242246,,2508242246,,,,,,,,,,,0.0,0.0
6737611286015741642-2508242147-11,7666,2508242216,2508242216,2,,S,6,Stuttgart Hbf|Stuttgart Nord|Stuttgart-Feuerbach|Stuttgart-Zuffenhausen|Neuwirtshaus(Porscheplatz)|Korntal|Weilimdorf|Ditzingen|Höfingen|Leonberg,8005236,Rutesheim,Baden-Württemberg,Leonberg,71229,8.960325242,48.79031093,5,2508242216,,2508242216,,,,,,,,,,,0.0,0.0
-8768743806902916019-2508242233-4,7673,2508242243,2508242244,1,,S,6,Weil der Stadt|Malmsheim|Renningen,8005236,Rutesheim,Baden-Württemberg,Leonberg,71229,8.960325242,48.79031093,5,2508242244,,2508242244,,,,,,,,,,,1.0,0.0
-4551028339435730742-2508242220-13,7268,2508242255,,14,,S,,Stuttgart Hbf|Stuttgart-Bad Cannstatt|Fellbach|Waiblingen|Rommelshausen|Stetten-Beinstein|Endersbach|Beutelsbach|Grunbach|Geradstetten|Winterbach(b Schorndorf)|Weiler(Rems),8005424,Schorndorf,Baden-Württemberg,Schorndorf,73614,9.525686251,48.80693898,3,2508242256,,,,,,,,,,,,,1.0,0.0
-6309040329427903805-2508242233-1,7273,,2508242233,,,S,2,,8005424,Schorndorf,Baden-Württemberg,Schorndorf,73614,9.525686251,48.80693898,3,,,2508242236,,,,,,,,,,,0.0,3.0
-6294731278479900645-2508242150-13,7266,2508242225,,1,,S,,Stuttgart Hbf|Stuttgart-Bad Cannstatt|Fellbach|Waiblingen|Rommelshausen|Stetten-Beinstein|Endersbach|Beutelsbach|Grunbach|Geradstetten|Winterbach(b Schorndorf)|Weiler(Rems),8005424,Schorndorf,Baden-Württemberg,Schorndorf,73614,9.525686251,48.80693898,3,2508242226,,,,,,,,,,,,,1.0,0.0
6606614962610107681-2508242113-15,19488,2508242213,2508242214,3,,MEX,13,Ellwangen|Schrezheim|Schwabsberg|Goldshöfe|Hofen(b Aalen)|Wasseralfingen|Aalen Hbf|Mögglingen(Gmünd)|Böbingen(Rems)|Schwäbisch Gmünd|Lorch(Württ)|Waldhausen(b Schorndorf)|Plüderhausen|Urbach(b Schorndorf),8005424,Schorndorf,Baden-Württemberg,Schorndorf,73614,9.525686251,48.80693898,3,2508242214,,2508242214,,,,,,,,,,,1.0,0.0
1526980382738202010-2508242138-17,19442,2508242256,2508242257,3,,MEX,13,Crailsheim|Jagstzell|Ellwangen|Schrezheim|Schwabsberg|Goldshöfe|Hofen(b Aalen)|Wasseralfingen|Aalen Hbf|Mögglingen(Gmünd)|Böbingen(Rems)|Schwäbisch Gmünd|Lorch(Württ)|Waldhausen(b Schorndorf)|Plüderhausen|Urbach(b Schorndorf),8005424,Schorndorf,Baden-Württemberg,Schorndorf,73614,9.525686251,48.80693898,3,2508242303,,2508242304,,,,,,,,,,,7.0,7.0
1678705542121602631-2508242203-1,7271,,2508242203,,,S,2,,8005424,Schorndorf,Baden-Württemberg,Schorndorf,73614,9.525686251,48.80693898,3,,,2508242203,,,,,,,,,,,0.0,0.0
-7851013601441067832-2508242202-3,19686,2508242228,2508242229,3,,RE,1,Aalen Hbf|Schwäbisch Gmünd,8005424,Schorndorf,Baden-Württemberg,Schorndorf,73614,9.525686251,48.80693898,3,2508242233,,2508242234,,,,,,,,,,,5.0,5.0
-5238053827709766900-2508242238-2,19487,2508242243,2508242244,2,,MEX,13,Grunbach,8005424,Schorndorf,Baden-Württemberg,Schorndorf,73614,9.525686251,48.80693898,3,2508242244,,2508242245,,,,,,,,,,,1.0,1.0
719653834349839228-2508242155-4,7366,2508242206,2508242206,2,,S,3,Fellbach|Waiblingen|Neustadt-Hohenacker,8005454,Schwaikheim,Baden-Württemberg,Schwaikheim,71409,9.354747358,48.86832665,4,2508242206,,2508242207,,,,,,,,,,,0.0,1.0
4129986010683108750-2508242211-5,7371,2508242222,2508242223,1,,S,3,Backnang|Maubach|Nellmersbach|Winnenden,8005454,Schwaikheim,Baden-Württemberg,Schwaikheim,71409,9.354747358,48.86832665,4,2508242224,,2508242224,,,,,,,,,,,2.0,1.0
-494138626573649940-2508242225-4,7368,2508242236,2508242236,2,,S,3,Fellbach|Waiblingen|Neustadt-Hohenacker,8005454,Schwaikheim,Baden-Württemberg,Schwaikheim,71409,9.354747358,48.86832665,4,2508242236,,2508242236,,,,,,,,,,,0.0,0.0
-2279373399383894760-2508242241-5,7373,2508242252,2508242253,1,,S,3,Backnang|Maubach|Nellmersbach|Winnenden,8005454,Schwaikheim,Baden-Württemberg,Schwaikheim,71409,9.354747358,48.86832665,4,2508242253,,2508242253,,,,,,,,,,,1.0,0.0
1355245828663087033-2508242204-2,7069,2508242206,2508242207,1,,S,60,Böblingen,8005574,Sindelfingen,Baden-Württemberg,Sindelfingen,71063,8.999262079,48.70387346,6,2508242207,,2508242207,,,,,,,,,,,1.0,0.0
3179948115805207944-2508242239-6,7072,2508242252,2508242253,1,,S,60,Renningen|Renningen Süd|Magstadt|Maichingen Nord|Maichingen,8005574,Sindelfingen,Baden-Württemberg,Sindelfingen,71063,8.999262079,48.70387346,6,2508242253,,2508242253,,,,,,,,,,,1.0,0.0
638916155102202133-2508242209-6,7070,2508242222,2508242223,1,,S,60,Renningen|Renningen Süd|Magstadt|Maichingen Nord|Maichingen,8005574,Sindelfingen,Baden-Württemberg,Sindelfingen,71063,8.999262079,48.70387346,6,2508242224,,2508242224,,,,,,,,,,,2.0,1.0
-6377144391840629397-2508242234-2,7071,2508242236,2508242237,1,,S,60,Böblingen,8005574,Sindelfingen,Baden-Württemberg,Sindelfingen,71063,8.999262079,48.70387346,6,2508242236,,2508242237,,,,,,,,,,,0.0,0.0
-4551028339435730742-2508242220-6,7268,2508242239,2508242239,1,,S,2,Stuttgart Hbf|Stuttgart-Bad Cannstatt|Fellbach|Waiblingen|Rommelshausen,8005726,Stetten-Beinstein,Baden-Württemberg,Weinstadt,71384,9.352769725,48.81199601,5,2508242240,,2508242239,,,,,,,,,,,1.0,0.0
-6309040329427903805-2508242233-8,7273,2508242249,2508242249,2,,S,2,Schorndorf|Weiler(Rems)|Winterbach(b Schorndorf)|Geradstetten|Grunbach|Beutelsbach|Endersbach,8005726,Stetten-Beinstein,Baden-Württemberg,Weinstadt,71384,9.352769725,48.81199601,5,2508242251,,2508242251,,,,,,,,,,,2.0,2.0
-6294731278479900645-2508242150-6,7266,2508242209,2508242209,1,,S,2,Stuttgart Hbf|Stuttgart-Bad Cannstatt|Fellbach|Waiblingen|Rommelshausen,8005726,Stetten-Beinstein,Baden-Württemberg,Weinstadt,71384,9.352769725,48.81199601,5,2508242209,,2508242210,,,,,,,,,,,0.0,1.0
1678705542121602631-2508242203-8,7271,2508242219,2508242219,2,,S,2,Schorndorf|Weiler(Rems)|Winterbach(b Schorndorf)|Geradstetten|Grunbach|Beutelsbach|Endersbach,8005726,Stetten-Beinstein,Baden-Württemberg,Weinstadt,71384,9.352769725,48.81199601,5,2508242219,,2508242220,,,,,,,,,,,0.0,1.0
-4551028339435730742-2508242220-1,7268,,2508242220,,,S,2,,8000096,Stuttgart Hbf,Baden-Württemberg,Stuttgart,70173,9.183172973,48.78473069,1,,,2508242220,,,,,,,,,,,0.0,0.0
1167271579957131773-2508242206-6,19033,2508242259,,13,,RE,,Karlsruhe Hbf|Karlsruhe-Durlach|Pforzheim Hbf|Mühlacker|Vaihingen(Enz),8000096,Stuttgart Hbf,Baden-Württemberg,Stuttgart,70173,9.183172973,48.78473069,1,2508242300,15,,,,,,,,,,,,1.0,0.0
6529146617493703402-2508242203-14,7671,2508242245,,1,,S,,Weil der Stadt|Malmsheim|Renningen|Rutesheim|Leonberg|Höfingen|Ditzingen|Weilimdorf|Korntal|Neuwirtshaus(Porscheplatz)|Stuttgart-Zuffenhausen|Stuttgart-Feuerbach|Stuttgart Nord,8000096,Stuttgart Hbf,Baden-Württemberg,Stuttgart,70173,9.183172973,48.78473069,1,2508242247,,,,,,,,,,,,,2.0,0.0
-2978407534868993345-2508242122-12,19440,2508242226,,9,,MEX,,Aalen Hbf|Mögglingen(Gmünd)|Böbingen(Rems)|Schwäbisch Gmünd|Lorch(Württ)|Waldhausen(b Schorndorf)|Plüderhausen|Urbach(b Schorndorf)|Schorndorf|Waiblingen|Stuttgart-Bad Cannstatt,8000096,Stuttgart Hbf,Baden-Württemberg,Stuttgart,70173,9.183172973,48.78473069,1,2508242229,,,,,,,,,,,,,3.0,0.0
-5425302918995479956-2508241529-12,615,2508242208,2508242214,16,,ICE,,Hamburg-Altona|Hamburg Dammtor|Hamburg Hbf|Hamburg-Harburg|Bremen Hbf|Osnabrück Hbf|Münster(Westf)Hbf|Düsseldorf Hbf|Köln Hbf|Frankfurt(M) Flughafen Fernbf|Mannheim Hbf,8000096,Stuttgart Hbf,Baden-Württemberg,Stuttgart,70173,9.183172973,48.78473069,1,2508242209,,2508242215,,,,,,,,,,,1.0,1.0
-102199230428586090-2508242213-1,17677,,2508242213,,,RB,14a,,8000096,Stuttgart Hbf,Baden-Württemberg,Stuttgart,70173,9.183172973,48.78473069,1,,,2508242216,,h,2,Bauarbeiten,,,,,,,0.0,3.0
-7473076869282740427-2508242035-13,50480,2508242243,,5,,RE,,Singen(Hohentwiel)|Engen|Tuttlingen|Spaichingen|Rottweil|Oberndorf(Neckar)|Sulz(Neckar)|Horb|Bondorf(b Herrenberg)|Gäufelden|Herrenberg|Böblingen,8000096,Stuttgart Hbf,Baden-Württemberg,Stuttgart,70173,9.183172973,48.78473069,1,2508242303,,,,h,1,Information,,,,,,,20.0,0.0
-4954362812005509856-2508242259-1,17561,,2508242259,,,MEX,90,,8000096,Stuttgart Hbf,Baden-Württemberg,Stuttgart,70173,9.183172973,48.78473069,1,,,2508242259,13,h,2,Information,,,,,,,0.0,0.0
-2344980071254063452-2508242250-1,7270,,2508242250,,,S,2,,8000096,Stuttgart Hbf,Baden-Württemberg,Stuttgart,70173,9.183172973,48.78473069,1,,,2508242250,,,,,,,,,,,0.0,0.0
5487749718307029214-2508242227-1,7570,,2508242227,,,S,5,,8000096,Stuttgart Hbf,Baden-Württemberg,Stuttgart,70173,9.183172973,48.78473069,1,,,2508242227,,,,,,,,,,,0.0,0.0
-9133197457517218638-2508242237-1,7468,,2508242237,,,S,4,,8000096,Stuttgart Hbf,Baden-Württemberg,Stuttgart,70173,9.183172973,48.78473069,1,,,2508242240,,,,,,,,,,,0.0,3.0
6983633546019374877-2508242217-1,7668,,2508242217,,,S,6,,8000096,Stuttgart Hbf,Baden-Württemberg,Stuttgart,70173,9.183172973,48.78473069,1,,,2508242217,,,,,,,,,,,0.0,0.0
1678705542121602631-2508242203-13,7271,2508242240,,3,,S,,Schorndorf|Weiler(Rems)|Winterbach(b Schorndorf)|Geradstetten|Grunbach|Beutelsbach|Endersbach|Stetten-Beinstein|Rommelshausen|Waiblingen|Fellbach|Stuttgart-Bad Cannstatt,8000096,Stuttgart Hbf,Baden-Württemberg,Stuttgart,70173,9.183172973,48.78473069,1,2508242239,,,,,,,,,,,,,-1.0,0.0
-3661735359450834382-2508242137-9,7569,2508242205,,1,,S,,Bietigheim-Bissingen|Tamm(Württ)|Asperg|Ludwigsburg|Kornwestheim Pbf|Stuttgart-Zuffenhausen|Stuttgart-Feuerbach|Stuttgart Nord,8000096,Stuttgart Hbf,Baden-Württemberg,Stuttgart,70173,9.183172973,48.78473069,1,2508242205,,,,,,,,,,,,,0.0,0.0
7728894302386239063-2508242252-1,19367,,2508242252,,,MEX,12,,8000096,Stuttgart Hbf,Baden-Württemberg,Stuttgart,70173,9.183172973,48.78473069,1,,,2508242254,10,,,,,,,,,,0.0,2.0
5891323909249949515-2508242247-1,7670,,2508242247,,,S,6,,8000096,Stuttgart Hbf,Baden-Württemberg,Stuttgart,70173,9.183172973,48.78473069,1,,,2508242247,,,,,,,,,,,0.0,0.0
4849862255928168199-2508242207-1,7466,,2508242207,,,S,4,,8000096,Stuttgart Hbf,Baden-Württemberg,Stuttgart,70173,9.183172973,48.78473069,1,,,2508242207,,,,,,,,,,,0.0,0.0
3766048702884366970-2508242155-10,7469,2508242225,,1,,S,,Marbach(Neckar)|Benningen(Neckar)|Freiberg(Neckar)|Favoritepark|Ludwigsburg|Kornwestheim Pbf|Stuttgart-Zuffenhausen|Stuttgart-Feuerbach|Stuttgart Nord,8000096,Stuttgart Hbf,Baden-Württemberg,Stuttgart,70173,9.183172973,48.78473069,1,2508242225,,,,,,,,,,,,,0.0,0.0
-8289701104022316843-2508242225-1,7170,,2508242225,,,S,1,,8000096,Stuttgart Hbf,Baden-Württemberg,Stuttgart,70173,9.183172973,48.78473069,1,,,2508242225,,,,,,,,,,,0.0,0.0
-7851013601441067832-2508242202-4,19686,2508242250,2508242313,10,,RE,1,Aalen Hbf|Schwäbisch Gmünd|Schorndorf,8000096,Stuttgart Hbf,Baden-Württemberg,Stuttgart,70173,9.183172973,48.78473069,1,2508242253,8,2508242313,8,,,,,,,,,p,3.0,0.0
-5430856641950800808-2508242247-1,19582,,2508242247,,,MEX,17a,,8000096,Stuttgart Hbf,Baden-Württemberg,Stuttgart,70173,9.183172973,48.78473069,1,,,2508242248,,,,,,,,,,,0.0,1.0
-6102362791874632686-2508242105-5,2169,2508242202,,12,,IC,,Karlsruhe Hbf|Pforzheim Hbf|Mühlacker|Vaihingen(Enz),8000096,Stuttgart Hbf,Baden-Württemberg,Stuttgart,70173,9.183172973,48.78473069,1,2508242206,,,,h,2,Information,,,,,,,4.0,0.0
3487538040136817378-2508242232-1,19034,,2508242232,,,RE,1,,8000096,Stuttgart Hbf,Baden-Württemberg,Stuttgart,70173,9.183172973,48.78473069,1,,,2508242234,11,,,,,,,,,,0.0,2.0
2890455660221075834-2508242133-13,7269,2508242210,,3,,S,,Schorndorf|Weiler(Rems)|Winterbach(b Schorndorf)|Geradstetten|Grunbach|Beutelsbach|Endersbach|Stetten-Beinstein|Rommelshausen|Waiblingen|Fellbach|Stuttgart-Bad Cannstatt,8000096,Stuttgart Hbf,Baden-Württemberg,Stuttgart,70173,9.183172973,48.78473069,1,2508242212,,,,,,,,,,,,,2.0,0.0
-3011188424747458948-2508242257-1,7572,,2508242257,,,S,5,,8000096,Stuttgart Hbf,Baden-Württemberg,Stuttgart,70173,9.183172973,48.78473069,1,,,2508242257,,,,,,,,,,,0.0,0.0
1733518000541873569-2508242150-15,7171,2508242232,,4,,S,,Kirchheim(Teck)|Kirchheim(Teck)-Ötlingen|Wendlingen(Neckar)|Wernau(Neckar)|Plochingen|Altbach|Esslingen-Zell|Oberesslingen|Esslingen(Neckar)|Esslingen-Mettingen|Stuttgart-Obertürkheim|Stuttgart-Untertürkheim|Stuttgart Neckarpark|Stuttgart-Bad Cannstatt,8000096,Stuttgart Hbf,Baden-Württemberg,Stuttgart,70173,9.183172973,48.78473069,1,2508242236,,,,,,,,,,,,,4.0,0.0
-1445914617040136913-2508242120-15,7169,2508242202,,4,,S,,Kirchheim(Teck)|Kirchheim(Teck)-Ötlingen|Wendlingen(Neckar)|Wernau(Neckar)|Plochingen|Altbach|Esslingen-Zell|Oberesslingen|Esslingen(Neckar)|Esslingen-Mettingen|Stuttgart-Obertürkheim|Stuttgart-Untertürkheim|Stuttgart Neckarpark|Stuttgart-Bad Cannstatt,8000096,Stuttgart Hbf,Baden-Württemberg,Stuttgart,70173,9.183172973,48.78473069,1,2508242204,,,,,,,,,,,,,2.0,0.0
-5197983836264116534-2508242255-1,7172,,2508242255,,,S,1,,8000096,Stuttgart Hbf,Baden-Württemberg,Stuttgart,70173,9.183172973,48.78473069,1,,,2508242256,,,,,,,,,,,0.0,1.0
4477282455079073780-2508242003-13,4232,2508242220,,11,,RE,,Friedrichshafen Stadt|Meckenbeuren|Ravensburg|Aulendorf|Bad Schussenried|Biberach(Riß)|Laupheim West|Ulm Hbf|Geislingen(Steige)|Göppingen|Plochingen|Esslingen(Neckar),8000096,Stuttgart Hbf,Baden-Württemberg,Stuttgart,70173,9.183172973,48.78473069,1,2508242224,12,,,h,2,Bauarbeiten,,,,,,,4.0,0.0
-4141083402291480830-2508242114-14,19537,2508242212,,7,,MEX,,Pforzheim Hbf|Eutingen(Baden)|Niefern|Enzberg|Mühlacker|Mühlacker Rößlesweg|Illingen(Württ)|Vaihingen(Enz)|Sersheim|Sachsenheim|Ellental|Bietigheim-Bissingen|Ludwigsburg,8000096,Stuttgart Hbf,Baden-Württemberg,Stuttgart,70173,9.183172973,48.78473069,1,2508242217,,,,,,,,,,,,,5.0,0.0
7299889964871884643-2508242203-14,7471,2508242255,,2,,S,,Backnang|Burgstall(Murr)|Kirchberg(Murr)|Erdmannhausen|Marbach(Neckar)|Benningen(Neckar)|Freiberg(Neckar)|Favoritepark|Ludwigsburg|Kornwestheim Pbf|Stuttgart-Zuffenhausen|Stuttgart-Feuerbach|Stuttgart Nord,8000096,Stuttgart Hbf,Baden-Württemberg,Stuttgart,70173,9.183172973,48.78473069,1,2508242255,,,,,,,,,,,,,0.0,0.0
5795195168834493148-2508242242-1,19181,,2508242242,,,MEX,16,,8000096,Stuttgart Hbf,Baden-Württemberg,Stuttgart,70173,9.183172973,48.78473069,1,,,2508242246,,,,,,,,,,,0.0,4.0
-451589661140466907-2508242106-10,19358,2508242212,,10,,MEX,,Reutlingen Hbf|Metzingen(Württ)|Bempflingen|Nürtingen|Oberboihingen|Wendlingen(Neckar)|Plochingen|Esslingen(Neckar)|Stuttgart-Bad Cannstatt,8000096,Stuttgart Hbf,Baden-Württemberg,Stuttgart,70173,9.183172973,48.78473069,1,2508242217,,,,,,,,,,,,,5.0,0.0
8803799214306376762-2508241608-16,966,2508242246,,11,,WB,,Wien Westbahnhof|Wien Hütteldorf|St.Pölten Hbf|Amstetten NÖ|Linz Hbf|Wels Hbf|Attnang-Puchheim|Vöcklabruck|Salzburg Hbf|Rosenheim|München Ost|München Hbf|Augsburg Hbf|Günzburg|Ulm Hbf,8000096,Stuttgart Hbf,Baden-Württemberg,Stuttgart,70173,9.183172973,48.78473069,1,2508242243,,,,,,,,,,,,,-3.0,0.0
-4129909752986717170-2508242133-14,7669,2508242215,,2,,S,,Weil der Stadt|Malmsheim|Renningen|Rutesheim|Leonberg|Höfingen|Ditzingen|Weilimdorf|Korntal|Neuwirtshaus(Porscheplatz)|Stuttgart-Zuffenhausen|Stuttgart-Feuerbach|Stuttgart Nord,8000096,Stuttgart Hbf,Baden-Württemberg,Stuttgart,70173,9.183172973,48.78473069,1,2508242215,,,,,,,,,,,,,0.0,0.0
7242506157860768520-2508241937-15,480,2508242243,,5,,IC,,Zürich HB|Schaffhausen|Singen(Hohentwiel)|Engen|Tuttlingen|Spaichingen|Rottweil|Oberndorf(Neckar)|Sulz(Neckar)|Horb|Bondorf(b Herrenberg)|Gäufelden|Herrenberg|Böblingen,8000096,Stuttgart Hbf,Baden-Württemberg,Stuttgart,70173,9.183172973,48.78473069,1,2508242303,,,,h,1,Information,,,,,,,20.0,0.0
-4791262767992582053-2508242035-26,19637,2508242212,,7,,MEX,,Bruchsal|Bruchsal Tunnelstraße|Bruchsal Schlachthof|Heidelsheim Nord|Heidelsheim|Helmsheim|Gondelsheim Schlossstadion|Gondelsheim(Baden)|Diedelsheim|Bretten|Bretten Rechberg|Bretten-Ruit|Knittlingen-Kleinvillars|Ölbronn-Dürrn|Maulbronn West|Ötisheim|Mühlacker|Mühlacker Rößlesweg|Illingen(Württ)|Vaihingen(Enz)|Sersheim|Sachsenheim|Ellental|Bietigheim-Bissingen|Ludwigsburg,8000096,Stuttgart Hbf,Baden-Württemberg,Stuttgart,70173,9.183172973,48.78473069,1,2508242215,,,,,,,,,,,,,3.0,0.0
-1437144007922408089-2508242036-22,19176,2508242216,,13,,MEX,,Ulm Hbf|Beimerstetten|Westerstetten|Lonsee|Urspring|Amstetten(Württ)|Geislingen(Steige)|Geislingen(Steige)West|Kuchen|Gingen(Fils)|Süßen|Salach|Eislingen(Fils)|Göppingen|Faurndau|Uhingen|Ebersbach(Fils)|Reichenbach(Fils)|Plochingen|Esslingen(Neckar)|Stuttgart-Bad Cannstatt,8000096,Stuttgart Hbf,Baden-Württemberg,Stuttgart,70173,9.183172973,48.78473069,1,2508242222,,,,,,,,,,,,,6.0,0.0
-3799404817941112216-2508242103-10,17564,2508242204,,11,,MEX,,Schwäbisch Hall-Hessental|Gaildorf West|Murrhardt|Sulzbach(Murr)|Oppenweiler(Württ)|Backnang|Winnenden|Waiblingen|Stuttgart-Bad Cannstatt,8000096,Stuttgart Hbf,Baden-Württemberg,Stuttgart,70173,9.183172973,48.78473069,1,2508242209,,,,h,2,Information,,,,,,,5.0,0.0
1392739293391106860-2508242207-9,7571,2508242235,,2,,S,,Bietigheim-Bissingen|Tamm(Württ)|Asperg|Ludwigsburg|Kornwestheim Pbf|Stuttgart-Zuffenhausen|Stuttgart-Feuerbach|Stuttgart Nord,8000096,Stuttgart Hbf,Baden-Württemberg,Stuttgart,70173,9.183172973,48.78473069,1,2508242235,,,,,,,,,,,,,0.0,0.0
-5957666693722375587-2508241716-10,773,2508242258,,6,,ICE,,Hamburg Dammtor|Hamburg Hbf|Hannover Hbf|Göttingen|Kassel-Wilhelmshöhe|Frankfurt(Main)Hbf|Frankfurt(M) Flughafen Fernbf|Mannheim Hbf|Heidelberg Hbf,8000096,Stuttgart Hbf,Baden-Württemberg,Stuttgart,70173,9.183172973,48.78473069,1,2508242257,,,,h,2,Information,,,,,,,-1.0,0.0
7370415767715540984-2508242239-1,4237,,2508242239,,,RE,5,,8000096,Stuttgart Hbf,Baden-Württemberg,Stuttgart,70173,9.183172973,48.78473069,1,,,2508242239,15,h,2,Bauarbeiten,,,,,,,0.0,0.0
-2320340282101811304-2508242043-6,990,2508242243,2508242251,9,,ICE,,München Hbf|München-Pasing|Augsburg Hbf|Günzburg|Ulm Hbf,8000096,Stuttgart Hbf,Baden-Württemberg,Stuttgart,70173,9.183172973,48.78473069,1,2508242301,,2508242307,,,,,,,,,,,18.0,16.0
7314869315265201005-2508242132-7,19687,2508242226,2508242236,16,,RE,1,Karlsruhe Hbf|Karlsruhe-Durlach|Wilferdingen-Singen|Pforzheim Hbf|Mühlacker|Vaihingen(Enz),8000096,Stuttgart Hbf,Baden-Württemberg,Stuttgart,70173,9.183172973,48.78473069,1,2508242231,,2508242237,,,,,,,,,,,5.0,1.0
9168961089696793003-2508242203-3,19934,2508242227,,6,,RE,,Böblingen|Stuttgart-Vaihingen,8000096,Stuttgart Hbf,Baden-Württemberg,Stuttgart,70173,9.183172973,48.78473069,1,2508242228,,,,,,,,,,,,,1.0,0.0
6249652441835907723-2508241546-12,1095,2508242203,,6,,ICE,,Berlin Ostbahnhof|Berlin Hbf|Berlin-Spandau|Wolfsburg Hbf|Hannover Hbf|Göttingen|Kassel-Wilhelmshöhe|Fulda|Hanau Hbf|Frankfurt(Main)Hbf|Mannheim Hbf,8000096,Stuttgart Hbf,Baden-Württemberg,Stuttgart,70173,9.183172973,48.78473069,1,2508242212,,,,h,3,Information,,,,,,,9.0,0.0
-3862696523251175756-2508242220-13,7173,2508242254,2508242254,3,,S,1,Kirchheim(Teck)|Kirchheim(Teck)-Ötlingen|Wendlingen(Neckar)|Wernau(Neckar)|Plochingen|Altbach|Esslingen-Zell|Oberesslingen|Esslingen(Neckar)|Esslingen-Mettingen|Stuttgart-Obertürkheim|Stuttgart-Untertürkheim,8006743,Stuttgart Neckarpark,Baden-Württemberg,Stuttgart,70372,9.24106855,48.79194362,4,2508242258,,2508242258,,,,,,,,,,,4.0,4.0
1733518000541873569-2508242150-13,7171,2508242224,2508242224,3,,S,1,Kirchheim(Teck)|Kirchheim(Teck)-Ötlingen|Wendlingen(Neckar)|Wernau(Neckar)|Plochingen|Altbach|Esslingen-Zell|Oberesslingen|Esslingen(Neckar)|Esslingen-Mettingen|Stuttgart-Obertürkheim|Stuttgart-Untertürkheim,8006743,Stuttgart Neckarpark,Baden-Württemberg,Stuttgart,70372,9.24106855,48.79194362,4,2508242226,,2508242226,,,,,,,,,,,2.0,2.0
6529146617493703402-2508242203-13,7671,2508242239,2508242241,4,,S,6,Weil der Stadt|Malmsheim|Renningen|Rutesheim|Leonberg|Höfingen|Ditzingen|Weilimdorf|Korntal|Neuwirtshaus(Porscheplatz)|Stuttgart-Zuffenhausen|Stuttgart-Feuerbach,8005767,Stuttgart Nord,Baden-Württemberg,Stuttgard-Nord,70174,9.188061449,48.80374161,5,2508242240,,2508242242,,,,,,,,,,,1.0,1.0
-2631007370516690844-2508242157-2,7568,2508242200,2508242202,3,,S,5,Stuttgart Hbf,8005767,Stuttgart Nord,Baden-Württemberg,Stuttgard-Nord,70174,9.188061449,48.80374161,5,2508242201,,2508242202,,,,,,,,,,,1.0,0.0
5487749718307029214-2508242227-2,7570,2508242230,2508242232,3,,S,5,Stuttgart Hbf,8005767,Stuttgart Nord,Baden-Württemberg,Stuttgard-Nord,70174,9.188061449,48.80374161,5,2508242231,,2508242232,,,,,,,,,,,1.0,0.0
-9133197457517218638-2508242237-2,7468,2508242240,2508242242,3,,S,4,Stuttgart Hbf,8005767,Stuttgart Nord,Baden-Württemberg,Stuttgard-Nord,70174,9.188061449,48.80374161,5,2508242244,,2508242244,,,,,,,,,,,4.0,2.0
6983633546019374877-2508242217-2,7668,2508242220,2508242222,3,,S,6,Stuttgart Hbf,8005767,Stuttgart Nord,Baden-Württemberg,Stuttgard-Nord,70174,9.188061449,48.80374161,5,2508242221,,2508242222,,,,,,,,,,,1.0,0.0
-3661735359450834382-2508242137-8,7569,2508242159,2508242201,4,,S,5,Bietigheim-Bissingen|Tamm(Württ)|Asperg|Ludwigsburg|Kornwestheim Pbf|Stuttgart-Zuffenhausen|Stuttgart-Feuerbach,8005767,Stuttgart Nord,Baden-Württemberg,Stuttgard-Nord,70174,9.188061449,48.80374161,5,2508242158,,2508242201,,,,,,,,,,,-1.0,0.0
5891323909249949515-2508242247-2,7670,2508242250,2508242252,3,,S,6,Stuttgart Hbf,8005767,Stuttgart Nord,Baden-Württemberg,Stuttgard-Nord,70174,9.188061449,48.80374161,5,2508242251,,2508242252,,,,,,,,,,,1.0,0.0
4849862255928168199-2508242207-2,7466,2508242210,2508242212,3,,S,4,Stuttgart Hbf,8005767,Stuttgart Nord,Baden-Württemberg,Stuttgard-Nord,70174,9.188061449,48.80374161,5,2508242211,,2508242212,,,,,,,,,,,1.0,0.0
3766048702884366970-2508242155-9,7469,2508242219,2508242221,4,,S,4,Marbach(Neckar)|Benningen(Neckar)|Freiberg(Neckar)|Favoritepark|Ludwigsburg|Kornwestheim Pbf|Stuttgart-Zuffenhausen|Stuttgart-Feuerbach,8005767,Stuttgart Nord,Baden-Württemberg,Stuttgard-Nord,70174,9.188061449,48.80374161,5,2508242219,,2508242221,,,,,,,,,,,0.0,0.0
7299889964871884643-2508242203-13,7471,2508242249,2508242251,4,,S,4,Backnang|Burgstall(Murr)|Kirchberg(Murr)|Erdmannhausen|Marbach(Neckar)|Benningen(Neckar)|Freiberg(Neckar)|Favoritepark|Ludwigsburg|Kornwestheim Pbf|Stuttgart-Zuffenhausen|Stuttgart-Feuerbach,8005767,Stuttgart Nord,Baden-Württemberg,Stuttgard-Nord,70174,9.188061449,48.80374161,5,2508242248,,2508242251,,,,,,,,,,,-1.0,0.0
-4129909752986717170-2508242133-13,7669,2508242209,2508242211,4,,S,6,Weil der Stadt|Malmsheim|Renningen|Rutesheim|Leonberg|Höfingen|Ditzingen|Weilimdorf|Korntal|Neuwirtshaus(Porscheplatz)|Stuttgart-Zuffenhausen|Stuttgart-Feuerbach,8005767,Stuttgart Nord,Baden-Württemberg,Stuttgard-Nord,70174,9.188061449,48.80374161,5,2508242208,,2508242211,,,,,,,,,,,-1.0,0.0
2526364121907765436-2508242237-8,7573,2508242259,2508242301,4,,S,5,Bietigheim-Bissingen|Tamm(Württ)|Asperg|Ludwigsburg|Kornwestheim Pbf|Stuttgart-Zuffenhausen|Stuttgart-Feuerbach,8005767,Stuttgart Nord,Baden-Württemberg,Stuttgard-Nord,70174,9.188061449,48.80374161,5,2508242259,,2508242301,,,,,,,,,,,0.0,0.0
1392739293391106860-2508242207-8,7571,2508242229,2508242231,4,,S,5,Bietigheim-Bissingen|Tamm(Württ)|Asperg|Ludwigsburg|Kornwestheim Pbf|Stuttgart-Zuffenhausen|Stuttgart-Feuerbach,8005767,Stuttgart Nord,Baden-Württemberg,Stuttgard-Nord,70174,9.188061449,48.80374161,5,2508242230,,2508242231,,,,,,,,,,,1.0,0.0
-4551028339435730742-2508242220-2,7268,2508242224,2508242224,7,,S,2,Stuttgart Hbf,8005769,Stuttgart-Bad Cannstatt,Baden-Württemberg,Stuttgart,70372,9.217468636,48.80127978,3,2508242225,,2508242227,,,,,,,,,,,1.0,3.0
-2978407534868993345-2508242122-11,19440,2508242220,2508242222,6,,MEX,13,Aalen Hbf|Mögglingen(Gmünd)|Böbingen(Rems)|Schwäbisch Gmünd|Lorch(Württ)|Waldhausen(b Schorndorf)|Plüderhausen|Urbach(b Schorndorf)|Schorndorf|Waiblingen,8005769,Stuttgart-Bad Cannstatt,Baden-Württemberg,Stuttgart,70372,9.217468636,48.80127978,3,2508242222,,2508242224,,,,,,,,,,,2.0,2.0
-7571165478431896455-2508242159-2,88629,2508242202,2508242202,7,,RE,90,Stuttgart Hbf,8005769,Stuttgart-Bad Cannstatt,Baden-Württemberg,Stuttgart,70372,9.217468636,48.80127978,3,2508242205,,2508242206,,,,,,,,,,,3.0,4.0
5680698672680243057-2508242156-2,7168,2508242159,2508242200,8,,S,1,Stuttgart Hbf,8005769,Stuttgart-Bad Cannstatt,Baden-Württemberg,Stuttgart,70372,9.217468636,48.80127978,3,2508242203,,2508242204,,,,,,,,,,,4.0,4.0
-2344980071254063452-2508242250-2,7270,2508242254,2508242254,7,,S,2,Stuttgart Hbf,8005769,Stuttgart-Bad Cannstatt,Baden-Württemberg,Stuttgart,70372,9.217468636,48.80127978,3,2508242255,,2508242256,,,,,,,,,,,1.0,2.0
1678705542121602631-2508242203-12,7271,2508242235,2508242236,6,,S,2,Schorndorf|Weiler(Rems)|Winterbach(b Schorndorf)|Geradstetten|Grunbach|Beutelsbach|Endersbach|Stetten-Beinstein|Rommelshausen|Waiblingen|Fellbach,8005769,Stuttgart-Bad Cannstatt,Baden-Württemberg,Stuttgart,70372,9.217468636,48.80127978,3,2508242236,,2508242236,,,,,,,,,,,1.0,0.0
7728894302386239063-2508242252-2,19367,2508242255,2508242256,8,,MEX,12,Stuttgart Hbf,8005769,Stuttgart-Bad Cannstatt,Baden-Württemberg,Stuttgart,70372,9.217468636,48.80127978,3,2508242257,,2508242258,,,,,,,,,,,2.0,2.0
-8289701104022316843-2508242225-2,7170,2508242229,2508242230,8,,S,1,Stuttgart Hbf,8005769,Stuttgart-Bad Cannstatt,Baden-Württemberg,Stuttgart,70372,9.217468636,48.80127978,3,2508242233,,2508242234,,,,,,,,,,,4.0,4.0
-3456816008210395658-2508242036-21,26788,2508242259,2508242300,6,,RE,90,Nürnberg Hbf|Roßtal|Heilsbronn|Wicklesgreuth|Ansbach|Leutershausen-Wiedersbach|Dombühl|Schnelldorf|Crailsheim|Eckartshausen-Ilshofen|Schwäbisch Hall-Hessental|Gaildorf West|Fichtenberg|Fornsbach|Murrhardt|Sulzbach(Murr)|Oppenweiler(Württ)|Backnang|Winnenden|Waiblingen,8005769,Stuttgart-Bad Cannstatt,Baden-Württemberg,Stuttgart,70372,9.217468636,48.80127978,3,2508242318,,2508242319,,,,,,,,,,,19.0,19.0
-3862696523251175756-2508242220-14,7173,2508242256,2508242257,5,,S,1,Kirchheim(Teck)|Kirchheim(Teck)-Ötlingen|Wendlingen(Neckar)|Wernau(Neckar)|Plochingen|Altbach|Esslingen-Zell|Oberesslingen|Esslingen(Neckar)|Esslingen-Mettingen|Stuttgart-Obertürkheim|Stuttgart-Untertürkheim|Stuttgart Neckarpark,8005769,Stuttgart-Bad Cannstatt,Baden-Württemberg,Stuttgart,70372,9.217468636,48.80127978,3,2508242302,,2508242302,,,,,,,,,,,6.0,5.0
2890455660221075834-2508242133-12,7269,2508242205,2508242206,6,,S,2,Schorndorf|Weiler(Rems)|Winterbach(b Schorndorf)|Geradstetten|Grunbach|Beutelsbach|Endersbach|Stetten-Beinstein|Rommelshausen|Waiblingen|Fellbach,8005769,Stuttgart-Bad Cannstatt,Baden-Württemberg,Stuttgart,70372,9.217468636,48.80127978,3,2508242208,,2508242209,,,,,,,,,,,3.0,3.0
1733518000541873569-2508242150-14,7171,2508242226,2508242227,5,,S,1,Kirchheim(Teck)|Kirchheim(Teck)-Ötlingen|Wendlingen(Neckar)|Wernau(Neckar)|Plochingen|Altbach|Esslingen-Zell|Oberesslingen|Esslingen(Neckar)|Esslingen-Mettingen|Stuttgart-Obertürkheim|Stuttgart-Untertürkheim|Stuttgart Neckarpark,8005769,Stuttgart-Bad Cannstatt,Baden-Württemberg,Stuttgart,70372,9.217468636,48.80127978,3,2508242230,,2508242231,,,,,,,,,,,4.0,4.0
-5197983836264116534-2508242255-2,7172,2508242259,2508242300,8,,S,1,Stuttgart Hbf,8005769,Stuttgart-Bad Cannstatt,Baden-Württemberg,Stuttgart,70372,9.217468636,48.80127978,3,2508242302,,2508242303,,,,,,,,,,,3.0,3.0
5795195168834493148-2508242242-2,19181,2508242245,2508242246,8,,MEX,16,Stuttgart Hbf,8005769,Stuttgart-Bad Cannstatt,Baden-Württemberg,Stuttgart,70372,9.217468636,48.80127978,3,2508242250,,2508242250,,,,,,,,,,,5.0,4.0
-451589661140466907-2508242106-9,19358,2508242202,2508242208,5,,MEX,12,Reutlingen Hbf|Metzingen(Württ)|Bempflingen|Nürtingen|Oberboihingen|Wendlingen(Neckar)|Plochingen|Esslingen(Neckar),8005769,Stuttgart-Bad Cannstatt,Baden-Württemberg,Stuttgart,70372,9.217468636,48.80127978,3,2508242204,,2508242212,,,,,,,,,,,2.0,4.0
-1437144007922408089-2508242036-21,19176,2508242212,2508242212,5,,MEX,16,Ulm Hbf|Beimerstetten|Westerstetten|Lonsee|Urspring|Amstetten(Württ)|Geislingen(Steige)|Geislingen(Steige)West|Kuchen|Gingen(Fils)|Süßen|Salach|Eislingen(Fils)|Göppingen|Faurndau|Uhingen|Ebersbach(Fils)|Reichenbach(Fils)|Plochingen|Esslingen(Neckar),8005769,Stuttgart-Bad Cannstatt,Baden-Württemberg,Stuttgart,70372,9.217468636,48.80127978,3,2508242214,,2508242216,,,,,,,,,,,2.0,4.0
-3799404817941112216-2508242103-9,17564,2508242158,2508242200,6,,MEX,90,Schwäbisch Hall-Hessental|Gaildorf West|Murrhardt|Sulzbach(Murr)|Oppenweiler(Württ)|Backnang|Winnenden|Waiblingen,8005769,Stuttgart-Bad Cannstatt,Baden-Württemberg,Stuttgart,70372,9.217468636,48.80127978,3,2508242202,,2508242204,,h,2,Information,,,,,,,4.0,4.0
7314869315265201005-2508242132-8,19687,2508242240,2508242240,7,,RE,1,Karlsruhe Hbf|Karlsruhe-Durlach|Wilferdingen-Singen|Pforzheim Hbf|Mühlacker|Vaihingen(Enz)|Stuttgart Hbf,8005769,Stuttgart-Bad Cannstatt,Baden-Württemberg,Stuttgart,70372,9.217468636,48.80127978,3,2508242240,,2508242241,,,,,,,,,,,0.0,1.0
6529146617493703402-2508242203-12,7671,2508242236,2508242236,1,,S,6,Weil der Stadt|Malmsheim|Renningen|Rutesheim|Leonberg|Höfingen|Ditzingen|Weilimdorf|Korntal|Neuwirtshaus(Porscheplatz)|Stuttgart-Zuffenhausen,8005770,Stuttgart-Feuerbach,Baden-Württemberg,Feuerbach,70469,9.169186287,48.81363554,3,2508242238,,2508242239,,,,,,,,,,,2.0,3.0
-2631007370516690844-2508242157-3,7568,2508242204,2508242204,2,,S,5,Stuttgart Hbf|Stuttgart Nord,8005770,Stuttgart-Feuerbach,Baden-Württemberg,Feuerbach,70469,9.169186287,48.81363554,3,2508242204,,2508242204,,,,,,,,,,,0.0,0.0
5487749718307029214-2508242227-3,7570,2508242234,2508242234,2,,S,5,Stuttgart Hbf|Stuttgart Nord,8005770,Stuttgart-Feuerbach,Baden-Württemberg,Feuerbach,70469,9.169186287,48.81363554,3,2508242234,,2508242234,,,,,,,,,,,0.0,0.0
-9133197457517218638-2508242237-3,7468,2508242244,2508242244,2,,S,4,Stuttgart Hbf|Stuttgart Nord,8005770,Stuttgart-Feuerbach,Baden-Württemberg,Feuerbach,70469,9.169186287,48.81363554,3,2508242246,,2508242246,,,,,,,,,,,2.0,2.0
6983633546019374877-2508242217-3,7668,2508242224,2508242224,2,,S,6,Stuttgart Hbf|Stuttgart Nord,8005770,Stuttgart-Feuerbach,Baden-Württemberg,Feuerbach,70469,9.169186287,48.81363554,3,2508242224,,2508242224,,,,,,,,,,,0.0,0.0
5891323909249949515-2508242247-3,7670,2508242254,2508242254,2,,S,6,Stuttgart Hbf|Stuttgart Nord,8005770,Stuttgart-Feuerbach,Baden-Württemberg,Feuerbach,70469,9.169186287,48.81363554,3,2508242254,,2508242254,,,,,,,,,,,0.0,0.0
4849862255928168199-2508242207-3,7466,2508242214,2508242214,2,,S,4,Stuttgart Hbf|Stuttgart Nord,8005770,Stuttgart-Feuerbach,Baden-Württemberg,Feuerbach,70469,9.169186287,48.81363554,3,2508242214,,2508242214,,,,,,,,,,,0.0,0.0
3766048702884366970-2508242155-8,7469,2508242216,2508242216,1,,S,4,Marbach(Neckar)|Benningen(Neckar)|Freiberg(Neckar)|Favoritepark|Ludwigsburg|Kornwestheim Pbf|Stuttgart-Zuffenhausen,8005770,Stuttgart-Feuerbach,Baden-Württemberg,Feuerbach,70469,9.169186287,48.81363554,3,2508242217,,2508242218,,,,,,,,,,,1.0,2.0
7299889964871884643-2508242203-12,7471,2508242246,2508242246,1,,S,4,Backnang|Burgstall(Murr)|Kirchberg(Murr)|Erdmannhausen|Marbach(Neckar)|Benningen(Neckar)|Freiberg(Neckar)|Favoritepark|Ludwigsburg|Kornwestheim Pbf|Stuttgart-Zuffenhausen,8005770,Stuttgart-Feuerbach,Baden-Württemberg,Feuerbach,70469,9.169186287,48.81363554,3,2508242246,,2508242246,,,,,,,,,,,0.0,0.0
-4129909752986717170-2508242133-12,7669,2508242206,2508242206,1,,S,6,Weil der Stadt|Malmsheim|Renningen|Rutesheim|Leonberg|Höfingen|Ditzingen|Weilimdorf|Korntal|Neuwirtshaus(Porscheplatz)|Stuttgart-Zuffenhausen,8005770,Stuttgart-Feuerbach,Baden-Württemberg,Feuerbach,70469,9.169186287,48.81363554,3,2508242206,,2508242206,,,,,,,,,,,0.0,0.0
2526364121907765436-2508242237-7,7573,2508242256,2508242256,1,,S,5,Bietigheim-Bissingen|Tamm(Württ)|Asperg|Ludwigsburg|Kornwestheim Pbf|Stuttgart-Zuffenhausen,8005770,Stuttgart-Feuerbach,Baden-Württemberg,Feuerbach,70469,9.169186287,48.81363554,3,2508242257,,2508242257,,,,,,,,,,,1.0,1.0
1392739293391106860-2508242207-7,7571,2508242226,2508242226,1,,S,5,Bietigheim-Bissingen|Tamm(Württ)|Asperg|Ludwigsburg|Kornwestheim Pbf|Stuttgart-Zuffenhausen,8005770,Stuttgart-Feuerbach,Baden-Württemberg,Feuerbach,70469,9.169186287,48.81363554,3,2508242227,,2508242227,,,,,,,,,,,1.0,1.0
-3862696523251175756-2508242220-11,7173,2508242249,2508242249,5,,S,1,Kirchheim(Teck)|Kirchheim(Teck)-Ötlingen|Wendlingen(Neckar)|Wernau(Neckar)|Plochingen|Altbach|Esslingen-Zell|Oberesslingen|Esslingen(Neckar)|Esslingen-Mettingen,8005772,Stuttgart-Obertürkheim,Baden-Württemberg,Stuttgart,70329,9.268167932,48.76175015,4,2508242251,,2508242252,,,,,,,,,,,2.0,3.0
1733518000541873569-2508242150-11,7171,2508242219,2508242219,5,,S,1,Kirchheim(Teck)|Kirchheim(Teck)-Ötlingen|Wendlingen(Neckar)|Wernau(Neckar)|Plochingen|Altbach|Esslingen-Zell|Oberesslingen|Esslingen(Neckar)|Esslingen-Mettingen,8005772,Stuttgart-Obertürkheim,Baden-Württemberg,Stuttgart,70329,9.268167932,48.76175015,4,2508242219,,2508242220,,,,,,,,,,,0.0,1.0
-7358812942002748149-2508242216-8,7772,2508242237,2508242238,3,,S,1,Herrenberg|Nufringen|Gärtringen|Ehningen(b Böblingen)|Hulb|Böblingen|Goldberg(Württ),8005773,Stuttgart-Rohr,Baden-Württemberg,Stuttgart,70565,9.108158025,48.71799427,4,2508242238,,2508242239,,,,,,,,,,,1.0,1.0
8692377122300507754-2508242216-2,7769,2508242217,2508242223,2,,S,1,Stuttgart-Vaihingen,8005773,Stuttgart-Rohr,Baden-Württemberg,Stuttgart,70565,9.108158025,48.71799427,4,2508242217,,2508242223,,,,,,,,,,,0.0,0.0
2382757692606580950-2508242246-2,7771,2508242247,2508242253,2,,S,1,Stuttgart-Vaihingen,8005773,Stuttgart-Rohr,Baden-Württemberg,Stuttgart,70565,9.108158025,48.71799427,4,2508242248,,2508242253,,,,,,,,,,,1.0,0.0
1753360474053316398-2508242205-2,7969,2508242206,2508242212,2,,S,2,Stuttgart-Vaihingen,8005773,Stuttgart-Rohr,Baden-Württemberg,Stuttgart,70565,9.108158025,48.71799427,4,2508242206,,2508242212,,,,,,,,,,,0.0,0.0
800896748119483466-2508242146-8,7770,2508242207,2508242208,3,,S,1,Herrenberg|Nufringen|Gärtringen|Ehningen(b Böblingen)|Hulb|Böblingen|Goldberg(Württ),8005773,Stuttgart-Rohr,Baden-Württemberg,Stuttgart,70565,9.108158025,48.71799427,4,2508242209,,2508242210,,,,,,,,,,,2.0,2.0
9054264954005564040-2508242233-6,7970,2508242247,2508242248,3,,S,6,Filderstadt|Stuttgart Flughafen/Messe|Echterdingen|Leinfelden|Oberaichen,8005773,Stuttgart-Rohr,Baden-Württemberg,Stuttgart,70565,9.108158025,48.71799427,4,2508242247,,2508242248,,,,,,,,,,,0.0,0.0
338068933768812202-2508242203-6,7968,2508242217,2508242218,3,,S,2,Filderstadt|Stuttgart Flughafen/Messe|Echterdingen|Leinfelden|Oberaichen,8005773,Stuttgart-Rohr,Baden-Württemberg,Stuttgart,70565,9.108158025,48.71799427,4,2508242217,,2508242219,,,,,,,,,,,0.0,1.0
-3981841348437772783-2508242235-2,7971,2508242236,2508242242,2,,S,2,Stuttgart-Vaihingen,8005773,Stuttgart-Rohr,Baden-Württemberg,Stuttgart,70565,9.108158025,48.71799427,4,2508242236,,2508242242,,,,,,,,,,,0.0,0.0
5680698672680243057-2508242156-3,7168,2508242202,2508242203,4,,S,1,Stuttgart Hbf|Stuttgart-Bad Cannstatt,8005775,Stuttgart-Untertürkheim Pbf,Baden-Württemberg,Stuttgart,70327,9.250467074,48.77984679,3,2508242206,,2508242207,,,,,,,,,,,4.0,4.0
-8289701104022316843-2508242225-3,7170,2508242232,2508242233,4,,S,1,Stuttgart Hbf|Stuttgart-Bad Cannstatt,8005775,Stuttgart-Untertürkheim Pbf,Baden-Württemberg,Stuttgart,70327,9.250467074,48.77984679,3,2508242237,,2508242238,,,,,,,,,,,5.0,5.0
-3862696523251175756-2508242220-12,7173,2508242251,2508242252,6,,S,1,Kirchheim(Teck)|Kirchheim(Teck)-Ötlingen|Wendlingen(Neckar)|Wernau(Neckar)|Plochingen|Altbach|Esslingen-Zell|Oberesslingen|Esslingen(Neckar)|Esslingen-Mettingen|Stuttgart-Obertürkheim,8005775,Stuttgart-Untertürkheim Pbf,Baden-Württemberg,Stuttgart,70327,9.250467074,48.77984679,3,2508242254,,2508242256,,,,,,,,,,,3.0,4.0
1733518000541873569-2508242150-12,7171,2508242221,2508242222,6,,S,1,Kirchheim(Teck)|Kirchheim(Teck)-Ötlingen|Wendlingen(Neckar)|Wernau(Neckar)|Plochingen|Altbach|Esslingen-Zell|Oberesslingen|Esslingen(Neckar)|Esslingen-Mettingen|Stuttgart-Obertürkheim,8005775,Stuttgart-Untertürkheim Pbf,Baden-Württemberg,Stuttgart,70327,9.250467074,48.77984679,3,2508242222,,2508242224,,,,,,,,,,,1.0,2.0
-7358812942002748149-2508242216-9,7772,2508242240,,3,,S,,Herrenberg|Nufringen|Gärtringen|Ehningen(b Böblingen)|Hulb|Böblingen|Goldberg(Württ)|Stuttgart-Rohr,8005776,Stuttgart-Vaihingen,Baden-Württemberg,Stuttgart,70563,9.113913368,48.72698116,3,2508242240,,,,,,,,,,,,,0.0,0.0
8692377122300507754-2508242216-1,7769,,2508242216,,,S,1,,8005776,Stuttgart-Vaihingen,Baden-Württemberg,Stuttgart,70563,9.113913368,48.72698116,3,,,2508242216,,,,,,,,,,,0.0,0.0
-102199230428586090-2508242213-2,17677,2508242230,2508242230,1,,RB,14a,Stuttgart Hbf,8005776,Stuttgart-Vaihingen,Baden-Württemberg,Stuttgart,70563,9.113913368,48.72698116,3,2508242228,,2508242231,,h,2,Bauarbeiten,,,,,,,-2.0,1.0
2382757692606580950-2508242246-1,7771,,2508242246,,,S,1,,8005776,Stuttgart-Vaihingen,Baden-Württemberg,Stuttgart,70563,9.113913368,48.72698116,3,,,2508242246,,,,,,,,,,,0.0,0.0
1753360474053316398-2508242205-1,7969,,2508242205,,,S,2,,8005776,Stuttgart-Vaihingen,Baden-Württemberg,Stuttgart,70563,9.113913368,48.72698116,3,,,2508242205,,,,,,,,,,,0.0,0.0
800896748119483466-2508242146-9,7770,2508242210,,3,,S,,Herrenberg|Nufringen|Gärtringen|Ehningen(b Böblingen)|Hulb|Böblingen|Goldberg(Württ)|Stuttgart-Rohr,8005776,Stuttgart-Vaihingen,Baden-Württemberg,Stuttgart,70563,9.113913368,48.72698116,3,2508242211,,,,,,,,,,,,,1.0,0.0
9054264954005564040-2508242233-7,7970,2508242250,,2,,S,,Filderstadt|Stuttgart Flughafen/Messe|Echterdingen|Leinfelden|Oberaichen|Stuttgart-Rohr,8005776,Stuttgart-Vaihingen,Baden-Württemberg,Stuttgart,70563,9.113913368,48.72698116,3,2508242250,,,,,,,,,,,,,0.0,0.0
338068933768812202-2508242203-7,7968,2508242220,,2,,S,,Filderstadt|Stuttgart Flughafen/Messe|Echterdingen|Leinfelden|Oberaichen|Stuttgart-Rohr,8005776,Stuttgart-Vaihingen,Baden-Württemberg,Stuttgart,70563,9.113913368,48.72698116,3,2508242221,,,,,,,,,,,,,1.0,0.0
-3981841348437772783-2508242235-1,7971,,2508242235,,,S,2,,8005776,Stuttgart-Vaihingen,Baden-Württemberg,Stuttgart,70563,9.113913368,48.72698116,3,,,2508242235,,,,,,,,,,,0.0,0.0
9168961089696793003-2508242203-2,19934,2508242211,2508242212,4,,RE,,Böblingen,8005776,Stuttgart-Vaihingen,Baden-Württemberg,Stuttgart,70563,9.113913368,48.72698116,3,2508242213,,2508242214,,,,,,,,,,,2.0,2.0
6529146617493703402-2508242203-8,7671,2508242226,2508242226,2,,S,6,Weil der Stadt|Malmsheim|Renningen|Rutesheim|Leonberg|Höfingen|Ditzingen,8006268,Stuttgart-Weilimdorf,Baden-Württemberg,Stuttgart,70499,9.094370086,48.82208429,5,2508242228,,2508242228,,,,,,,,,,,2.0,2.0
6983633546019374877-2508242217-7,7668,2508242233,2508242233,1,,S,6,Stuttgart Hbf|Stuttgart Nord|Stuttgart-Feuerbach|Stuttgart-Zuffenhausen|Neuwirtshaus(Porscheplatz)|Korntal,8006268,Stuttgart-Weilimdorf,Baden-Württemberg,Stuttgart,70499,9.094370086,48.82208429,5,2508242233,,2508242233,,,,,,,,,,,0.0,0.0
6737611286015741642-2508242147-7,7666,2508242203,2508242203,1,,S,6,Stuttgart Hbf|Stuttgart Nord|Stuttgart-Feuerbach|Stuttgart-Zuffenhausen|Neuwirtshaus(Porscheplatz)|Korntal,8006268,Stuttgart-Weilimdorf,Baden-Württemberg,Stuttgart,70499,9.094370086,48.82208429,5,2508242203,,2508242203,,,,,,,,,,,0.0,0.0
-8768743806902916019-2508242233-8,7673,2508242256,2508242256,2,,S,6,Weil der Stadt|Malmsheim|Renningen|Rutesheim|Leonberg|Höfingen|Ditzingen,8006268,Stuttgart-Weilimdorf,Baden-Württemberg,Stuttgart,70499,9.094370086,48.82208429,5,2508242257,,2508242257,,,,,,,,,,,1.0,1.0
6529146617493703402-2508242203-11,7671,2508242233,2508242234,12,,S,6,Weil der Stadt|Malmsheim|Renningen|Rutesheim|Leonberg|Höfingen|Ditzingen|Weilimdorf|Korntal|Neuwirtshaus(Porscheplatz),8005778,Stuttgart-Zuffenhausen,Baden-Württemberg,Stuttgart,70435,9.167156375,48.82960884,3,2508242235,,2508242236,,,,,,,,,,,2.0,2.0
-2631007370516690844-2508242157-4,7568,2508242206,2508242207,4,,S,5,Stuttgart Hbf|Stuttgart Nord|Stuttgart-Feuerbach,8005778,Stuttgart-Zuffenhausen,Baden-Württemberg,Stuttgart,70435,9.167156375,48.82960884,3,2508242207,,2508242208,,,,,,,,,,,1.0,1.0
5487749718307029214-2508242227-4,7570,2508242236,2508242237,4,,S,5,Stuttgart Hbf|Stuttgart Nord|Stuttgart-Feuerbach,8005778,Stuttgart-Zuffenhausen,Baden-Württemberg,Stuttgart,70435,9.167156375,48.82960884,3,2508242237,,2508242237,,,,,,,,,,,1.0,0.0
-9133197457517218638-2508242237-4,7468,2508242246,2508242247,4,,S,4,Stuttgart Hbf|Stuttgart Nord|Stuttgart-Feuerbach,8005778,Stuttgart-Zuffenhausen,Baden-Württemberg,Stuttgart,70435,9.167156375,48.82960884,3,2508242248,,2508242249,,,,,,,,,,,2.0,2.0
6983633546019374877-2508242217-4,7668,2508242226,2508242227,11,,S,6,Stuttgart Hbf|Stuttgart Nord|Stuttgart-Feuerbach,8005778,Stuttgart-Zuffenhausen,Baden-Württemberg,Stuttgart,70435,9.167156375,48.82960884,3,2508242226,,2508242227,,,,,,,,,,,0.0,0.0
5891323909249949515-2508242247-4,7670,2508242256,2508242257,11,,S,6,Stuttgart Hbf|Stuttgart Nord|Stuttgart-Feuerbach,8005778,Stuttgart-Zuffenhausen,Baden-Württemberg,Stuttgart,70435,9.167156375,48.82960884,3,2508242257,,2508242257,,,,,,,,,,,1.0,0.0
4849862255928168199-2508242207-4,7466,2508242216,2508242217,4,,S,4,Stuttgart Hbf|Stuttgart Nord|Stuttgart-Feuerbach,8005778,Stuttgart-Zuffenhausen,Baden-Württemberg,Stuttgart,70435,9.167156375,48.82960884,3,2508242216,,2508242217,,,,,,,,,,,0.0,0.0
3766048702884366970-2508242155-7,7469,2508242213,2508242214,2,,S,4,Marbach(Neckar)|Benningen(Neckar)|Freiberg(Neckar)|Favoritepark|Ludwigsburg|Kornwestheim Pbf,8005778,Stuttgart-Zuffenhausen,Baden-Württemberg,Stuttgart,70435,9.167156375,48.82960884,3,2508242215,,2508242215,,,,,,,,,,,2.0,1.0
7299889964871884643-2508242203-11,7471,2508242243,2508242244,2,,S,4,Backnang|Burgstall(Murr)|Kirchberg(Murr)|Erdmannhausen|Marbach(Neckar)|Benningen(Neckar)|Freiberg(Neckar)|Favoritepark|Ludwigsburg|Kornwestheim Pbf,8005778,Stuttgart-Zuffenhausen,Baden-Württemberg,Stuttgart,70435,9.167156375,48.82960884,3,2508242243,,2508242244,,,,,,,,,,,0.0,0.0
-4129909752986717170-2508242133-11,7669,2508242203,2508242204,12,,S,6,Weil der Stadt|Malmsheim|Renningen|Rutesheim|Leonberg|Höfingen|Ditzingen|Weilimdorf|Korntal|Neuwirtshaus(Porscheplatz),8005778,Stuttgart-Zuffenhausen,Baden-Württemberg,Stuttgart,70435,9.167156375,48.82960884,3,2508242203,,2508242204,,,,,,,,,,,0.0,0.0
2526364121907765436-2508242237-6,7573,2508242253,2508242254,2,,S,5,Bietigheim-Bissingen|Tamm(Württ)|Asperg|Ludwigsburg|Kornwestheim Pbf,8005778,Stuttgart-Zuffenhausen,Baden-Württemberg,Stuttgart,70435,9.167156375,48.82960884,3,2508242254,,2508242254,,,,,,,,,,,1.0,0.0
1392739293391106860-2508242207-6,7571,2508242223,2508242224,2,,S,5,Bietigheim-Bissingen|Tamm(Württ)|Asperg|Ludwigsburg|Kornwestheim Pbf,8005778,Stuttgart-Zuffenhausen,Baden-Württemberg,Stuttgart,70435,9.167156375,48.82960884,3,2508242224,,2508242224,,,,,,,,,,,1.0,0.0
-2631007370516690844-2508242157-8,7568,2508242219,2508242220,3,,S,5,Stuttgart Hbf|Stuttgart Nord|Stuttgart-Feuerbach|Stuttgart-Zuffenhausen|Kornwestheim Pbf|Ludwigsburg|Asperg,8005820,Tamm (Württ),Baden-Württemberg,Tamm,71732,9.125288012,48.92187736,4,2508242220,,2508242220,,,,,,,,,,,1.0,0.0
5487749718307029214-2508242227-8,7570,2508242249,2508242250,3,,S,5,Stuttgart Hbf|Stuttgart Nord|Stuttgart-Feuerbach|Stuttgart-Zuffenhausen|Kornwestheim Pbf|Ludwigsburg|Asperg,8005820,Tamm (Württ),Baden-Württemberg,Tamm,71732,9.125288012,48.92187736,4,2508242249,,2508242250,,,,,,,,,,,0.0,0.0
2526364121907765436-2508242237-2,7573,2508242240,2508242240,2,,S,5,Bietigheim-Bissingen,8005820,Tamm (Württ),Baden-Württemberg,Tamm,71732,9.125288012,48.92187736,4,2508242240,,2508242241,,,,,,,,,,,0.0,1.0
1392739293391106860-2508242207-2,7571,2508242210,2508242210,2,,S,5,Bietigheim-Bissingen,8005820,Tamm (Württ),Baden-Württemberg,Tamm,71732,9.125288012,48.92187736,4,2508242210,,2508242210,,,,,,,,,,,0.0,0.0
-4551028339435730742-2508242220-4,7268,2508242234,2508242235,7,,S,2,Stuttgart Hbf|Stuttgart-Bad Cannstatt|Fellbach,8000180,Waiblingen,Baden-Württemberg,Waiblingen,71332,9.300476874,48.8262444,3,2508242235,,2508242235,,,,,,,,,,,1.0,0.0
7534951475185975411-2508242255-2,7370,2508242258,2508242300,3,,S,3,Fellbach,8000180,Waiblingen,Baden-Württemberg,Waiblingen,71332,9.300476874,48.8262444,3,2508242257,,2508242259,,,,,,,,,,,-1.0,-1.0
-2978407534868993345-2508242122-10,19440,2508242213,2508242213,6,,MEX,13,Aalen Hbf|Mögglingen(Gmünd)|Böbingen(Rems)|Schwäbisch Gmünd|Lorch(Württ)|Waldhausen(b Schorndorf)|Plüderhausen|Urbach(b Schorndorf)|Schorndorf,8000180,Waiblingen,Baden-Württemberg,Waiblingen,71332,9.300476874,48.8262444,3,2508242214,,2508242214,,,,,,,,,,,1.0,1.0
719653834349839228-2508242155-2,7366,2508242158,2508242200,3,,S,3,Fellbach,8000180,Waiblingen,Baden-Württemberg,Waiblingen,71332,9.300476874,48.8262444,3,2508242157,,2508242200,,,,,,,,,,,-1.0,0.0
-7571165478431896455-2508242159-3,88629,2508242208,2508242208,3,,RE,90,Stuttgart Hbf|Stuttgart-Bad Cannstatt,8000180,Waiblingen,Baden-Württemberg,Waiblingen,71332,9.300476874,48.8262444,3,2508242213,,2508242214,,,,,,,,,,,5.0,6.0
4129986010683108750-2508242211-7,7371,2508242229,2508242234,1,,S,3,Backnang|Maubach|Nellmersbach|Winnenden|Schwaikheim|Neustadt-Hohenacker,8000180,Waiblingen,Baden-Württemberg,Waiblingen,71332,9.300476874,48.8262444,3,2508242231,,2508242234,,,,,,,,,,,2.0,0.0
-6309040329427903805-2508242233-10,7273,2508242254,2508242255,5,,S,2,Schorndorf|Weiler(Rems)|Winterbach(b Schorndorf)|Geradstetten|Grunbach|Beutelsbach|Endersbach|Stetten-Beinstein|Rommelshausen,8000180,Waiblingen,Baden-Württemberg,Waiblingen,71332,9.300476874,48.8262444,3,2508242256,,2508242257,,,,,,,,,,,2.0,2.0
970449513727673732-2508242141-7,7369,2508242159,2508242204,1,,S,3,Backnang|Maubach|Nellmersbach|Winnenden|Schwaikheim|Neustadt-Hohenacker,8000180,Waiblingen,Baden-Württemberg,Waiblingen,71332,9.300476874,48.8262444,3,2508242200,,2508242204,,,,,,,,,,,1.0,0.0
-6294731278479900645-2508242150-4,7266,2508242204,2508242205,7,,S,2,Stuttgart Hbf|Stuttgart-Bad Cannstatt|Fellbach,8000180,Waiblingen,Baden-Württemberg,Waiblingen,71332,9.300476874,48.8262444,3,2508242204,,2508242205,,,,,,,,,,,0.0,0.0
1678705542121602631-2508242203-10,7271,2508242224,2508242225,5,,S,2,Schorndorf|Weiler(Rems)|Winterbach(b Schorndorf)|Geradstetten|Grunbach|Beutelsbach|Endersbach|Stetten-Beinstein|Rommelshausen,8000180,Waiblingen,Baden-Württemberg,Waiblingen,71332,9.300476874,48.8262444,3,2508242225,,2508242227,,,,,,,,,,,1.0,2.0
-3456816008210395658-2508242036-20,26788,2508242252,2508242253,1,,RE,90,Nürnberg Hbf|Roßtal|Heilsbronn|Wicklesgreuth|Ansbach|Leutershausen-Wiedersbach|Dombühl|Schnelldorf|Crailsheim|Eckartshausen-Ilshofen|Schwäbisch Hall-Hessental|Gaildorf West|Fichtenberg|Fornsbach|Murrhardt|Sulzbach(Murr)|Oppenweiler(Württ)|Backnang|Winnenden,8000180,Waiblingen,Baden-Württemberg,Waiblingen,71332,9.300476874,48.8262444,3,2508242311,,2508242312,,,,,,,,,,,19.0,19.0
-494138626573649940-2508242225-2,7368,2508242228,2508242230,3,,S,3,Fellbach,8000180,Waiblingen,Baden-Württemberg,Waiblingen,71332,9.300476874,48.8262444,3,2508242228,,2508242230,,,,,,,,,,,0.0,0.0
-2279373399383894760-2508242241-7,7373,2508242259,2508242304,1,,S,3,Backnang|Maubach|Nellmersbach|Winnenden|Schwaikheim|Neustadt-Hohenacker,8000180,Waiblingen,Baden-Württemberg,Waiblingen,71332,9.300476874,48.8262444,3,2508242300,,2508242304,,,,,,,,,,,1.0,0.0
7314869315265201005-2508242132-9,19687,2508242247,2508242248,6,,RE,1,Karlsruhe Hbf|Karlsruhe-Durlach|Wilferdingen-Singen|Pforzheim Hbf|Mühlacker|Vaihingen(Enz)|Stuttgart Hbf|Stuttgart-Bad Cannstatt,8000180,Waiblingen,Baden-Württemberg,Waiblingen,71332,9.300476874,48.8262444,3,2508242247,,2508242248,,,,,,,,,,,0.0,0.0
6529146617493703402-2508242203-1,7671,,2508242203,,,S,6,,8006271,Weil der Stadt,Baden-Württemberg,Weil der Stadt,71263,8.873189074,48.7557357,4,,,2508242205,,,,,,,,,,,0.0,2.0
6983633546019374877-2508242217-14,7668,2508242257,,1,,S,,Stuttgart Hbf|Stuttgart Nord|Stuttgart-Feuerbach|Stuttgart-Zuffenhausen|Neuwirtshaus(Porscheplatz)|Korntal|Weilimdorf|Ditzingen|Höfingen|Leonberg|Rutesheim|Renningen|Malmsheim,8006271,Weil der Stadt,Baden-Württemberg,Weil der Stadt,71263,8.873189074,48.7557357,4,2508242257,,,,,,,,,,,,,0.0,0.0
6737611286015741642-2508242147-14,7666,2508242227,,1,,S,,Stuttgart Hbf|Stuttgart Nord|Stuttgart-Feuerbach|Stuttgart-Zuffenhausen|Neuwirtshaus(Porscheplatz)|Korntal|Weilimdorf|Ditzingen|Höfingen|Leonberg|Rutesheim|Renningen|Malmsheim,8006271,Weil der Stadt,Baden-Württemberg,Weil der Stadt,71263,8.873189074,48.7557357,4,2508242227,,,,,,,,,,,,,0.0,0.0
-8768743806902916019-2508242233-1,7673,,2508242233,,,S,6,,8006271,Weil der Stadt,Baden-Württemberg,Weil der Stadt,71263,8.873189074,48.7557357,4,,,2508242233,,,,,,,,,,,0.0,0.0
-4551028339435730742-2508242220-12,7268,2508242252,2508242252,1,,S,2,Stuttgart Hbf|Stuttgart-Bad Cannstatt|Fellbach|Waiblingen|Rommelshausen|Stetten-Beinstein|Endersbach|Beutelsbach|Grunbach|Geradstetten|Winterbach(b Schorndorf),8006277,Weiler (Rems),Baden-Württemberg,Schorndorf,76314,9.501891172,48.80034585,5,2508242253,,2508242253,,,,,,,,,,,1.0,1.0
-6309040329427903805-2508242233-2,7273,2508242236,2508242236,2,,S,2,Schorndorf,8006277,Weiler (Rems),Baden-Württemberg,Schorndorf,76314,9.501891172,48.80034585,5,2508242239,,2508242239,,,,,,,,,,,3.0,3.0
-6294731278479900645-2508242150-12,7266,2508242222,2508242222,1,,S,2,Stuttgart Hbf|Stuttgart-Bad Cannstatt|Fellbach|Waiblingen|Rommelshausen|Stetten-Beinstein|Endersbach|Beutelsbach|Grunbach|Geradstetten|Winterbach(b Schorndorf),8006277,Weiler (Rems),Baden-Württemberg,Schorndorf,76314,9.501891172,48.80034585,5,2508242223,,2508242223,,,,,,,,,,,1.0,1.0
1678705542121602631-2508242203-2,7271,2508242206,2508242206,2,,S,2,Schorndorf,8006277,Weiler (Rems),Baden-Württemberg,Schorndorf,76314,9.501891172,48.80034585,5,2508242206,,2508242206,,,,,,,,,,,0.0,0.0
5680698672680243057-2508242156-11,7168,2508242232,2508242233,11,,S,1,Stuttgart Hbf|Stuttgart-Bad Cannstatt|Stuttgart-Untertürkheim|Esslingen-Mettingen|Esslingen(Neckar)|Oberesslingen|Esslingen-Zell|Altbach|Plochingen|Wernau(Neckar),8006331,Wendlingen (Neckar),Baden-Württemberg,Wendlingen am Neckar,73240,9.373662098,48.67368917,3,2508242232,,2508242233,,,,,,,,,,,0.0,0.0
-8467207783030371726-2508242229-3,16076,2508242259,,3,,RE,,Ulm Hbf|Merklingen - Schwäbische Alb,8006331,Wendlingen (Neckar),Baden-Württemberg,Wendlingen am Neckar,73240,9.373662098,48.67368917,3,2508242256,,,,h,3,Information,,,,,,,-3.0,0.0
-8362599672178828687-2508242132-4,19338,2508242159,2508242206,1,,MEX,18,Reutlingen Hbf|Metzingen(Württ)|Nürtingen,8006331,Wendlingen (Neckar),Baden-Württemberg,Wendlingen am Neckar,73240,9.373662098,48.67368917,3,2508242201,,2508242208,,,,,,,,,,,2.0,2.0
-5753279830124609145-2508242250-3,7175,2508242257,2508242257,12,,S,1,Kirchheim(Teck)|Kirchheim(Teck)-Ötlingen,8006331,Wendlingen (Neckar),Baden-Württemberg,Wendlingen am Neckar,73240,9.373662098,48.67368917,3,2508242257,,2508242258,,,,,,,,,,,0.0,1.0
212040542275504380-2508242152-5,19361,2508242218,2508242218,2,,MEX,12,Stuttgart Hbf|Stuttgart-Bad Cannstatt|Esslingen(Neckar)|Plochingen,8006331,Wendlingen (Neckar),Baden-Württemberg,Wendlingen am Neckar,73240,9.373662098,48.67368917,3,2508242220,,2508242221,,,,,,,,,,,2.0,3.0
7413828724075969382-2508242224-1,16075,,2508242224,,,RE,200,,8006331,Wendlingen (Neckar),Baden-Württemberg,Wendlingen am Neckar,73240,9.373662098,48.67368917,3,,,2508242224,,h,3,Information,,,,,,,0.0,0.0
-3862696523251175756-2508242220-3,7173,2508242227,2508242227,12,,S,1,Kirchheim(Teck)|Kirchheim(Teck)-Ötlingen,8006331,Wendlingen (Neckar),Baden-Württemberg,Wendlingen am Neckar,73240,9.373662098,48.67368917,3,2508242227,,2508242228,,,,,,,,,,,0.0,1.0
-8538016055278338549-2508242216-6,19360,2508242240,2508242241,1,,MEX,12,Reutlingen Hbf|Metzingen(Württ)|Bempflingen|Nürtingen|Oberboihingen,8006331,Wendlingen (Neckar),Baden-Württemberg,Wendlingen am Neckar,73240,9.373662098,48.67368917,3,2508242240,,2508242241,,,,,,,,,,,0.0,0.0
-8066971989030589510-2508242130-12,19337,2508242250,2508242251,2,,MEX,18,Heilbronn Hbf|Nordheim(Württ)|Lauffen(Neckar)|Kirchheim(Neckar)|Walheim(Württ)|Besigheim|Bietigheim-Bissingen|Ludwigsburg|Kornwestheim Pbf|Esslingen(Neckar)|Plochingen,8006331,Wendlingen (Neckar),Baden-Württemberg,Wendlingen am Neckar,73240,9.373662098,48.67368917,3,2508242250,,2508242251,,,,,,,,,,,0.0,0.0
6090333868698703745-2508242125-11,7166,2508242202,2508242203,11,,S,1,Stuttgart Hbf|Stuttgart-Bad Cannstatt|Stuttgart-Untertürkheim|Esslingen-Mettingen|Esslingen(Neckar)|Oberesslingen|Esslingen-Zell|Altbach|Plochingen|Wernau(Neckar),8006331,Wendlingen (Neckar),Baden-Württemberg,Wendlingen am Neckar,73240,9.373662098,48.67368917,3,2508242205,,2508242206,,,,,,,,,,,3.0,3.0
5680698672680243057-2508242156-10,7168,2508242228,2508242229,2,,S,1,Stuttgart Hbf|Stuttgart-Bad Cannstatt|Stuttgart-Untertürkheim|Esslingen-Mettingen|Esslingen(Neckar)|Oberesslingen|Esslingen-Zell|Altbach|Plochingen,8006346,Wernau (Neckar),Baden-Württemberg,Wernau (Neckar),73249,9.413654423,48.69417221,4,2508242227,,2508242229,,,,,,,,,,,-1.0,0.0
-8289701104022316843-2508242225-10,7170,2508242258,2508242259,2,,S,1,Stuttgart Hbf|Stuttgart-Bad Cannstatt|Stuttgart-Untertürkheim|Esslingen-Mettingen|Esslingen(Neckar)|Oberesslingen|Esslingen-Zell|Altbach|Plochingen,8006346,Wernau (Neckar),Baden-Württemberg,Wernau (Neckar),73249,9.413654423,48.69417221,4,2508242259,,2508242300,,,,,,,,,,,1.0,1.0
-3862696523251175756-2508242220-4,7173,2508242230,2508242231,1,,S,1,Kirchheim(Teck)|Kirchheim(Teck)-Ötlingen|Wendlingen(Neckar),8006346,Wernau (Neckar),Baden-Württemberg,Wernau (Neckar),73249,9.413654423,48.69417221,4,2508242231,,2508242231,,,,,,,,,,,1.0,0.0
1733518000541873569-2508242150-4,7171,2508242200,2508242201,1,,S,1,Kirchheim(Teck)|Kirchheim(Teck)-Ötlingen|Wendlingen(Neckar),8006346,Wernau (Neckar),Baden-Württemberg,Wernau (Neckar),73249,9.413654423,48.69417221,4,2508242202,,2508242202,,,,,,,,,,,2.0,1.0
719653834349839228-2508242155-5,7366,2508242209,2508242209,2,,S,3,Fellbach|Waiblingen|Neustadt-Hohenacker|Schwaikheim,8006479,Winnenden,Baden-Württemberg,Winnenden,71364,9.392155928,48.8795625,3,2508242209,,2508242210,,,,,,,,,,,0.0,1.0
-7571165478431896455-2508242159-4,88629,2508242215,2508242216,2,,RE,90,Stuttgart Hbf|Stuttgart-Bad Cannstatt|Waiblingen,8006479,Winnenden,Baden-Württemberg,Winnenden,71364,9.392155928,48.8795625,3,2508242220,,2508242221,,,,,,,,,,,5.0,5.0
4129986010683108750-2508242211-4,7371,2508242219,2508242220,3,,S,3,Backnang|Maubach|Nellmersbach,8006479,Winnenden,Baden-Württemberg,Winnenden,71364,9.392155928,48.8795625,3,2508242220,,2508242221,,,,,,,,,,,1.0,1.0
-3456816008210395658-2508242036-19,26788,2508242244,2508242245,3,,RE,90,Nürnberg Hbf|Roßtal|Heilsbronn|Wicklesgreuth|Ansbach|Leutershausen-Wiedersbach|Dombühl|Schnelldorf|Crailsheim|Eckartshausen-Ilshofen|Schwäbisch Hall-Hessental|Gaildorf West|Fichtenberg|Fornsbach|Murrhardt|Sulzbach(Murr)|Oppenweiler(Württ)|Backnang,8006479,Winnenden,Baden-Württemberg,Winnenden,71364,9.392155928,48.8795625,3,2508242304,,2508242305,,,,,,,,,,,20.0,20.0
-494138626573649940-2508242225-5,7368,2508242239,2508242239,2,,S,3,Fellbach|Waiblingen|Neustadt-Hohenacker|Schwaikheim,8006479,Winnenden,Baden-Württemberg,Winnenden,71364,9.392155928,48.8795625,3,2508242239,,2508242239,,,,,,,,,,,0.0,0.0
-2279373399383894760-2508242241-4,7373,2508242249,2508242250,3,,S,3,Backnang|Maubach|Nellmersbach,8006479,Winnenden,Baden-Württemberg,Winnenden,71364,9.392155928,48.8795625,3,2508242250,,2508242251,,,,,,,,,,,1.0,1.0
-4551028339435730742-2508242220-11,7268,2508242250,2508242250,2,,S,2,Stuttgart Hbf|Stuttgart-Bad Cannstatt|Fellbach|Waiblingen|Rommelshausen|Stetten-Beinstein|Endersbach|Beutelsbach|Grunbach|Geradstetten,8006485,Winterbach (b Schorndorf),Baden-Württemberg,Winterbach,73650,9.481549751,48.79842743,4,2508242250,,2508242251,,,,,,,,,,,0.0,1.0
-6309040329427903805-2508242233-3,7273,2508242238,2508242238,1,,S,2,Schorndorf|Weiler(Rems),8006485,Winterbach (b Schorndorf),Baden-Württemberg,Winterbach,73650,9.481549751,48.79842743,4,2508242240,,2508242241,,,,,,,,,,,2.0,3.0
-6294731278479900645-2508242150-11,7266,2508242220,2508242220,2,,S,2,Stuttgart Hbf|Stuttgart-Bad Cannstatt|Fellbach|Waiblingen|Rommelshausen|Stetten-Beinstein|Endersbach|Beutelsbach|Grunbach|Geradstetten,8006485,Winterbach (b Schorndorf),Baden-Württemberg,Winterbach,73650,9.481549751,48.79842743,4,2508242220,,2508242221,,,,,,,,,,,0.0,1.0
1678705542121602631-2508242203-3,7271,2508242208,2508242208,1,,S,2,Schorndorf|Weiler(Rems),8006485,Winterbach (b Schorndorf),Baden-Württemberg,Winterbach,73650,9.481549751,48.79842743,4,2508242208,,2508242208,,,,,,,,,,,0.0,0.0
1355245828663087033-2508242204-5,7069,2508242213,2508242214,1,,S,60,Böblingen|Sindelfingen|Maichingen|Maichingen Nord,8003807,Magstadt,Baden-Württemberg,Magstadt,71106,8.965315746,48.73616033,6,2508242214,,2508242214,,,,,,,,,,,1.0,0.0
3179948115805207944-2508242239-3,7072,2508242245,2508242245,2,,S,60,Renningen|Renningen Süd,8003807,Magstadt,Baden-Württemberg,Magstadt,71106,8.965315746,48.73616033,6,2508242246,,2508242246,,,,,,,,,,,1.0,1.0
638916155102202133-2508242209-3,7070,2508242215,2508242215,2,,S,60,Renningen|Renningen Süd,8003807,Magstadt,Baden-Württemberg,Magstadt,71106,8.965315746,48.73616033,6,2508242217,,2508242217,,,,,,,,,,,2.0,2.0
-6377144391840629397-2508242234-5,7071,2508242243,2508242244,1,,S,60,Böblingen|Sindelfingen|Maichingen|Maichingen Nord,8003807,Magstadt,Baden-Württemberg,Magstadt,71106,8.965315746,48.73616033,6,2508242243,,2508242244,,,,,,,,,,,0.0,0.0
1355245828663087033-2508242204-4,7069,2508242211,2508242211,1,,S,60,Böblingen|Sindelfingen|Maichingen,8003834,Maichingen Nord,Baden-Württemberg,Sindelfingen,71069,8.979416996,48.72750392,5,2508242212,,2508242212,,,,,,,,,,,1.0,1.0
3179948115805207944-2508242239-4,7072,2508242247,2508242247,2,,S,60,Renningen|Renningen Süd|Magstadt,8003834,Maichingen Nord,Baden-Württemberg,Sindelfingen,71069,8.979416996,48.72750392,5,2508242247,,2508242248,,,,,,,,,,,0.0,1.0
638916155102202133-2508242209-4,7070,2508242217,2508242217,2,,S,60,Renningen|Renningen Süd|Magstadt,8003834,Maichingen Nord,Baden-Württemberg,Sindelfingen,71069,8.979416996,48.72750392,5,2508242219,,2508242219,,,,,,,,,,,2.0,2.0
-6377144391840629397-2508242234-4,7071,2508242241,2508242241,1,,S,60,Böblingen|Sindelfingen|Maichingen,8003834,Maichingen Nord,Baden-Württemberg,Sindelfingen,71069,8.979416996,48.72750392,5,2508242241,,2508242241,,,,,,,,,,,0.0,0.0
1355245828663087033-2508242204-3,7069,2508242209,2508242210,1,,S,60,Böblingen|Sindelfingen,8003808,Maichingen,Baden-Württemberg,Sindelfingen,71069,8.969606704,48.72162074,6,2508242210,,2508242211,,,,,,,,,,,1.0,1.0
3179948115805207944-2508242239-5,7072,2508242249,2508242249,1,,S,60,Renningen|Renningen Süd|Magstadt|Maichingen Nord,8003808,Maichingen,Baden-Württemberg,Sindelfingen,71069,8.969606704,48.72162074,6,2508242249,,2508242249,,,,,,,,,,,0.0,0.0
638916155102202133-2508242209-5,7070,2508242219,2508242219,1,,S,60,Renningen|Renningen Süd|Magstadt|Maichingen Nord,8003808,Maichingen,Baden-Württemberg,Sindelfingen,71069,8.969606704,48.72162074,6,2508242221,,2508242221,,,,,,,,,,,2.0,2.0
-6377144391840629397-2508242234-3,7071,2508242239,2508242240,1,,S,60,Böblingen|Sindelfingen,8003808,Maichingen,Baden-Württemberg,Sindelfingen,71069,8.969606704,48.72162074,6,2508242239,,2508242240,,,,,,,,,,,0.0,0.0
1355245828663087033-2508242204-6,7069,2508242217,2508242218,1,,S,60,Böblingen|Sindelfingen|Maichingen|Maichingen Nord|Magstadt,8005001,Renningen Süd,Baden-Württemberg,Renningen,71272,8.932068278,48.76261937,6,2508242218,,2508242218,,,,,,,,,,,1.0,0.0
3179948115805207944-2508242239-2,7072,2508242241,2508242241,2,,S,60,Renningen,8005001,Renningen Süd,Baden-Württemberg,Renningen,71272,8.932068278,48.76261937,6,2508242242,,2508242242,,,,,,,,,,,1.0,1.0
638916155102202133-2508242209-2,7070,2508242211,2508242211,2,,S,60,Renningen,8005001,Renningen Süd,Baden-Württemberg,Renningen,71272,8.932068278,48.76261937,6,2508242213,,2508242213,,,,,,,,,,,2.0,2.0
-6377144391840629397-2508242234-6,7071,2508242247,2508242248,1,,S,60,Böblingen|Sindelfingen|Maichingen|Maichingen Nord|Magstadt,8005001,Renningen Süd,Baden-Württemberg,Renningen,71272,8.932068278,48.76261937,6,2508242247,,2508242248,,,,,,,,,,,0.0,0.0
