ID,train_number,planned_arrival,planned_departure,planned_platform,planned_status,category_train,train,path,eva_nr,station_name,station_state,station_city,station_zipcode,station_long,station_lat,station_category,changed_arrival,changed_platform_arrival,changed_departure,changed_platform_departure,message_status,priority,info,arrival_hidden,departure_hidden,arrival_path,departure_path,arrival_status,departure_status,arrival_delay_m,departure_delay_m
6830165283023982751-2509041520-6,7145,2509041537,2509041537,3,,S,1,Kirchheim(Teck)|Kirchheim(Teck)-Ötlingen|Wendlingen(Neckar)|Wernau(Neckar)|Plochingen,8000508,Altbach,Baden-Württemberg,Altbach,73776,9.382434033,48.72031354,3,2509041538,,2509041538,,,,,,,,,,,1.0,1.0
-6176428807824195191-2509041525-8,7142,2509041549,2509041549,4,,S,1,Stuttgart Hbf|Stuttgart-Bad Cannstatt|Stuttgart-Untertürkheim|Esslingen-Mettingen|Esslingen(Neckar)|Oberesslingen|Esslingen-Zell,8000508,Altbach,Baden-Württemberg,Altbach,73776,9.382434033,48.72031354,3,2509041548,,2509041549,,,,,,,,,,,-1.0,0.0
353565874858451215-2509041455-8,7140,2509041519,2509041519,4,,S,1,Stuttgart Hbf|Stuttgart-Bad Cannstatt|Stuttgart-Untertürkheim|Esslingen-Mettingen|Esslingen(Neckar)|Oberesslingen|Esslingen-Zell,8000508,Altbach,Baden-Württemberg,Altbach,73776,9.382434033,48.72031354,3,2509041521,,2509041522,,,,,,,,,,,2.0,3.0
-275229670537218485-2509041450-6,7143,2509041507,2509041507,3,,S,1,Kirchheim(Teck)|Kirchheim(Teck)-Ötlingen|Wendlingen(Neckar)|Wernau(Neckar)|Plochingen,8000508,Altbach,Baden-Württemberg,Altbach,73776,9.382434033,48.72031354,3,2509041508,,2509041509,,,,,,,,,,,1.0,2.0
-4899815477540796252-2509041507-3,7543,2509041512,2509041513,3,,S,5,Bietigheim-Bissingen|Tamm(Württ),8000630,Asperg,Baden-Württemberg,Asperg,71679,9.147977466,48.90725609,4,2509041514,,2509041515,,,,,,,,,,,2.0,2.0
4881326774039345551-2509041527-5,7542,2509041547,2509041547,4,,S,5,Stuttgart Hbf|Stuttgart-Zuffenhausen|Kornwestheim Pbf|Ludwigsburg,8000630,Asperg,Baden-Württemberg,Asperg,71679,9.147977466,48.90725609,4,2509041547,,2509041548,,,,,,,,,,,0.0,1.0
6801304589286144337-2509041537-3,7545,2509041542,2509041543,3,,S,5,Bietigheim-Bissingen|Tamm(Württ),8000630,Asperg,Baden-Württemberg,Asperg,71679,9.147977466,48.90725609,4,2509041544,,2509041544,,,,,,,,,,,2.0,1.0
-8779513401122207470-2509041457-5,7540,2509041517,2509041517,4,,S,5,Stuttgart Hbf|Stuttgart-Zuffenhausen|Kornwestheim Pbf|Ludwigsburg,8000630,Asperg,Baden-Württemberg,Asperg,71679,9.147977466,48.90725609,4,2509041522,,2509041523,,,,,,,,,,,5.0,6.0
-8261116078888715749-2509041459-5,88621,2509041522,2509041524,4,,RE,90,Stuttgart Hbf|Stuttgart-Bad Cannstatt|Waiblingen|Winnenden,8000016,Backnang,Baden-Württemberg,Backnang,71522,9.425986107,48.94264844,3,2509041530,,2509041531,,,,,,,,,,,8.0,7.0
3936577842997907070-2509041503-1,7443,,2509041503,,,S,4,,8000016,Backnang,Baden-Württemberg,Backnang,71522,9.425986107,48.94264844,3,,,2509041503,,,,,,,,,,,0.0,0.0
-8547743709603473957-2509041533-1,7445,,2509041533,,,S,4,,8000016,Backnang,Baden-Württemberg,Backnang,71522,9.425986107,48.94264844,3,,,2509041533,,,,,,,,,,,0.0,0.0
-7289711712054290115-2509041511-1,7343,,2509041511,,,S,3,,8000016,Backnang,Baden-Württemberg,Backnang,71522,9.425986107,48.94264844,3,,,2509041511,,,,,,,,,,,0.0,0.0
1540421503107161944-2509041552-1,17535,,2509041552,,,MEX,19,,8000016,Backnang,Baden-Württemberg,Backnang,71522,9.425986107,48.94264844,3,,,2509041554,,,,,,,,,,,0.0,2.0
1564432240333127755-2509041507-12,7438,2509041552,,1,,S,,Stuttgart Hbf|Stuttgart-Zuffenhausen|Kornwestheim Pbf|Ludwigsburg|Favoritepark|Freiberg(Neckar)|Benningen(Neckar)|Marbach(Neckar)|Erdmannhausen|Kirchberg(Murr)|Burgstall(Murr),8000016,Backnang,Baden-Württemberg,Backnang,71522,9.425986107,48.94264844,3,2509041552,,,,,,,,,,,,,0.0,0.0
7310944986471241948-2509041503-6,17544,2509041536,2509041537,4,,MEX,90,Schwäbisch Hall-Hessental|Gaildorf West|Murrhardt|Sulzbach(Murr)|Oppenweiler(Württ),8000016,Backnang,Baden-Württemberg,Backnang,71522,9.425986107,48.94264844,3,2509041541,,2509041542,,h,2,Information,,,,,,,5.0,5.0
-8045206744668014000-2509041455-8,7338,2509041518,,5,,S,,Fellbach|Waiblingen|Neustadt-Hohenacker|Schwaikheim|Winnenden|Nellmersbach|Maubach,8000016,Backnang,Baden-Württemberg,Backnang,71522,9.425986107,48.94264844,3,2509041518,,,,,,,,,,,,,0.0,0.0
-7104295840480841845-2509041437-12,7436,2509041522,,1,,S,,Stuttgart Hbf|Stuttgart-Zuffenhausen|Kornwestheim Pbf|Ludwigsburg|Favoritepark|Freiberg(Neckar)|Benningen(Neckar)|Marbach(Neckar)|Erdmannhausen|Kirchberg(Murr)|Burgstall(Murr),8000016,Backnang,Baden-Württemberg,Backnang,71522,9.425986107,48.94264844,3,2509041522,,,,,,,,,,,,,0.0,0.0
4086867618548763257-2509041448-4,17540,2509041506,,3,,MEX,,Murrhardt|Sulzbach(Murr)|Oppenweiler(Württ),8000016,Backnang,Baden-Württemberg,Backnang,71522,9.425986107,48.94264844,3,2509041506,,,,,,,,,,,,,0.0,0.0
-2631247204850333298-2509041525-8,7340,2509041548,,5,,S,,Fellbach|Waiblingen|Neustadt-Hohenacker|Schwaikheim|Winnenden|Nellmersbach|Maubach,8000016,Backnang,Baden-Württemberg,Backnang,71522,9.425986107,48.94264844,3,2509041549,,,,,,,,,,,,,1.0,0.0
-3924626970669458370-2509041541-1,7345,,2509041541,,,S,3,,8000016,Backnang,Baden-Württemberg,Backnang,71522,9.425986107,48.94264844,3,,,2509041544,,,,,,,,,,,0.0,3.0
3936577842997907070-2509041503-6,7443,2509041527,2509041527,2,,S,4,Backnang|Burgstall(Murr)|Kirchberg(Murr)|Erdmannhausen|Marbach(Neckar),8000873,Benningen (Neckar),Baden-Württemberg,Benningen am Neckar,71726,9.244299075,48.94379773,5,2509041526,,2509041527,,,,,,,,,,,-1.0,0.0
-8547743709603473957-2509041533-6,7445,2509041557,2509041557,2,,S,4,Backnang|Burgstall(Murr)|Kirchberg(Murr)|Erdmannhausen|Marbach(Neckar),8000873,Benningen (Neckar),Baden-Württemberg,Benningen am Neckar,71726,9.244299075,48.94379773,5,2509041557,,2509041557,,,,,,,,,,,0.0,0.0
1564432240333127755-2509041507-7,7438,2509041532,2509041533,1,,S,4,Stuttgart Hbf|Stuttgart-Zuffenhausen|Kornwestheim Pbf|Ludwigsburg|Favoritepark|Freiberg(Neckar),8000873,Benningen (Neckar),Baden-Württemberg,Benningen am Neckar,71726,9.244299075,48.94379773,5,2509041533,,2509041534,,,,,,,,,,,1.0,1.0
-7104295840480841845-2509041437-7,7436,2509041502,2509041503,1,,S,4,Stuttgart Hbf|Stuttgart-Zuffenhausen|Kornwestheim Pbf|Ludwigsburg|Favoritepark|Freiberg(Neckar),8000873,Benningen (Neckar),Baden-Württemberg,Benningen am Neckar,71726,9.244299075,48.94379773,5,2509041505,,2509041505,,,,,,,,,,,3.0,2.0
-1015302136173583321-2509041520-8,7240,2509041543,2509041543,1,,S,2,Stuttgart Hbf|Stuttgart-Bad Cannstatt|Fellbach|Waiblingen|Rommelshausen|Stetten-Beinstein|Endersbach,8000934,Beutelsbach,Baden-Württemberg,Weinstadt,71384,9.38551589,48.81038925,5,2509041552,,2509041553,,,,,,,,,,,9.0,10.0
-3934810304618796517-2509041503-6,7243,2509041515,2509041515,2,,S,2,Schorndorf|Weiler(Rems)|Winterbach(b Schorndorf)|Geradstetten|Grunbach,8000934,Beutelsbach,Baden-Württemberg,Weinstadt,71384,9.38551589,48.81038925,5,2509041516,,2509041517,,,,,,,,,,,1.0,2.0
-3574262159782319876-2509041533-6,7245,2509041545,2509041545,2,,S,2,Schorndorf|Weiler(Rems)|Winterbach(b Schorndorf)|Geradstetten|Grunbach,8000934,Beutelsbach,Baden-Württemberg,Weinstadt,71384,9.38551589,48.81038925,5,2509041545,,2509041546,,,,,,,,,,,0.0,1.0
-5212313388548223160-2509041450-8,7238,2509041513,2509041513,1,,S,2,Stuttgart Hbf|Stuttgart-Bad Cannstatt|Fellbach|Waiblingen|Rommelshausen|Stetten-Beinstein|Endersbach,8000934,Beutelsbach,Baden-Württemberg,Weinstadt,71384,9.38551589,48.81038925,5,2509041514,,2509041514,,,,,,,,,,,1.0,1.0
5843927138225930066-2509041435-24,19623,2509041553,,7,,MEX,,Bruchsal|Bruchsal Tunnelstraße|Bruchsal Schlachthof|Heidelsheim Nord|Heidelsheim|Helmsheim|Gondelsheim Schlossstadion|Gondelsheim(Baden)|Diedelsheim|Bretten|Bretten Rechberg|Bretten-Ruit|Knittlingen-Kleinvillars|Ölbronn-Dürrn|Maulbronn West|Ötisheim|Mühlacker|Mühlacker Rößlesweg|Illingen(Württ)|Vaihingen(Enz)|Sersheim|Sachsenheim|Ellental,8000038,Bietigheim-Bissingen,Baden-Württemberg,Bietigheim-Bissingen,74321,9.137217396,48.94794988,2,2509041556,,,,,,,,,,,,,3.0,0.0
-3387242124464735916-2509041457-7,19229,2509041522,2509041525,8,,MEX,12,Heilbronn Hbf|Nordheim(Württ)|Lauffen(Neckar)|Kirchheim(Neckar)|Walheim(Württ)|Besigheim,8000038,Bietigheim-Bissingen,Baden-Württemberg,Bietigheim-Bissingen,74321,9.137217396,48.94794988,2,2509041523,,2509041525,,h,1,Bauarbeiten,,,,,,,1.0,0.0
-4899815477540796252-2509041507-1,7543,,2509041507,,,S,5,,8000038,Bietigheim-Bissingen,Baden-Württemberg,Bietigheim-Bissingen,74321,9.137217396,48.94794988,2,,,2509041508,,,,,,,,,,,0.0,1.0
-3167913090341203346-2509041332-9,19320,2509041459,2509041500,10,,MEX,18,Reutlingen Hbf|Metzingen(Württ)|Nürtingen|Wendlingen(Neckar)|Plochingen|Esslingen(Neckar)|Kornwestheim Pbf|Ludwigsburg,8000038,Bietigheim-Bissingen,Baden-Württemberg,Bietigheim-Bissingen,74321,9.137217396,48.94794988,2,2509041459,,2509041500,,,,,,,,,,,0.0,0.0
3853183525001441307-2509041444-12,19561,2509041524,,7,,MEX,,Pforzheim Hbf|Eutingen(Baden)|Niefern|Enzberg|Mühlacker|Mühlacker Rößlesweg|Illingen(Württ)|Vaihingen(Enz)|Sersheim|Sachsenheim|Ellental,8000038,Bietigheim-Bissingen,Baden-Württemberg,Bietigheim-Bissingen,74321,9.137217396,48.94794988,2,2509041526,,,,,,,,,,,,,2.0,0.0
-1448097473994887602-2509041451-16,19325,2509041555,2509041557,8,,MEX,18,Möckmühl|Züttlingen|Siglingen|Neudenau|Herbolzheim(Jagst)|Untergriesheim|Bad Friedrichshall Hbf|Neckarsulm|Heilbronn Sülmertor|Heilbronn Hbf|Nordheim(Württ)|Lauffen(Neckar)|Kirchheim(Neckar)|Walheim(Württ)|Besigheim,8000038,Bietigheim-Bissingen,Baden-Württemberg,Bietigheim-Bissingen,74321,9.137217396,48.94794988,2,2509041559,,2509041600,,,,,,,,,,,4.0,3.0
3650270977307003741-2509041532-1,19568,,2509041532,,,MEX,17a,,8000038,Bietigheim-Bissingen,Baden-Württemberg,Bietigheim-Bissingen,74321,9.137217396,48.94794988,2,,,2509041533,,,,,,,,,,,0.0,1.0
2649680568460804898-2509041521-2,19074,2509041528,2509041529,10,,RE,8,Ludwigsburg,8000038,Bietigheim-Bissingen,Baden-Württemberg,Bietigheim-Bissingen,74321,9.137217396,48.94794988,2,2509041556,,2509041535,,,,,,,,,c,,28.0,6.0
4881326774039345551-2509041527-7,7542,2509041554,,5,,S,,Stuttgart Hbf|Stuttgart-Zuffenhausen|Kornwestheim Pbf|Ludwigsburg|Asperg|Tamm(Württ),8000038,Bietigheim-Bissingen,Baden-Württemberg,Bietigheim-Bissingen,74321,9.137217396,48.94794988,2,2509041555,,,,,,,,,,,,,1.0,0.0
6801304589286144337-2509041537-1,7545,,2509041537,,,S,5,,8000038,Bietigheim-Bissingen,Baden-Württemberg,Bietigheim-Bissingen,74321,9.137217396,48.94794988,2,,,2509041538,,,,,,,,,,,0.0,1.0
-3646773911763842935-2509041504-1,19518,,2509041504,,,MEX,17a,,8000038,Bietigheim-Bissingen,Baden-Württemberg,Bietigheim-Bissingen,74321,9.137217396,48.94794988,2,,,2509041505,,,,,,,,,,,0.0,1.0
-9100416031795514469-2509041406-11,19234,2509041536,2509041536,10,,MEX,12,Reutlingen Hbf|Metzingen(Württ)|Nürtingen|Oberboihingen|Wendlingen(Neckar)|Plochingen|Esslingen(Neckar)|Stuttgart-Bad Cannstatt|Stuttgart Hbf|Ludwigsburg,8000038,Bietigheim-Bissingen,Baden-Württemberg,Bietigheim-Bissingen,74321,9.137217396,48.94794988,2,2509041537,9,2509041538,9,,,,,,,,,,1.0,2.0
-163550368743713946-2509041506-3,29087,2509041530,,,,RE,,Neckarsulm|Heilbronn Hbf,8000038,Bietigheim-Bissingen,Baden-Württemberg,Bietigheim-Bissingen,74321,9.137217396,48.94794988,2,2509041532,8,,,,,,,,,,,,2.0,0.0
3151947987552832297-2509041514-12,19523,2509041553,,7,,MEX,,Pforzheim Hbf|Eutingen(Baden)|Niefern|Enzberg|Mühlacker|Mühlacker Rößlesweg|Illingen(Württ)|Vaihingen(Enz)|Sersheim|Sachsenheim|Ellental,8000038,Bietigheim-Bissingen,Baden-Württemberg,Bietigheim-Bissingen,74321,9.137217396,48.94794988,2,2509041556,,,,,,,,,,,,,3.0,0.0
340273385678734332-2509041504-1,19618,,2509041504,,,MEX,17c,,8000038,Bietigheim-Bissingen,Baden-Württemberg,Bietigheim-Bissingen,74321,9.137217396,48.94794988,2,,,2509041505,,,,,,,,,,,0.0,1.0
-8779513401122207470-2509041457-7,7540,2509041524,,5,,S,,Stuttgart Hbf|Stuttgart-Zuffenhausen|Kornwestheim Pbf|Ludwigsburg|Asperg|Tamm(Württ),8000038,Bietigheim-Bissingen,Baden-Württemberg,Bietigheim-Bissingen,74321,9.137217396,48.94794988,2,2509041529,,,,,,,,,,,,,5.0,0.0
-144686004742347860-2509041533-3,19921,2509041556,,2,,RE,,Stuttgart Hbf|Stuttgart-Vaihingen,8001055,Böblingen,Baden-Württemberg,Böblingen,71034,9.004531864,48.68784871,3,2509041556,,,,,,,,,,,,,0.0,0.0
-7164744247011336626-2509041237-7,188,2509041509,2509041511,2,,IC,,Zürich HB|Schaffhausen|Singen(Hohentwiel)|Tuttlingen|Rottweil|Horb,8001055,Böblingen,Baden-Württemberg,Böblingen,71034,9.004531864,48.68784871,3,2509041527,,2509041529,,h,1,Information,,,,,,,18.0,18.0
3432156487698184996-2509041413-15,17656,2509041520,2509041521,2,,RE,14b,Freudenstadt Hbf|Grüntal-Wittlensweiler|Dornstetten-Aach|Dornstetten|Schopfloch(b Freudenstadt)|Bittelbronn|Horb-Heiligenfeld|Hochdorf(b Horb)|Eutingen Nord|Eutingen im Gäu|Ergenzingen|Bondorf(b Herrenberg)|Gäufelden|Herrenberg,8001055,Böblingen,Baden-Württemberg,Böblingen,71034,9.004531864,48.68784871,3,2509041520,,2509041521,,h,2,Information,,,,,,,0.0,0.0
7143365029900082015-2509041504-1,7041,,2509041504,,,S,60,,8001055,Böblingen,Baden-Württemberg,Böblingen,71034,9.004531864,48.68784871,3,,,2509041504,,h,1,Bauarbeiten,,,,,,,0.0,0.0
4042720994330791298-2509041446-4,7739,2509041459,2509041500,4,,S,1,Stuttgart-Vaihingen|Stuttgart-Rohr|Goldberg(Württ),8001055,Böblingen,Baden-Württemberg,Böblingen,71034,9.004531864,48.68784871,3,2509041500,,2509041501,,,,,,,,,,,1.0,1.0
5999531724712975762-2509041442-15,7042,2509041526,,5,,S,,Stuttgart-Zuffenhausen|Neuwirtshaus(Porscheplatz)|Korntal|Weilimdorf|Ditzingen|Höfingen|Leonberg|Rutesheim|Renningen|Renningen Süd|Magstadt|Maichingen Nord|Maichingen|Sindelfingen,8001055,Böblingen,Baden-Württemberg,Böblingen,71034,9.004531864,48.68784871,3,2509041526,,,,h,1,Bauarbeiten,,,,,,,0.0,0.0
968865099586091217-2509041446-6,7742,2509041500,2509041500,3,,S,1,Herrenberg|Nufringen|Gärtringen|Ehningen(b Böblingen)|Hulb,8001055,Böblingen,Baden-Württemberg,Böblingen,71034,9.004531864,48.68784871,3,2509041500,,2509041501,,,,,,,,,,,0.0,1.0
-6317899099651385370-2509041534-1,7043,,2509041534,,,S,60,,8001055,Böblingen,Baden-Württemberg,Böblingen,71034,9.004531864,48.68784871,3,,,2509041535,,h,1,Bauarbeiten,,,,,,,0.0,1.0
1045285798858472014-2509041502-12,8121,2509041525,,1,,WEG,,Dettenhausen|Weil im Schönbuch Untere Halde|Weil im Schönbuch Röte|Weil im Schönbuch Troppel|Holzgerlingen Buch|Holzgerlingen Bf|Holzgerlingen Hülben|Böblingen Zimmerschlag|Böblingen Heusteigstr|Böblingen Südbf|Böblingen Danziger Str,8001055,Böblingen,Baden-Württemberg,Böblingen,71034,9.004531864,48.68784871,3,2509041526,,,,,,,,,,,,,1.0,0.0
8842144962351890374-2509041532-12,8125,2509041555,,1,,WEG,,Dettenhausen|Weil im Schönbuch Untere Halde|Weil im Schönbuch Röte|Weil im Schönbuch Troppel|Holzgerlingen Buch|Holzgerlingen Bf|Holzgerlingen Hülben|Böblingen Zimmerschlag|Böblingen Heusteigstr|Böblingen Südbf|Böblingen Danziger Str,8001055,Böblingen,Baden-Württemberg,Böblingen,71034,9.004531864,48.68784871,3,2509041555,,,,,,,,,,,,,0.0,0.0
-9001439101547344471-2509041402-10,17658,2509041520,2509041521,2,,RE,14a,Rottweil|Oberndorf(Neckar)|Sulz(Neckar)|Horb|Eutingen im Gäu|Ergenzingen|Bondorf(b Herrenberg)|Gäufelden|Herrenberg,8001055,Böblingen,Baden-Württemberg,Böblingen,71034,9.004531864,48.68784871,3,2509041519,,2509041521,,h,2,Information,,,,,,,-1.0,0.0
6036503238720280244-2509041546-4,7743,2509041559,2509041600,4,,S,1,Stuttgart-Vaihingen|Stuttgart-Rohr|Goldberg(Württ),8001055,Böblingen,Baden-Württemberg,Böblingen,71034,9.004531864,48.68784871,3,2509041601,,2509041602,,,,,,,,,,,2.0,2.0
-2633182889601930465-2509041336-5,50188,2509041509,2509041511,2,,RE,87,Singen(Hohentwiel)|Tuttlingen|Rottweil|Horb,8001055,Böblingen,Baden-Württemberg,Böblingen,71034,9.004531864,48.68784871,3,2509041527,,2509041529,,h,1,Information,,,,,,,18.0,18.0
6415427064152556957-2509041516-4,7741,2509041529,2509041530,4,,S,1,Stuttgart-Vaihingen|Stuttgart-Rohr|Goldberg(Württ),8001055,Böblingen,Baden-Württemberg,Böblingen,71034,9.004531864,48.68784871,3,2509041530,,2509041531,,,,,,,,,,,1.0,1.0
5474570967830411052-2509041516-6,7744,2509041530,2509041530,3,,S,1,Herrenberg|Nufringen|Gärtringen|Ehningen(b Böblingen)|Hulb,8001055,Böblingen,Baden-Württemberg,Böblingen,71034,9.004531864,48.68784871,3,2509041534,,2509041535,,,,,,,,,,,4.0,5.0
-8508751822761551890-2509041535-1,8124,,2509041535,,,WEG,RB46,,8001055,Böblingen,Baden-Württemberg,Böblingen,71034,9.004531864,48.68784871,3,,,2509041535,,,,,,,,,,,0.0,0.0
4648300142981777457-2509041512-15,7044,2509041556,,5,,S,,Stuttgart-Zuffenhausen|Neuwirtshaus(Porscheplatz)|Korntal|Weilimdorf|Ditzingen|Höfingen|Leonberg|Rutesheim|Renningen|Renningen Süd|Magstadt|Maichingen Nord|Maichingen|Sindelfingen,8001055,Böblingen,Baden-Württemberg,Böblingen,71034,9.004531864,48.68784871,3,2509041556,,,,h,1,Bauarbeiten,,,,,,,0.0,0.0
-3777293467106448269-2509041503-1,19920,,2509041503,,,RE,,,8001055,Böblingen,Baden-Württemberg,Böblingen,71034,9.004531864,48.68784871,3,,,2509041505,,,,,,,,,,,0.0,2.0
2843072095921400644-2509041505-1,8120,,2509041505,,,WEG,RB46,,8001055,Böblingen,Baden-Württemberg,Böblingen,71034,9.004531864,48.68784871,3,,,2509041505,,,,,,,,,,,0.0,0.0
3936577842997907070-2509041503-2,7443,2509041507,2509041508,1,,S,4,Backnang,8001296,Burgstall (Murr),Baden-Württemberg,Burgstetten,71576,9.36973562,48.92851826,6,2509041508,,2509041508,,,,,,,,,,,1.0,0.0
-8547743709603473957-2509041533-2,7445,2509041537,2509041538,1,,S,4,Backnang,8001296,Burgstall (Murr),Baden-Württemberg,Burgstetten,71576,9.36973562,48.92851826,6,2509041537,,2509041538,,,,,,,,,,,0.0,0.0
1564432240333127755-2509041507-11,7438,2509041547,2509041547,1,,S,4,Stuttgart Hbf|Stuttgart-Zuffenhausen|Kornwestheim Pbf|Ludwigsburg|Favoritepark|Freiberg(Neckar)|Benningen(Neckar)|Marbach(Neckar)|Erdmannhausen|Kirchberg(Murr),8001296,Burgstall (Murr),Baden-Württemberg,Burgstetten,71576,9.36973562,48.92851826,6,2509041547,,2509041547,,,,,,,,,,,0.0,0.0
-7104295840480841845-2509041437-11,7436,2509041517,2509041517,1,,S,4,Stuttgart Hbf|Stuttgart-Zuffenhausen|Kornwestheim Pbf|Ludwigsburg|Favoritepark|Freiberg(Neckar)|Benningen(Neckar)|Marbach(Neckar)|Erdmannhausen|Kirchberg(Murr),8001296,Burgstall (Murr),Baden-Württemberg,Burgstetten,71576,9.36973562,48.92851826,6,2509041517,,2509041517,,,,,,,,,,,0.0,0.0
-4263108336817959130-2509041524-6,7640,2509041536,2509041536,2,,S,6,Stuttgart-Feuerbach|Stuttgart-Zuffenhausen|Neuwirtshaus(Porscheplatz)|Korntal|Weilimdorf,8001476,Ditzingen,Baden-Württemberg,Ditzingen,71254,9.067095186,48.82358726,4,2509041535,,2509041536,,h,1,Bauarbeiten,,,,,,,-1.0,0.0
7143365029900082015-2509041504-11,7041,2509041539,2509041539,3,,S,60,Böblingen|Sindelfingen|Maichingen|Maichingen Nord|Magstadt|Renningen Süd|Renningen|Rutesheim|Leonberg|Höfingen,8001476,Ditzingen,Baden-Württemberg,Ditzingen,71254,9.067095186,48.82358726,4,2509041539,,2509041539,,h,1,Bauarbeiten,,,,,,,0.0,0.0
-3211478262182188991-2509041533-7,7645,2509041554,2509041554,3,,S,6,Weil der Stadt|Malmsheim|Renningen|Rutesheim|Leonberg|Höfingen,8001476,Ditzingen,Baden-Württemberg,Ditzingen,71254,9.067095186,48.82358726,4,2509041554,,2509041554,,h,1,Bauarbeiten,,,,,,,0.0,0.0
-3747023062711209303-2509041434-11,7039,2509041509,2509041509,3,,S,60,Böblingen|Sindelfingen|Maichingen|Maichingen Nord|Magstadt|Renningen Süd|Renningen|Rutesheim|Leonberg|Höfingen,8001476,Ditzingen,Baden-Württemberg,Ditzingen,71254,9.067095186,48.82358726,4,2509041509,,2509041509,,h,1,Bauarbeiten,,,,,,,0.0,0.0
2868150562617045701-2509041542-5,7046,2509041551,2509041551,2,,S,60,Stuttgart-Zuffenhausen|Neuwirtshaus(Porscheplatz)|Korntal|Weilimdorf,8001476,Ditzingen,Baden-Württemberg,Ditzingen,71254,9.067095186,48.82358726,4,2509041551,,2509041551,,h,1,Bauarbeiten,,,,,,,0.0,0.0
4648300142981777457-2509041512-5,7044,2509041521,2509041521,2,,S,60,Stuttgart-Zuffenhausen|Neuwirtshaus(Porscheplatz)|Korntal|Weilimdorf,8001476,Ditzingen,Baden-Württemberg,Ditzingen,71254,9.067095186,48.82358726,4,2509041521,,2509041522,,h,1,Bauarbeiten,,,,,,,0.0,1.0
5272994574383755126-2509041454-6,7638,2509041506,2509041506,2,,S,6,Stuttgart-Feuerbach|Stuttgart-Zuffenhausen|Neuwirtshaus(Porscheplatz)|Korntal|Weilimdorf,8001476,Ditzingen,Baden-Württemberg,Ditzingen,71254,9.067095186,48.82358726,4,2509041506,,2509041507,,h,1,Bauarbeiten,,,,,,,0.0,1.0
-5444476258917657908-2509041503-7,7643,2509041524,2509041524,3,,S,6,Weil der Stadt|Malmsheim|Renningen|Rutesheim|Leonberg|Höfingen,8001476,Ditzingen,Baden-Württemberg,Ditzingen,71254,9.067095186,48.82358726,4,2509041524,,2509041524,,h,1,Bauarbeiten,,,,,,,0.0,0.0
-5830863712080480053-2509041535-5,7943,2509041549,2509041550,1,,S,2,Stuttgart-Vaihingen|Stuttgart-Rohr|Oberaichen|Leinfelden,8001650,Echterdingen,Baden-Württemberg,Echterdingen,70771,9.169307175,48.69214787,4,2509041549,,2509041550,,,,,,,,,,,0.0,0.0
4714297703339606135-2509041505-5,7941,2509041519,2509041520,1,,S,2,Stuttgart-Vaihingen|Stuttgart-Rohr|Oberaichen|Leinfelden,8001650,Echterdingen,Baden-Württemberg,Echterdingen,70771,9.169307175,48.69214787,4,2509041519,,2509041520,,,,,,,,,,,0.0,0.0
2433953663782501013-2509041533-3,7942,2509041540,2509041540,2,,S,2,Filderstadt|Stuttgart Flughafen/Messe,8001650,Echterdingen,Baden-Württemberg,Echterdingen,70771,9.169307175,48.69214787,4,2509041539,,2509041540,,,,,,,,,,,-1.0,0.0
6321005766427466470-2509041503-3,7940,2509041510,2509041510,2,,S,2,Filderstadt|Stuttgart Flughafen/Messe,8001650,Echterdingen,Baden-Württemberg,Echterdingen,70771,9.169307175,48.69214787,4,2509041509,,2509041510,,,,,,,,,,,-1.0,0.0
4046308478119658372-2509041546-4,7746,2509041555,2509041555,1,,S,1,Herrenberg|Nufringen|Gärtringen,8001689,Ehningen (b Böblingen),Baden-Württemberg,Ehningen,71139,8.944310368,48.66275549,4,2509041555,,2509041555,,,,,,,,,,,0.0,0.0
4042720994330791298-2509041446-6,7739,2509041505,2509041505,2,,S,1,Stuttgart-Vaihingen|Stuttgart-Rohr|Goldberg(Württ)|Böblingen|Hulb,8001689,Ehningen (b Böblingen),Baden-Württemberg,Ehningen,71139,8.944310368,48.66275549,4,2509041505,,2509041506,,,,,,,,,,,0.0,1.0
6415427064152556957-2509041516-6,7741,2509041535,2509041535,2,,S,1,Stuttgart-Vaihingen|Stuttgart-Rohr|Goldberg(Württ)|Böblingen|Hulb,8001689,Ehningen (b Böblingen),Baden-Württemberg,Ehningen,71139,8.944310368,48.66275549,4,2509041536,,2509041536,,,,,,,,,,,1.0,1.0
5474570967830411052-2509041516-4,7744,2509041525,2509041525,1,,S,1,Herrenberg|Nufringen|Gärtringen,8001689,Ehningen (b Böblingen),Baden-Württemberg,Ehningen,71139,8.944310368,48.66275549,4,2509041529,,2509041529,,,,,,,,,,,4.0,4.0
-1015302136173583321-2509041520-7,7240,2509041541,2509041541,2,,S,2,Stuttgart Hbf|Stuttgart-Bad Cannstatt|Fellbach|Waiblingen|Rommelshausen|Stetten-Beinstein,8001785,Endersbach,Baden-Württemberg,Weinstadt,71384,9.370192421,48.81317323,4,2509041551,,2509041551,,,,,,,,,,,10.0,10.0
-3934810304618796517-2509041503-7,7243,2509041517,2509041517,3,,S,2,Schorndorf|Weiler(Rems)|Winterbach(b Schorndorf)|Geradstetten|Grunbach|Beutelsbach,8001785,Endersbach,Baden-Württemberg,Weinstadt,71384,9.370192421,48.81317323,4,2509041518,,2509041520,,,,,,,,,,,1.0,3.0
-3574262159782319876-2509041533-7,7245,2509041547,2509041547,3,,S,2,Schorndorf|Weiler(Rems)|Winterbach(b Schorndorf)|Geradstetten|Grunbach|Beutelsbach,8001785,Endersbach,Baden-Württemberg,Weinstadt,71384,9.370192421,48.81317323,4,2509041547,,2509041548,,,,,,,,,,,0.0,1.0
-5212313388548223160-2509041450-7,7238,2509041511,2509041511,2,,S,2,Stuttgart Hbf|Stuttgart-Bad Cannstatt|Fellbach|Waiblingen|Rommelshausen|Stetten-Beinstein,8001785,Endersbach,Baden-Württemberg,Weinstadt,71384,9.370192421,48.81317323,4,2509041512,,2509041512,,,,,,,,,,,1.0,1.0
3936577842997907070-2509041503-4,7443,2509041517,2509041517,1,,S,4,Backnang|Burgstall(Murr)|Kirchberg(Murr),8001827,Erdmannhausen,Baden-Württemberg,Erdmannhausen,71729,9.298930848,48.9483447,6,2509041517,,2509041518,,,,,,,,,,,0.0,1.0
-8547743709603473957-2509041533-4,7445,2509041547,2509041547,1,,S,4,Backnang|Burgstall(Murr)|Kirchberg(Murr),8001827,Erdmannhausen,Baden-Württemberg,Erdmannhausen,71729,9.298930848,48.9483447,6,2509041547,,2509041547,,,,,,,,,,,0.0,0.0
1564432240333127755-2509041507-9,7438,2509041540,2509041540,1,,S,4,Stuttgart Hbf|Stuttgart-Zuffenhausen|Kornwestheim Pbf|Ludwigsburg|Favoritepark|Freiberg(Neckar)|Benningen(Neckar)|Marbach(Neckar),8001827,Erdmannhausen,Baden-Württemberg,Erdmannhausen,71729,9.298930848,48.9483447,6,2509041540,,2509041541,,,,,,,,,,,0.0,1.0
-7104295840480841845-2509041437-9,7436,2509041510,2509041510,1,,S,4,Stuttgart Hbf|Stuttgart-Zuffenhausen|Kornwestheim Pbf|Ludwigsburg|Favoritepark|Freiberg(Neckar)|Benningen(Neckar)|Marbach(Neckar),8001827,Erdmannhausen,Baden-Württemberg,Erdmannhausen,71729,9.298930848,48.9483447,6,2509041510,,2509041511,,,,,,,,,,,0.0,1.0
3762301582140299933-2509041405-4,567,2509041458,2509041500,5,,ICE,,Karlsruhe Hbf|Bruchsal|Vaihingen(Enz),8001920,Esslingen (Neckar),Baden-Württemberg,Esslingen am Neckar,73728,9.300578149,48.73854148,3,2509041458,6,2509041500,6,h,2,Information,,,,,,,0.0,0.0
-4400107617632202503-2509041542-3,19153,2509041553,2509041554,5,,MEX,16,Stuttgart Hbf|Stuttgart-Bad Cannstatt,8001920,Esslingen (Neckar),Baden-Württemberg,Esslingen am Neckar,73728,9.300578149,48.73854148,3,2509041556,6,2509041557,6,,,,,,,,,,3.0,3.0
3654555183322043812-2509041432-6,19322,2509041525,2509041526,3,,MEX,18,Reutlingen Hbf|Metzingen(Württ)|Nürtingen|Wendlingen(Neckar)|Plochingen,8001920,Esslingen (Neckar),Baden-Württemberg,Esslingen am Neckar,73728,9.300578149,48.73854148,3,2509041525,,2509041526,,,,,,,,,,,0.0,0.0
109318085949003122-2509041537-2,4223,2509041546,2509041549,5,,RE,5,Stuttgart Hbf,8001920,Esslingen (Neckar),Baden-Württemberg,Esslingen am Neckar,73728,9.300578149,48.73854148,3,2509041552,,2509041553,,,,,,,,,,,6.0,4.0
-8664302989770225281-2509041351-19,19323,2509041534,2509041535,6,,MEX,18,Möckmühl|Züttlingen|Siglingen|Neudenau|Herbolzheim(Jagst)|Untergriesheim|Bad Friedrichshall Hbf|Neckarsulm|Heilbronn Sülmertor|Heilbronn Hbf|Nordheim(Württ)|Lauffen(Neckar)|Kirchheim(Neckar)|Walheim(Württ)|Besigheim|Bietigheim-Bissingen|Ludwigsburg|Kornwestheim Pbf,8001920,Esslingen (Neckar),Baden-Württemberg,Esslingen am Neckar,73728,9.300578149,48.73854148,3,2509041538,,2509041539,,c,,,,,,,,,4.0,4.0
6830165283023982751-2509041520-9,7145,2509041544,2509041545,7,,S,1,Kirchheim(Teck)|Kirchheim(Teck)-Ötlingen|Wendlingen(Neckar)|Wernau(Neckar)|Plochingen|Altbach|Esslingen-Zell|Oberesslingen,8001920,Esslingen (Neckar),Baden-Württemberg,Esslingen am Neckar,73728,9.300578149,48.73854148,3,2509041545,,2509041545,,,,,,,,,,,1.0,0.0
-7424799054836767456-2509041344-20,19148,2509041504,2509041505,3,,MEX,16,Ulm Hbf|Beimerstetten|Westerstetten|Lonsee|Urspring|Amstetten(Württ)|Geislingen(Steige)|Geislingen(Steige)West|Kuchen|Gingen(Fils)|Süßen|Salach|Eislingen(Fils)|Göppingen|Faurndau|Uhingen|Ebersbach(Fils)|Reichenbach(Fils)|Plochingen,8001920,Esslingen (Neckar),Baden-Württemberg,Esslingen am Neckar,73728,9.300578149,48.73854148,3,2509041504,,2509041505,,,,,,,,,,,0.0,0.0
-442773149865894030-2509041506-7,19324,2509041553,2509041554,3,,MEX,18,Reutlingen Hbf|Metzingen(Württ)|Nürtingen|Oberboihingen|Wendlingen(Neckar)|Plochingen,8001920,Esslingen (Neckar),Baden-Württemberg,Esslingen am Neckar,73728,9.300578149,48.73854148,3,2509041554,,2509041555,,,,,,,,,,,1.0,1.0
-2026324236731915142-2509040852-18,118,2509041500,2509041507,2,,ICE,,Innsbruck Hbf|Ötztal|Landeck-Zams|St. Anton am Arlberg|Langen am Arlberg|Bludenz|Feldkirch|Rankweil|Hohenems|Dornbirn|Bregenz Riedenburg|Bregenz|Lindau-Reutin|Friedrichshafen Stadt|Ravensburg|Biberach(Riß)|Ulm Hbf,8001920,Esslingen (Neckar),Baden-Württemberg,Esslingen am Neckar,73728,9.300578149,48.73854148,3,2509041454,,2509041508,,,,,,,,,,,-6.0,1.0
-6176428807824195191-2509041525-5,7142,2509041542,2509041542,8,,S,1,Stuttgart Hbf|Stuttgart-Bad Cannstatt|Stuttgart-Untertürkheim|Esslingen-Mettingen,8001920,Esslingen (Neckar),Baden-Württemberg,Esslingen am Neckar,73728,9.300578149,48.73854148,3,2509041542,,2509041542,,,,,,,,,,,0.0,0.0
7108560216606641199-2509041303-12,4218,2509041509,2509041510,3,,RE,5,Friedrichshafen Stadt|Meckenbeuren|Ravensburg|Aulendorf|Bad Schussenried|Biberach(Riß)|Laupheim West|Ulm Hbf|Geislingen(Steige)|Göppingen|Plochingen,8001920,Esslingen (Neckar),Baden-Württemberg,Esslingen am Neckar,73728,9.300578149,48.73854148,3,2509041515,,2509041515,,h,2,Störung,,,,,,,6.0,5.0
-7943516118168061046-2509041357-11,19227,2509041505,2509041505,6,,MEX,12,Heilbronn Hbf|Nordheim(Württ)|Lauffen(Neckar)|Kirchheim(Neckar)|Walheim(Württ)|Besigheim|Bietigheim-Bissingen|Ludwigsburg|Stuttgart Hbf|Stuttgart-Bad Cannstatt,8001920,Esslingen (Neckar),Baden-Württemberg,Esslingen am Neckar,73728,9.300578149,48.73854148,3,2509041507,8,2509041508,8,h,1,Bauarbeiten,,,,,,,2.0,3.0
9042395260942796037-2509041419-6,117,2509041558,2509041604,5,,ICE,,Frankfurt(Main)Hbf|Darmstadt Hbf|Bensheim|Weinheim(Bergstr)Hbf|Heidelberg Hbf,8001920,Esslingen (Neckar),Baden-Württemberg,Esslingen am Neckar,73728,9.300578149,48.73854148,3,2509041607,,2509041611,,c,,,,,,,,,9.0,7.0
353565874858451215-2509041455-5,7140,2509041512,2509041512,8,,S,1,Stuttgart Hbf|Stuttgart-Bad Cannstatt|Stuttgart-Untertürkheim|Esslingen-Mettingen,8001920,Esslingen (Neckar),Baden-Württemberg,Esslingen am Neckar,73728,9.300578149,48.73854148,3,2509041513,,2509041514,,,,,,,,,,,1.0,2.0
-940035628142522529-2509040842-25,114,2509041551,2509041601,2,,ICE,,Klagenfurt Hbf|Krumpendorf/Wörthersee|Pörtschach am Wörther See|Velden am Wörther See|Villach Hbf|Spittal-Millstättersee|Mallnitz-Obervellach|Bad Gastein|Bad Hofgastein|Dorfgastein|Schwarzach-St.Veit|St. Johann im Pongau|Bischofshofen|Golling-Abtenau|Salzburg Hbf|Freilassing|Traunstein|Prien am Chiemsee|Rosenheim|München Ost|München Hbf|Augsburg Hbf|Günzburg|Ulm Hbf,8001920,Esslingen (Neckar),Baden-Württemberg,Esslingen am Neckar,73728,9.300578149,48.73854148,3,2509041552,,2509041602,,,,,,,,,,,1.0,1.0
-275229670537218485-2509041450-9,7143,2509041514,2509041515,7,,S,1,Kirchheim(Teck)|Kirchheim(Teck)-Ötlingen|Wendlingen(Neckar)|Wernau(Neckar)|Plochingen|Altbach|Esslingen-Zell|Oberesslingen,8001920,Esslingen (Neckar),Baden-Württemberg,Esslingen am Neckar,73728,9.300578149,48.73854148,3,2509041515,,2509041516,,,,,,,,,,,1.0,1.0
6830165283023982751-2509041520-10,7145,2509041546,2509041547,3,,S,1,Kirchheim(Teck)|Kirchheim(Teck)-Ötlingen|Wendlingen(Neckar)|Wernau(Neckar)|Plochingen|Altbach|Esslingen-Zell|Oberesslingen|Esslingen(Neckar),8001921,Esslingen-Mettingen,Baden-Württemberg,Esslingen am Neckar,73733,9.275799007,48.74696655,3,2509041547,,2509041548,,,,,,,,,,,1.0,1.0
-6176428807824195191-2509041525-4,7142,2509041538,2509041539,4,,S,1,Stuttgart Hbf|Stuttgart-Bad Cannstatt|Stuttgart-Untertürkheim,8001921,Esslingen-Mettingen,Baden-Württemberg,Esslingen am Neckar,73733,9.275799007,48.74696655,3,2509041539,,2509041539,,,,,,,,,,,1.0,0.0
353565874858451215-2509041455-4,7140,2509041508,2509041509,4,,S,1,Stuttgart Hbf|Stuttgart-Bad Cannstatt|Stuttgart-Untertürkheim,8001921,Esslingen-Mettingen,Baden-Württemberg,Esslingen am Neckar,73733,9.275799007,48.74696655,3,2509041510,,2509041510,,,,,,,,,,,2.0,1.0
-275229670537218485-2509041450-10,7143,2509041516,2509041517,3,,S,1,Kirchheim(Teck)|Kirchheim(Teck)-Ötlingen|Wendlingen(Neckar)|Wernau(Neckar)|Plochingen|Altbach|Esslingen-Zell|Oberesslingen|Esslingen(Neckar),8001921,Esslingen-Mettingen,Baden-Württemberg,Esslingen am Neckar,73733,9.275799007,48.74696655,3,2509041518,,2509041519,,,,,,,,,,,2.0,2.0
6830165283023982751-2509041520-7,7145,2509041539,2509041539,3,,S,1,Kirchheim(Teck)|Kirchheim(Teck)-Ötlingen|Wendlingen(Neckar)|Wernau(Neckar)|Plochingen|Altbach,8006642,Esslingen-Zell,Baden-Württemberg,Esslingen am Neckar,73730,9.359739507,48.72436142,3,2509041540,,2509041540,,,,,,,,,,,1.0,1.0
-6176428807824195191-2509041525-7,7142,2509041547,2509041547,4,,S,1,Stuttgart Hbf|Stuttgart-Bad Cannstatt|Stuttgart-Untertürkheim|Esslingen-Mettingen|Esslingen(Neckar)|Oberesslingen,8006642,Esslingen-Zell,Baden-Württemberg,Esslingen am Neckar,73730,9.359739507,48.72436142,3,2509041546,,2509041547,,,,,,,,,,,-1.0,0.0
353565874858451215-2509041455-7,7140,2509041517,2509041517,4,,S,1,Stuttgart Hbf|Stuttgart-Bad Cannstatt|Stuttgart-Untertürkheim|Esslingen-Mettingen|Esslingen(Neckar)|Oberesslingen,8006642,Esslingen-Zell,Baden-Württemberg,Esslingen am Neckar,73730,9.359739507,48.72436142,3,2509041519,,2509041519,,,,,,,,,,,2.0,2.0
-275229670537218485-2509041450-7,7143,2509041509,2509041509,3,,S,1,Kirchheim(Teck)|Kirchheim(Teck)-Ötlingen|Wendlingen(Neckar)|Wernau(Neckar)|Plochingen|Altbach,8006642,Esslingen-Zell,Baden-Württemberg,Esslingen am Neckar,73730,9.359739507,48.72436142,3,2509041511,,2509041511,,,,,,,,,,,2.0,2.0
3936577842997907070-2509041503-8,7443,2509041533,2509041533,2,,S,4,Backnang|Burgstall(Murr)|Kirchberg(Murr)|Erdmannhausen|Marbach(Neckar)|Benningen(Neckar)|Freiberg(Neckar),8001967,Favoritepark,Baden-Württemberg,Ludwigsburg,71634,9.180574277,48.90948451,5,2509041533,,2509041533,,,,,,,,,,,0.0,0.0
1564432240333127755-2509041507-5,7438,2509041526,2509041526,1,,S,4,Stuttgart Hbf|Stuttgart-Zuffenhausen|Kornwestheim Pbf|Ludwigsburg,8001967,Favoritepark,Baden-Württemberg,Ludwigsburg,71634,9.180574277,48.90948451,5,2509041527,,2509041527,,,,,,,,,,,1.0,1.0
-2365839264405796350-2509041537-5,7440,2509041556,2509041556,1,,S,4,Stuttgart Hbf|Stuttgart-Zuffenhausen|Kornwestheim Pbf|Ludwigsburg,8001967,Favoritepark,Baden-Württemberg,Ludwigsburg,71634,9.180574277,48.90948451,5,2509041559,,2509041600,,,,,,,,,,,3.0,4.0
195941745446539029-2509041433-8,7441,2509041503,2509041503,2,,S,4,Backnang|Burgstall(Murr)|Kirchberg(Murr)|Erdmannhausen|Marbach(Neckar)|Benningen(Neckar)|Freiberg(Neckar),8001967,Favoritepark,Baden-Württemberg,Ludwigsburg,71634,9.180574277,48.90948451,5,2509041503,,2509041504,,,,,,,,,,,0.0,1.0
-1015302136173583321-2509041520-3,7240,2509041531,2509041532,1,,S,2,Stuttgart Hbf|Stuttgart-Bad Cannstatt,8001974,Fellbach,Baden-Württemberg,Fellbach,70736,9.270645988,48.8202936,3,2509041541,,2509041541,,,,,,,,,,,10.0,9.0
-3934810304618796517-2509041503-11,7243,2509041527,2509041528,3,,S,2,Schorndorf|Weiler(Rems)|Winterbach(b Schorndorf)|Geradstetten|Grunbach|Beutelsbach|Endersbach|Stetten-Beinstein|Rommelshausen|Waiblingen,8001974,Fellbach,Baden-Württemberg,Fellbach,70736,9.270645988,48.8202936,3,2509041531,,2509041531,,,,,,,,,,,4.0,3.0
-3574262159782319876-2509041533-11,7245,2509041557,2509041558,3,,S,2,Schorndorf|Weiler(Rems)|Winterbach(b Schorndorf)|Geradstetten|Grunbach|Beutelsbach|Endersbach|Stetten-Beinstein|Rommelshausen|Waiblingen,8001974,Fellbach,Baden-Württemberg,Fellbach,70736,9.270645988,48.8202936,3,2509041558,,2509041559,,,,,,,,,,,1.0,1.0
-8962126915234620710-2509041441-8,7341,2509041509,,1,,S,,Backnang|Maubach|Nellmersbach|Winnenden|Schwaikheim|Neustadt-Hohenacker|Waiblingen,8001974,Fellbach,Baden-Württemberg,Fellbach,70736,9.270645988,48.8202936,3,2509041512,,,,,,,,,,,,,3.0,0.0
-7289711712054290115-2509041511-8,7343,2509041539,,1,,S,,Backnang|Maubach|Nellmersbach|Winnenden|Schwaikheim|Neustadt-Hohenacker|Waiblingen,8001974,Fellbach,Baden-Württemberg,Fellbach,70736,9.270645988,48.8202936,3,2509041544,,,,,,,,,,,,,5.0,0.0
4170162271533042822-2509041555-1,7342,,2509041555,,,S,3,,8001974,Fellbach,Baden-Württemberg,Fellbach,70736,9.270645988,48.8202936,3,,,2509041555,,,,,,,,,,,0.0,0.0
-5212313388548223160-2509041450-3,7238,2509041501,2509041502,1,,S,2,Stuttgart Hbf|Stuttgart-Bad Cannstatt,8001974,Fellbach,Baden-Württemberg,Fellbach,70736,9.270645988,48.8202936,3,2509041502,,2509041502,,,,,,,,,,,1.0,0.0
-2631247204850333298-2509041525-1,7340,,2509041525,,,S,3,,8001974,Fellbach,Baden-Württemberg,Fellbach,70736,9.270645988,48.8202936,3,,,2509041525,,,,,,,,,,,0.0,0.0
-5830863712080480053-2509041535-6,7943,2509041552,2509041553,1,,S,2,Stuttgart-Vaihingen|Stuttgart-Rohr|Oberaichen|Leinfelden|Echterdingen,8005768,Stuttgart Flughafen/Messe,Baden-Württemberg,Leinfelden-Echterdingen,70629,9.193411574,48.69075193,4,2509041552,,2509041553,,,,,,,,,,,0.0,0.0
4714297703339606135-2509041505-6,7941,2509041522,2509041523,1,,S,2,Stuttgart-Vaihingen|Stuttgart-Rohr|Oberaichen|Leinfelden|Echterdingen,8005768,Stuttgart Flughafen/Messe,Baden-Württemberg,Leinfelden-Echterdingen,70629,9.193411574,48.69075193,4,2509041522,,2509041523,,,,,,,,,,,0.0,0.0
2433953663782501013-2509041533-2,7942,2509041537,2509041538,2,,S,2,Filderstadt,8005768,Stuttgart Flughafen/Messe,Baden-Württemberg,Leinfelden-Echterdingen,70629,9.193411574,48.69075193,4,2509041536,,2509041537,,,,,,,,,,,-1.0,-1.0
6321005766427466470-2509041503-2,7940,2509041507,2509041508,2,,S,2,Filderstadt,8005768,Stuttgart Flughafen/Messe,Baden-Württemberg,Leinfelden-Echterdingen,70629,9.193411574,48.69075193,4,2509041506,,2509041508,,,,,,,,,,,-1.0,0.0
3936577842997907070-2509041503-7,7443,2509041530,2509041531,2,,S,4,Backnang|Burgstall(Murr)|Kirchberg(Murr)|Erdmannhausen|Marbach(Neckar)|Benningen(Neckar),8002065,Freiberg (Neckar),Baden-Württemberg,Freiberg am Neckar,71691,9.197530085,48.92994974,5,2509041530,,2509041531,,,,,,,,,,,0.0,0.0
1564432240333127755-2509041507-6,7438,2509041529,2509041529,3,,S,4,Stuttgart Hbf|Stuttgart-Zuffenhausen|Kornwestheim Pbf|Ludwigsburg|Favoritepark,8002065,Freiberg (Neckar),Baden-Württemberg,Freiberg am Neckar,71691,9.197530085,48.92994974,5,2509041530,,2509041530,,,,,,,,,,,1.0,1.0
-2365839264405796350-2509041537-6,7440,2509041559,2509041559,3,,S,4,Stuttgart Hbf|Stuttgart-Zuffenhausen|Kornwestheim Pbf|Ludwigsburg|Favoritepark,8002065,Freiberg (Neckar),Baden-Württemberg,Freiberg am Neckar,71691,9.197530085,48.92994974,5,2509041602,,2509041603,,,,,,,,,,,3.0,4.0
195941745446539029-2509041433-7,7441,2509041500,2509041501,2,,S,4,Backnang|Burgstall(Murr)|Kirchberg(Murr)|Erdmannhausen|Marbach(Neckar)|Benningen(Neckar),8002065,Freiberg (Neckar),Baden-Württemberg,Freiberg am Neckar,71691,9.197530085,48.92994974,5,2509041500,,2509041501,,,,,,,,,,,0.0,0.0
4046308478119658372-2509041546-3,7746,2509041552,2509041552,2,,S,1,Herrenberg|Nufringen,8002165,Gärtringen,Baden-Württemberg,Gärtringen,71116,8.908864487,48.64080021,5,2509041552,,2509041552,,,,,,,,,,,0.0,0.0
4042720994330791298-2509041446-7,7739,2509041508,2509041508,1,,S,1,Stuttgart-Vaihingen|Stuttgart-Rohr|Goldberg(Württ)|Böblingen|Hulb|Ehningen(b Böblingen),8002165,Gärtringen,Baden-Württemberg,Gärtringen,71116,8.908864487,48.64080021,5,2509041508,,2509041509,,,,,,,,,,,0.0,1.0
6415427064152556957-2509041516-7,7741,2509041538,2509041538,1,,S,1,Stuttgart-Vaihingen|Stuttgart-Rohr|Goldberg(Württ)|Böblingen|Hulb|Ehningen(b Böblingen),8002165,Gärtringen,Baden-Württemberg,Gärtringen,71116,8.908864487,48.64080021,5,2509041539,,2509041540,,,,,,,,,,,1.0,2.0
5474570967830411052-2509041516-3,7744,2509041522,2509041522,2,,S,1,Herrenberg|Nufringen,8002165,Gärtringen,Baden-Württemberg,Gärtringen,71116,8.908864487,48.64080021,5,2509041526,,2509041526,,,,,,,,,,,4.0,4.0
-1015302136173583321-2509041520-10,7240,2509041547,2509041547,2,,S,2,Stuttgart Hbf|Stuttgart-Bad Cannstatt|Fellbach|Waiblingen|Rommelshausen|Stetten-Beinstein|Endersbach|Beutelsbach|Grunbach,8002240,Geradstetten,Baden-Württemberg,Remshalden,73630,9.439522346,48.80527689,5,2509041557,,2509041558,,,,,,,,,,,10.0,11.0
-3934810304618796517-2509041503-4,7243,2509041510,2509041511,1,,S,2,Schorndorf|Weiler(Rems)|Winterbach(b Schorndorf),8002240,Geradstetten,Baden-Württemberg,Remshalden,73630,9.439522346,48.80527689,5,2509041511,,2509041511,,,,,,,,,,,1.0,0.0
-3574262159782319876-2509041533-4,7245,2509041540,2509041541,1,,S,2,Schorndorf|Weiler(Rems)|Winterbach(b Schorndorf),8002240,Geradstetten,Baden-Württemberg,Remshalden,73630,9.439522346,48.80527689,5,2509041541,,2509041541,,,,,,,,,,,1.0,0.0
-5212313388548223160-2509041450-10,7238,2509041517,2509041517,2,,S,2,Stuttgart Hbf|Stuttgart-Bad Cannstatt|Fellbach|Waiblingen|Rommelshausen|Stetten-Beinstein|Endersbach|Beutelsbach|Grunbach,8002240,Geradstetten,Baden-Württemberg,Remshalden,73630,9.439522346,48.80527689,5,2509041518,,2509041518,,,,,,,,,,,1.0,1.0
968865099586091217-2509041446-7,7742,2509041502,2509041502,2,,S,1,Herrenberg|Nufringen|Gärtringen|Ehningen(b Böblingen)|Hulb|Böblingen,8005201,Goldberg,Baden-Württemberg,Böblingen,71032,9.019733387,48.69651581,5,2509041502,,2509041503,,,,,,,,,,,0.0,1.0
6036503238720280244-2509041546-3,7743,2509041557,2509041558,1,,S,1,Stuttgart-Vaihingen|Stuttgart-Rohr,8005201,Goldberg,Baden-Württemberg,Böblingen,71032,9.019733387,48.69651581,5,2509041558,,2509041600,,,,,,,,,,,1.0,2.0
6415427064152556957-2509041516-3,7741,2509041527,2509041528,1,,S,1,Stuttgart-Vaihingen|Stuttgart-Rohr,8005201,Goldberg,Baden-Württemberg,Böblingen,71032,9.019733387,48.69651581,5,2509041528,,2509041529,,,,,,,,,,,1.0,1.0
5474570967830411052-2509041516-7,7744,2509041532,2509041532,2,,S,1,Herrenberg|Nufringen|Gärtringen|Ehningen(b Böblingen)|Hulb|Böblingen,8005201,Goldberg,Baden-Württemberg,Böblingen,71032,9.019733387,48.69651581,5,2509041536,,2509041537,,,,,,,,,,,4.0,5.0
-1015302136173583321-2509041520-9,7240,2509041545,2509041545,3,,S,2,Stuttgart Hbf|Stuttgart-Bad Cannstatt|Fellbach|Waiblingen|Rommelshausen|Stetten-Beinstein|Endersbach|Beutelsbach,8002448,Grunbach,Baden-Württemberg,Remshalden,73630,9.419580601,48.810414,4,2509041555,,2509041556,,,,,,,,,,,10.0,11.0
-3934810304618796517-2509041503-5,7243,2509041512,2509041513,2,,S,2,Schorndorf|Weiler(Rems)|Winterbach(b Schorndorf)|Geradstetten,8002448,Grunbach,Baden-Württemberg,Remshalden,73630,9.419580601,48.810414,4,2509041513,,2509041514,,,,,,,,,,,1.0,1.0
8852211981240004319-2509041538-1,19473,,2509041538,,,MEX,13,,8002448,Grunbach,Baden-Württemberg,Remshalden,73630,9.419580601,48.810414,4,,,2509041538,,,,,,,,,,,0.0,0.0
-3574262159782319876-2509041533-5,7245,2509041542,2509041543,2,,S,2,Schorndorf|Weiler(Rems)|Winterbach(b Schorndorf)|Geradstetten,8002448,Grunbach,Baden-Württemberg,Remshalden,73630,9.419580601,48.810414,4,2509041543,,2509041543,,,,,,,,,,,1.0,0.0
-5212313388548223160-2509041450-9,7238,2509041515,2509041515,3,,S,2,Stuttgart Hbf|Stuttgart-Bad Cannstatt|Fellbach|Waiblingen|Rommelshausen|Stetten-Beinstein|Endersbach|Beutelsbach,8002448,Grunbach,Baden-Württemberg,Remshalden,73630,9.419580601,48.810414,4,2509041516,,2509041517,,,,,,,,,,,1.0,2.0
-764753864870912941-2509041437-10,19474,2509041520,,1,,MEX,,Aalen Hbf|Mögglingen(Gmünd)|Böbingen(Rems)|Schwäbisch Gmünd|Lorch(Württ)|Waldhausen(b Schorndorf)|Plüderhausen|Urbach(b Schorndorf)|Schorndorf,8002448,Grunbach,Baden-Württemberg,Remshalden,73630,9.419580601,48.810414,4,2509041520,,,,,,,,,,,,,0.0,0.0
3432156487698184996-2509041413-14,17656,2509041510,2509041511,1,,RE,14b,Freudenstadt Hbf|Grüntal-Wittlensweiler|Dornstetten-Aach|Dornstetten|Schopfloch(b Freudenstadt)|Bittelbronn|Horb-Heiligenfeld|Hochdorf(b Horb)|Eutingen Nord|Eutingen im Gäu|Ergenzingen|Bondorf(b Herrenberg)|Gäufelden,8002785,Herrenberg,Baden-Württemberg,Herrenberg,71083,8.862625253,48.59395697,3,2509041510,,2509041511,,h,2,Information,,,,,,,0.0,0.0
4046308478119658372-2509041546-1,7746,,2509041546,,,S,1,,8002785,Herrenberg,Baden-Württemberg,Herrenberg,71083,8.862625253,48.59395697,3,,,2509041546,,,,,,,,,,,0.0,0.0
4042720994330791298-2509041446-9,7739,2509041514,,3,,S,,Stuttgart-Vaihingen|Stuttgart-Rohr|Goldberg(Württ)|Böblingen|Hulb|Ehningen(b Böblingen)|Gärtringen|Nufringen,8002785,Herrenberg,Baden-Württemberg,Herrenberg,71083,8.862625253,48.59395697,3,2509041515,,,,,,,,,,,,,1.0,0.0
-9001439101547344471-2509041402-9,17658,2509041510,2509041511,1,,RE,14a,Rottweil|Oberndorf(Neckar)|Sulz(Neckar)|Horb|Eutingen im Gäu|Ergenzingen|Bondorf(b Herrenberg)|Gäufelden,8002785,Herrenberg,Baden-Württemberg,Herrenberg,71083,8.862625253,48.59395697,3,2509041510,,2509041511,,h,2,Information,,,,,,,0.0,0.0
-849152549781096723-2509041517-2,489,2509041547,2509041547,4,,IC,,Stuttgart Hbf,8002785,Herrenberg,Baden-Württemberg,Herrenberg,71083,8.862625253,48.59395697,3,2509041549,,2509041550,,h,1,Information,,,,,,,2.0,3.0
6415427064152556957-2509041516-9,7741,2509041544,,3,,S,,Stuttgart-Vaihingen|Stuttgart-Rohr|Goldberg(Württ)|Böblingen|Hulb|Ehningen(b Böblingen)|Gärtringen|Nufringen,8002785,Herrenberg,Baden-Württemberg,Herrenberg,71083,8.862625253,48.59395697,3,2509041546,,,,,,,,,,,,,2.0,0.0
5474570967830411052-2509041516-1,7744,,2509041516,,,S,1,,8002785,Herrenberg,Baden-Württemberg,Herrenberg,71083,8.862625253,48.59395697,3,,,2509041520,,,,,,,,,,,0.0,4.0
-614064001249317400-2509041517-2,50489,2509041547,2509041547,4,,RE,87,Stuttgart Hbf,8002785,Herrenberg,Baden-Württemberg,Herrenberg,71083,8.862625253,48.59395697,3,2509041549,,2509041550,,h,1,Information,,,,,,,2.0,3.0
-1872163059534106509-2509041518-1,17649,,2509041518,,,RB,14a,,8002785,Herrenberg,Baden-Württemberg,Herrenberg,71083,8.862625253,48.59395697,3,,,2509041519,,,,,,,,,,,0.0,1.0
-4263108336817959130-2509041524-7,7640,2509041539,2509041539,2,,S,6,Stuttgart-Feuerbach|Stuttgart-Zuffenhausen|Neuwirtshaus(Porscheplatz)|Korntal|Weilimdorf|Ditzingen,8002892,Höfingen,Baden-Württemberg,Leonberg,71229,9.026180834,48.81503436,5,2509041539,,2509041539,,h,1,Bauarbeiten,,,,,,,0.0,0.0
7143365029900082015-2509041504-10,7041,2509041535,2509041536,1,,S,60,Böblingen|Sindelfingen|Maichingen|Maichingen Nord|Magstadt|Renningen Süd|Renningen|Rutesheim|Leonberg,8002892,Höfingen,Baden-Württemberg,Leonberg,71229,9.026180834,48.81503436,5,2509041536,,2509041536,,h,1,Bauarbeiten,,,,,,,1.0,0.0
-3211478262182188991-2509041533-6,7645,2509041550,2509041551,1,,S,6,Weil der Stadt|Malmsheim|Renningen|Rutesheim|Leonberg,8002892,Höfingen,Baden-Württemberg,Leonberg,71229,9.026180834,48.81503436,5,2509041550,,2509041551,,h,1,Bauarbeiten,,,,,,,0.0,0.0
-3747023062711209303-2509041434-10,7039,2509041505,2509041506,1,,S,60,Böblingen|Sindelfingen|Maichingen|Maichingen Nord|Magstadt|Renningen Süd|Renningen|Rutesheim|Leonberg,8002892,Höfingen,Baden-Württemberg,Leonberg,71229,9.026180834,48.81503436,5,2509041505,,2509041506,,h,1,Bauarbeiten,,,,,,,0.0,0.0
2868150562617045701-2509041542-6,7046,2509041554,2509041554,2,,S,60,Stuttgart-Zuffenhausen|Neuwirtshaus(Porscheplatz)|Korntal|Weilimdorf|Ditzingen,8002892,Höfingen,Baden-Württemberg,Leonberg,71229,9.026180834,48.81503436,5,2509041554,,2509041554,,h,1,Bauarbeiten,,,,,,,0.0,0.0
4648300142981777457-2509041512-6,7044,2509041524,2509041524,2,,S,60,Stuttgart-Zuffenhausen|Neuwirtshaus(Porscheplatz)|Korntal|Weilimdorf|Ditzingen,8002892,Höfingen,Baden-Württemberg,Leonberg,71229,9.026180834,48.81503436,5,2509041524,,2509041525,,h,1,Bauarbeiten,,,,,,,0.0,1.0
5272994574383755126-2509041454-7,7638,2509041509,2509041509,2,,S,6,Stuttgart-Feuerbach|Stuttgart-Zuffenhausen|Neuwirtshaus(Porscheplatz)|Korntal|Weilimdorf|Ditzingen,8002892,Höfingen,Baden-Württemberg,Leonberg,71229,9.026180834,48.81503436,5,2509041509,,2509041510,,h,1,Bauarbeiten,,,,,,,0.0,1.0
-5444476258917657908-2509041503-6,7643,2509041520,2509041521,1,,S,6,Weil der Stadt|Malmsheim|Renningen|Rutesheim|Leonberg,8002892,Höfingen,Baden-Württemberg,Leonberg,71229,9.026180834,48.81503436,5,2509041521,,2509041521,,h,1,Bauarbeiten,,,,,,,1.0,0.0
4046308478119658372-2509041546-5,7746,2509041558,2509041558,2,,S,1,Herrenberg|Nufringen|Gärtringen|Ehningen(b Böblingen),8003022,Hulb,Baden-Württemberg,Böblingen-Hulb,71032,8.982396429,48.67924173,5,2509041557,,2509041558,,,,,,,,,,,-1.0,0.0
4042720994330791298-2509041446-5,7739,2509041502,2509041502,1,,S,1,Stuttgart-Vaihingen|Stuttgart-Rohr|Goldberg(Württ)|Böblingen,8003022,Hulb,Baden-Württemberg,Böblingen-Hulb,71032,8.982396429,48.67924173,5,2509041502,,2509041503,,,,,,,,,,,0.0,1.0
6415427064152556957-2509041516-5,7741,2509041532,2509041532,1,,S,1,Stuttgart-Vaihingen|Stuttgart-Rohr|Goldberg(Württ)|Böblingen,8003022,Hulb,Baden-Württemberg,Böblingen-Hulb,71032,8.982396429,48.67924173,5,2509041533,,2509041533,,,,,,,,,,,1.0,1.0
5474570967830411052-2509041516-5,7744,2509041528,2509041528,2,,S,1,Herrenberg|Nufringen|Gärtringen|Ehningen(b Böblingen),8003022,Hulb,Baden-Württemberg,Böblingen-Hulb,71032,8.982396429,48.67924173,5,2509041531,,2509041532,,,,,,,,,,,3.0,4.0
-5830863712080480053-2509041535-7,7943,2509041557,,1,,S,,Stuttgart-Vaihingen|Stuttgart-Rohr|Oberaichen|Leinfelden|Echterdingen|Stuttgart Flughafen/Messe,8001984,Filderstadt,Baden-Württemberg,Filderstadt,70794,9.217581315,48.67649151,5,2509041556,,,,,,,,,,,,,-1.0,0.0
4714297703339606135-2509041505-7,7941,2509041527,,1,,S,,Stuttgart-Vaihingen|Stuttgart-Rohr|Oberaichen|Leinfelden|Echterdingen|Stuttgart Flughafen/Messe,8001984,Filderstadt,Baden-Württemberg,Filderstadt,70794,9.217581315,48.67649151,5,2509041526,,,,,,,,,,,,,-1.0,0.0
2433953663782501013-2509041533-1,7942,,2509041533,,,S,2,,8001984,Filderstadt,Baden-Württemberg,Filderstadt,70794,9.217581315,48.67649151,5,,,2509041533,,,,,,,,,,,0.0,0.0
6321005766427466470-2509041503-1,7940,,2509041503,,,S,2,,8001984,Filderstadt,Baden-Württemberg,Filderstadt,70794,9.217581315,48.67649151,5,,,2509041503,,,,,,,,,,,0.0,0.0
3936577842997907070-2509041503-3,7443,2509041511,2509041514,1,,S,4,Backnang|Burgstall(Murr),8003266,Kirchberg (Murr),Baden-Württemberg,Kirchberg an der Murr,71737,9.328210283,48.93928182,6,2509041512,,2509041515,,,,,,,,,,,1.0,1.0
-8547743709603473957-2509041533-3,7445,2509041541,2509041544,1,,S,4,Backnang|Burgstall(Murr),8003266,Kirchberg (Murr),Baden-Württemberg,Kirchberg an der Murr,71737,9.328210283,48.93928182,6,2509041542,,2509041544,,,,,,,,,,,1.0,0.0
1564432240333127755-2509041507-10,7438,2509041543,2509041543,2,,S,4,Stuttgart Hbf|Stuttgart-Zuffenhausen|Kornwestheim Pbf|Ludwigsburg|Favoritepark|Freiberg(Neckar)|Benningen(Neckar)|Marbach(Neckar)|Erdmannhausen,8003266,Kirchberg (Murr),Baden-Württemberg,Kirchberg an der Murr,71737,9.328210283,48.93928182,6,2509041543,,2509041543,,,,,,,,,,,0.0,0.0
-7104295840480841845-2509041437-10,7436,2509041513,2509041513,2,,S,4,Stuttgart Hbf|Stuttgart-Zuffenhausen|Kornwestheim Pbf|Ludwigsburg|Favoritepark|Freiberg(Neckar)|Benningen(Neckar)|Marbach(Neckar)|Erdmannhausen,8003266,Kirchberg (Murr),Baden-Württemberg,Kirchberg an der Murr,71737,9.328210283,48.93928182,6,2509041513,,2509041513,,,,,,,,,,,0.0,0.0
9180918339963792225-2509041454-7,37970,2509041512,,1,,N,,Oberlenningen|Unterlenningen|Brucken|Owen(Teck)|Dettingen(Teck)|Kirchheim(Teck)Süd,8003280,Kirchheim (Teck),Baden-Württemberg,Kirchheim unter Teck,73230,9.443872422,48.64415981,4,2509041512,,,,,,,,,,,,,0.0,0.0
6830165283023982751-2509041520-1,7145,,2509041520,,,S,1,,8003280,Kirchheim (Teck),Baden-Württemberg,Kirchheim unter Teck,73230,9.443872422,48.64415981,4,,,2509041521,,,,,,,,,,,0.0,1.0
353565874858451215-2509041455-13,7140,2509041539,,2,,S,,Stuttgart Hbf|Stuttgart-Bad Cannstatt|Stuttgart-Untertürkheim|Esslingen-Mettingen|Esslingen(Neckar)|Oberesslingen|Esslingen-Zell|Altbach|Plochingen|Wernau(Neckar)|Wendlingen(Neckar)|Kirchheim(Teck)-Ötlingen,8003280,Kirchheim (Teck),Baden-Württemberg,Kirchheim unter Teck,73230,9.443872422,48.64415981,4,2509041540,,,,,,,,,,,,,1.0,0.0
7156141741229523541-2509041517-1,37971,,2509041517,,,N,RB64,,8003280,Kirchheim (Teck),Baden-Württemberg,Kirchheim unter Teck,73230,9.443872422,48.64415981,4,,,2509041517,,,,,,,,,,,0.0,0.0
-5286310659195805286-2509041425-13,7138,2509041509,,2,,S,,Stuttgart Hbf|Stuttgart-Bad Cannstatt|Stuttgart-Untertürkheim|Esslingen-Mettingen|Esslingen(Neckar)|Oberesslingen|Esslingen-Zell|Altbach|Plochingen|Wernau(Neckar)|Wendlingen(Neckar)|Kirchheim(Teck)-Ötlingen,8003280,Kirchheim (Teck),Baden-Württemberg,Kirchheim unter Teck,73230,9.443872422,48.64415981,4,2509041509,,,,,,,,,,,,,0.0,0.0
9072809401414477062-2509041550-1,7147,,2509041550,,,S,1,,8003280,Kirchheim (Teck),Baden-Württemberg,Kirchheim unter Teck,73230,9.443872422,48.64415981,4,,,2509041550,,,,,,,,,,,0.0,0.0
6830165283023982751-2509041520-2,7145,2509041523,2509041523,1,,S,1,Kirchheim(Teck),8003282,Kirchheim (Teck)-Ötlingen,Baden-Württemberg,Kirchheim unter Teck,73230,9.416261302,48.65782388,5,2509041524,,2509041524,,,,,,,,,,,1.0,1.0
353565874858451215-2509041455-12,7140,2509041536,2509041537,1,,S,1,Stuttgart Hbf|Stuttgart-Bad Cannstatt|Stuttgart-Untertürkheim|Esslingen-Mettingen|Esslingen(Neckar)|Oberesslingen|Esslingen-Zell|Altbach|Plochingen|Wernau(Neckar)|Wendlingen(Neckar),8003282,Kirchheim (Teck)-Ötlingen,Baden-Württemberg,Kirchheim unter Teck,73230,9.416261302,48.65782388,5,2509041538,,2509041539,,,,,,,,,,,2.0,2.0
-5286310659195805286-2509041425-12,7138,2509041506,2509041507,1,,S,1,Stuttgart Hbf|Stuttgart-Bad Cannstatt|Stuttgart-Untertürkheim|Esslingen-Mettingen|Esslingen(Neckar)|Oberesslingen|Esslingen-Zell|Altbach|Plochingen|Wernau(Neckar)|Wendlingen(Neckar),8003282,Kirchheim (Teck)-Ötlingen,Baden-Württemberg,Kirchheim unter Teck,73230,9.416261302,48.65782388,5,2509041507,,2509041507,,,,,,,,,,,1.0,0.0
9072809401414477062-2509041550-2,7147,2509041553,2509041553,1,,S,1,Kirchheim(Teck),8003282,Kirchheim (Teck)-Ötlingen,Baden-Württemberg,Kirchheim unter Teck,73230,9.416261302,48.65782388,5,2509041552,,2509041553,,,,,,,,,,,-1.0,0.0
5933810913744894923-2509041535-1,1186,,2509041535,,,WEG,RB47,,8003409,Korntal,Baden-Württemberg,Korntal,70825,9.121099128,48.82640246,4,,,2509041535,,,,,,,,,,,0.0,0.0
-4263108336817959130-2509041524-4,7640,2509041531,2509041531,1,,S,6,Stuttgart-Feuerbach|Stuttgart-Zuffenhausen|Neuwirtshaus(Porscheplatz),8003409,Korntal,Baden-Württemberg,Korntal,70825,9.121099128,48.82640246,4,2509041531,,2509041531,,h,1,Bauarbeiten,,,,,,,0.0,0.0
7143365029900082015-2509041504-13,7041,2509041543,2509041544,3,,S,60,Böblingen|Sindelfingen|Maichingen|Maichingen Nord|Magstadt|Renningen Süd|Renningen|Rutesheim|Leonberg|Höfingen|Ditzingen|Weilimdorf,8003409,Korntal,Baden-Württemberg,Korntal,70825,9.121099128,48.82640246,4,2509041543,,2509041544,,h,1,Bauarbeiten,,,,,,,0.0,0.0
-3211478262182188991-2509041533-9,7645,2509041558,2509041559,3,,S,6,Weil der Stadt|Malmsheim|Renningen|Rutesheim|Leonberg|Höfingen|Ditzingen|Weilimdorf,8003409,Korntal,Baden-Württemberg,Korntal,70825,9.121099128,48.82640246,4,2509041558,,2509041559,,h,1,Bauarbeiten,,,,,,,0.0,0.0
-3747023062711209303-2509041434-13,7039,2509041513,2509041514,3,,S,60,Böblingen|Sindelfingen|Maichingen|Maichingen Nord|Magstadt|Renningen Süd|Renningen|Rutesheim|Leonberg|Höfingen|Ditzingen|Weilimdorf,8003409,Korntal,Baden-Württemberg,Korntal,70825,9.121099128,48.82640246,4,2509041513,,2509041514,,h,1,Bauarbeiten,,,,,,,0.0,0.0
-496343426423480334-2509041505-1,1180,,2509041505,,,WEG,RB47,,8003409,Korntal,Baden-Württemberg,Korntal,70825,9.121099128,48.82640246,4,,,2509041505,,,,,,,,,,,0.0,0.0
6568132527129582605-2509041511-5,1181,2509041524,,7,,WEG,,Schwieberdingen|Münchingen|Münchingen Rührberg|Korntal Gymnasium,8003409,Korntal,Baden-Württemberg,Korntal,70825,9.121099128,48.82640246,4,2509041525,,,,,,,,,,,,,1.0,0.0
2868150562617045701-2509041542-3,7046,2509041546,2509041546,1,,S,60,Stuttgart-Zuffenhausen|Neuwirtshaus(Porscheplatz),8003409,Korntal,Baden-Württemberg,Korntal,70825,9.121099128,48.82640246,4,2509041546,,2509041546,,h,1,Bauarbeiten,,,,,,,0.0,0.0
4648300142981777457-2509041512-3,7044,2509041516,2509041516,1,,S,60,Stuttgart-Zuffenhausen|Neuwirtshaus(Porscheplatz),8003409,Korntal,Baden-Württemberg,Korntal,70825,9.121099128,48.82640246,4,2509041516,,2509041517,,h,1,Bauarbeiten,,,,,,,0.0,1.0
5272994574383755126-2509041454-4,7638,2509041501,2509041501,1,,S,6,Stuttgart-Feuerbach|Stuttgart-Zuffenhausen|Neuwirtshaus(Porscheplatz),8003409,Korntal,Baden-Württemberg,Korntal,70825,9.121099128,48.82640246,4,2509041502,,2509041502,,h,1,Bauarbeiten,,,,,,,1.0,1.0
-5444476258917657908-2509041503-9,7643,2509041528,2509041529,3,,S,6,Weil der Stadt|Malmsheim|Renningen|Rutesheim|Leonberg|Höfingen|Ditzingen|Weilimdorf,8003409,Korntal,Baden-Württemberg,Korntal,70825,9.121099128,48.82640246,4,2509041528,,2509041529,,h,1,Bauarbeiten,,,,,,,0.0,0.0
4212047502474165073-2509041541-5,1187,2509041554,,7,,WEG,,Schwieberdingen|Münchingen|Münchingen Rührberg|Korntal Gymnasium,8003409,Korntal,Baden-Württemberg,Korntal,70825,9.121099128,48.82640246,4,2509041554,,,,,,,,,,,,,0.0,0.0
3936577842997907070-2509041503-10,7443,2509041539,2509041540,3,,S,4,Backnang|Burgstall(Murr)|Kirchberg(Murr)|Erdmannhausen|Marbach(Neckar)|Benningen(Neckar)|Freiberg(Neckar)|Favoritepark|Ludwigsburg,8003411,Kornwestheim Pbf,Baden-Württemberg,Kornwestheim,70806,9.179967278,48.86215948,3,2509041540,,2509041541,,,,,,,,,,,1.0,1.0
3654555183322043812-2509041432-7,19322,2509041542,2509041547,6,,MEX,18,Reutlingen Hbf|Metzingen(Württ)|Nürtingen|Wendlingen(Neckar)|Plochingen|Esslingen(Neckar),8003411,Kornwestheim Pbf,Baden-Württemberg,Kornwestheim,70806,9.179967278,48.86215948,3,2509041542,,2509041549,,,,,,,,,,,0.0,2.0
-4899815477540796252-2509041507-5,7543,2509041519,2509041520,3,,S,5,Bietigheim-Bissingen|Tamm(Württ)|Asperg|Ludwigsburg,8003411,Kornwestheim Pbf,Baden-Württemberg,Kornwestheim,70806,9.179967278,48.86215948,3,2509041522,,2509041523,,,,,,,,,,,3.0,3.0
-8664302989770225281-2509041351-18,19323,2509041514,2509041520,6,,MEX,18,Möckmühl|Züttlingen|Siglingen|Neudenau|Herbolzheim(Jagst)|Untergriesheim|Bad Friedrichshall Hbf|Neckarsulm|Heilbronn Sülmertor|Heilbronn Hbf|Nordheim(Württ)|Lauffen(Neckar)|Kirchheim(Neckar)|Walheim(Württ)|Besigheim|Bietigheim-Bissingen|Ludwigsburg,8003411,Kornwestheim Pbf,Baden-Württemberg,Kornwestheim,70806,9.179967278,48.86215948,3,2509041514,,2509041521,,,,,,,,,,,0.0,1.0
1564432240333127755-2509041507-3,7438,2509041520,2509041520,5,,S,4,Stuttgart Hbf|Stuttgart-Zuffenhausen,8003411,Kornwestheim Pbf,Baden-Württemberg,Kornwestheim,70806,9.179967278,48.86215948,3,2509041520,5,2509041521,5,,,,,,,,,,0.0,1.0
4881326774039345551-2509041527-3,7542,2509041540,2509041540,5,,S,5,Stuttgart Hbf|Stuttgart-Zuffenhausen,8003411,Kornwestheim Pbf,Baden-Württemberg,Kornwestheim,70806,9.179967278,48.86215948,3,2509041540,5,2509041541,5,,,,,,,,,,0.0,1.0
6801304589286144337-2509041537-5,7545,2509041549,2509041550,3,,S,5,Bietigheim-Bissingen|Tamm(Württ)|Asperg|Ludwigsburg,8003411,Kornwestheim Pbf,Baden-Württemberg,Kornwestheim,70806,9.179967278,48.86215948,3,2509041551,,2509041552,,,,,,,,,,,2.0,2.0
-2365839264405796350-2509041537-3,7440,2509041550,2509041550,5,,S,4,Stuttgart Hbf|Stuttgart-Zuffenhausen,8003411,Kornwestheim Pbf,Baden-Württemberg,Kornwestheim,70806,9.179967278,48.86215948,3,2509041552,5,2509041553,5,,,,,,,,,,2.0,3.0
195941745446539029-2509041433-10,7441,2509041509,2509041510,3,,S,4,Backnang|Burgstall(Murr)|Kirchberg(Murr)|Erdmannhausen|Marbach(Neckar)|Benningen(Neckar)|Freiberg(Neckar)|Favoritepark|Ludwigsburg,8003411,Kornwestheim Pbf,Baden-Württemberg,Kornwestheim,70806,9.179967278,48.86215948,3,2509041510,,2509041511,,,,,,,,,,,1.0,1.0
-8779513401122207470-2509041457-3,7540,2509041510,2509041510,5,,S,5,Stuttgart Hbf|Stuttgart-Zuffenhausen,8003411,Kornwestheim Pbf,Baden-Württemberg,Kornwestheim,70806,9.179967278,48.86215948,3,2509041514,5,2509041516,5,,,,,,,,,,4.0,6.0
-5830863712080480053-2509041535-4,7943,2509041546,2509041547,1,,S,2,Stuttgart-Vaihingen|Stuttgart-Rohr|Oberaichen,8003622,Leinfelden,Baden-Württemberg,Leinfelden-Echterdingen,70771,9.142859698,48.6964193,4,2509041547,,2509041547,,,,,,,,,,,1.0,0.0
4714297703339606135-2509041505-4,7941,2509041516,2509041517,1,,S,2,Stuttgart-Vaihingen|Stuttgart-Rohr|Oberaichen,8003622,Leinfelden,Baden-Württemberg,Leinfelden-Echterdingen,70771,9.142859698,48.6964193,4,2509041516,,2509041517,,,,,,,,,,,0.0,0.0
2433953663782501013-2509041533-4,7942,2509041542,2509041543,2,,S,2,Filderstadt|Stuttgart Flughafen/Messe|Echterdingen,8003622,Leinfelden,Baden-Württemberg,Leinfelden-Echterdingen,70771,9.142859698,48.6964193,4,2509041542,,2509041542,,,,,,,,,,,0.0,-1.0
6321005766427466470-2509041503-4,7940,2509041512,2509041513,2,,S,2,Filderstadt|Stuttgart Flughafen/Messe|Echterdingen,8003622,Leinfelden,Baden-Württemberg,Leinfelden-Echterdingen,70771,9.142859698,48.6964193,4,2509041512,,2509041512,,,,,,,,,,,0.0,-1.0
-4263108336817959130-2509041524-8,7640,2509041543,2509041543,2,,S,6,Stuttgart-Feuerbach|Stuttgart-Zuffenhausen|Neuwirtshaus(Porscheplatz)|Korntal|Weilimdorf|Ditzingen|Höfingen,8003652,Leonberg,Baden-Württemberg,Leonberg,71229,9.004025993,48.79970547,3,2509041543,,2509041543,,h,1,Bauarbeiten,,,,,,,0.0,0.0
7143365029900082015-2509041504-9,7041,2509041532,2509041532,1,,S,60,Böblingen|Sindelfingen|Maichingen|Maichingen Nord|Magstadt|Renningen Süd|Renningen|Rutesheim,8003652,Leonberg,Baden-Württemberg,Leonberg,71229,9.004025993,48.79970547,3,2509041532,,2509041532,,h,1,Bauarbeiten,,,,,,,0.0,0.0
-3211478262182188991-2509041533-5,7645,2509041547,2509041547,1,,S,6,Weil der Stadt|Malmsheim|Renningen|Rutesheim,8003652,Leonberg,Baden-Württemberg,Leonberg,71229,9.004025993,48.79970547,3,2509041547,,2509041547,,h,1,Bauarbeiten,,,,,,,0.0,0.0
-3747023062711209303-2509041434-9,7039,2509041502,2509041502,1,,S,60,Böblingen|Sindelfingen|Maichingen|Maichingen Nord|Magstadt|Renningen Süd|Renningen|Rutesheim,8003652,Leonberg,Baden-Württemberg,Leonberg,71229,9.004025993,48.79970547,3,2509041501,,2509041502,,h,1,Bauarbeiten,,,,,,,-1.0,0.0
2868150562617045701-2509041542-7,7046,2509041558,2509041558,2,,S,60,Stuttgart-Zuffenhausen|Neuwirtshaus(Porscheplatz)|Korntal|Weilimdorf|Ditzingen|Höfingen,8003652,Leonberg,Baden-Württemberg,Leonberg,71229,9.004025993,48.79970547,3,2509041557,,2509041558,,h,1,Bauarbeiten,,,,,,,-1.0,0.0
4648300142981777457-2509041512-7,7044,2509041528,2509041528,2,,S,60,Stuttgart-Zuffenhausen|Neuwirtshaus(Porscheplatz)|Korntal|Weilimdorf|Ditzingen|Höfingen,8003652,Leonberg,Baden-Württemberg,Leonberg,71229,9.004025993,48.79970547,3,2509041528,,2509041528,,h,1,Bauarbeiten,,,,,,,0.0,0.0
5272994574383755126-2509041454-8,7638,2509041513,2509041513,2,,S,6,Stuttgart-Feuerbach|Stuttgart-Zuffenhausen|Neuwirtshaus(Porscheplatz)|Korntal|Weilimdorf|Ditzingen|Höfingen,8003652,Leonberg,Baden-Württemberg,Leonberg,71229,9.004025993,48.79970547,3,2509041513,,2509041514,,h,1,Bauarbeiten,,,,,,,0.0,1.0
-5444476258917657908-2509041503-5,7643,2509041517,2509041517,1,,S,6,Weil der Stadt|Malmsheim|Renningen|Rutesheim,8003652,Leonberg,Baden-Württemberg,Leonberg,71229,9.004025993,48.79970547,3,2509041517,,2509041517,,h,1,Bauarbeiten,,,,,,,0.0,0.0
3936577842997907070-2509041503-9,7443,2509041536,2509041536,3,,S,4,Backnang|Burgstall(Murr)|Kirchberg(Murr)|Erdmannhausen|Marbach(Neckar)|Benningen(Neckar)|Freiberg(Neckar)|Favoritepark,8000235,Ludwigsburg,Baden-Württemberg,Ludwigsburg,71638,9.185229823,48.89208622,3,2509041535,,2509041537,,,,,,,,,,,-1.0,1.0
3654555183322043812-2509041432-8,19322,2509041550,2509041553,1,,MEX,18,Reutlingen Hbf|Metzingen(Württ)|Nürtingen|Wendlingen(Neckar)|Plochingen|Esslingen(Neckar)|Kornwestheim Pbf,8000235,Ludwigsburg,Baden-Württemberg,Ludwigsburg,71638,9.185229823,48.89208622,3,2509041552,,2509041554,,,,,,,,,,,2.0,1.0
-3387242124464735916-2509041457-8,19229,2509041531,2509041532,4,,MEX,12,Heilbronn Hbf|Nordheim(Württ)|Lauffen(Neckar)|Kirchheim(Neckar)|Walheim(Württ)|Besigheim|Bietigheim-Bissingen,8000235,Ludwigsburg,Baden-Württemberg,Ludwigsburg,71638,9.185229823,48.89208622,3,2509041531,,2509041532,,h,1,Bauarbeiten,,,,,,,0.0,0.0
-4899815477540796252-2509041507-4,7543,2509041516,2509041516,3,,S,5,Bietigheim-Bissingen|Tamm(Württ)|Asperg,8000235,Ludwigsburg,Baden-Württemberg,Ludwigsburg,71638,9.185229823,48.89208622,3,2509041518,,2509041518,,,,,,,,,,,2.0,2.0
-8664302989770225281-2509041351-17,19323,2509041504,2509041505,4,,MEX,18,Möckmühl|Züttlingen|Siglingen|Neudenau|Herbolzheim(Jagst)|Untergriesheim|Bad Friedrichshall Hbf|Neckarsulm|Heilbronn Sülmertor|Heilbronn Hbf|Nordheim(Württ)|Lauffen(Neckar)|Kirchheim(Neckar)|Walheim(Württ)|Besigheim|Bietigheim-Bissingen,8000235,Ludwigsburg,Baden-Württemberg,Ludwigsburg,71638,9.185229823,48.89208622,3,2509041507,,2509041508,,,,,,,,,,,3.0,3.0
2649680568460804898-2509041521-1,19074,,2509041521,,,RE,8,,8000235,Ludwigsburg,Baden-Württemberg,Ludwigsburg,71638,9.185229823,48.89208622,3,,,2509041550,,,,,,,,,,c,0.0,29.0
1564432240333127755-2509041507-4,7438,2509041523,2509041524,2,,S,4,Stuttgart Hbf|Stuttgart-Zuffenhausen|Kornwestheim Pbf,8000235,Ludwigsburg,Baden-Württemberg,Ludwigsburg,71638,9.185229823,48.89208622,3,2509041524,,2509041525,,,,,,,,,,,1.0,1.0
4881326774039345551-2509041527-4,7542,2509041543,2509041544,2,,S,5,Stuttgart Hbf|Stuttgart-Zuffenhausen|Kornwestheim Pbf,8000235,Ludwigsburg,Baden-Württemberg,Ludwigsburg,71638,9.185229823,48.89208622,3,2509041544,,2509041545,,,,,,,,,,,1.0,1.0
6801304589286144337-2509041537-4,7545,2509041546,2509041546,3,,S,5,Bietigheim-Bissingen|Tamm(Württ)|Asperg,8000235,Ludwigsburg,Baden-Württemberg,Ludwigsburg,71638,9.185229823,48.89208622,3,2509041547,,2509041548,,,,,,,,,,,1.0,2.0
-2365839264405796350-2509041537-4,7440,2509041553,2509041554,2,,S,4,Stuttgart Hbf|Stuttgart-Zuffenhausen|Kornwestheim Pbf,8000235,Ludwigsburg,Baden-Württemberg,Ludwigsburg,71638,9.185229823,48.89208622,3,2509041556,,2509041556,,,,,,,,,,,3.0,2.0
195941745446539029-2509041433-9,7441,2509041506,2509041506,3,,S,4,Backnang|Burgstall(Murr)|Kirchberg(Murr)|Erdmannhausen|Marbach(Neckar)|Benningen(Neckar)|Freiberg(Neckar)|Favoritepark,8000235,Ludwigsburg,Baden-Württemberg,Ludwigsburg,71638,9.185229823,48.89208622,3,2509041506,,2509041507,,,,,,,,,,,0.0,1.0
-9100416031795514469-2509041406-10,19234,2509041529,2509041529,1,,MEX,12,Reutlingen Hbf|Metzingen(Württ)|Nürtingen|Oberboihingen|Wendlingen(Neckar)|Plochingen|Esslingen(Neckar)|Stuttgart-Bad Cannstatt|Stuttgart Hbf,8000235,Ludwigsburg,Baden-Württemberg,Ludwigsburg,71638,9.185229823,48.89208622,3,2509041529,,2509041531,,,,,,,,,,,0.0,2.0
-8779513401122207470-2509041457-4,7540,2509041513,2509041514,2,,S,5,Stuttgart Hbf|Stuttgart-Zuffenhausen|Kornwestheim Pbf,8000235,Ludwigsburg,Baden-Württemberg,Ludwigsburg,71638,9.185229823,48.89208622,3,2509041519,,2509041519,,,,,,,,,,,6.0,5.0
-4263108336817959130-2509041524-11,7640,2509041554,2509041554,1,,S,6,Stuttgart-Feuerbach|Stuttgart-Zuffenhausen|Neuwirtshaus(Porscheplatz)|Korntal|Weilimdorf|Ditzingen|Höfingen|Leonberg|Rutesheim|Renningen,8003831,Malmsheim,Baden-Württemberg,Renningen,71272,8.905105557,48.77183564,5,2509041554,,2509041555,,h,1,Bauarbeiten,,,,,,,0.0,1.0
-3211478262182188991-2509041533-2,7645,2509041535,2509041535,2,,S,6,Weil der Stadt,8003831,Malmsheim,Baden-Württemberg,Renningen,71272,8.905105557,48.77183564,5,2509041535,,2509041535,,h,1,Bauarbeiten,,,,,,,0.0,0.0
5272994574383755126-2509041454-11,7638,2509041524,2509041524,1,,S,6,Stuttgart-Feuerbach|Stuttgart-Zuffenhausen|Neuwirtshaus(Porscheplatz)|Korntal|Weilimdorf|Ditzingen|Höfingen|Leonberg|Rutesheim|Renningen,8003831,Malmsheim,Baden-Württemberg,Renningen,71272,8.905105557,48.77183564,5,2509041524,,2509041525,,h,1,Bauarbeiten,,,,,,,0.0,1.0
-5444476258917657908-2509041503-2,7643,2509041505,2509041505,2,,S,6,Weil der Stadt,8003831,Malmsheim,Baden-Württemberg,Renningen,71272,8.905105557,48.77183564,5,2509041506,,2509041506,,h,1,Bauarbeiten,,,,,,,1.0,1.0
3936577842997907070-2509041503-5,7443,2509041521,2509041525,1,,S,4,Backnang|Burgstall(Murr)|Kirchberg(Murr)|Erdmannhausen,8003853,Marbach (Neckar),Baden-Württemberg,Marbach am Neckar,71672,9.264611825,48.9437708,3,2509041521,,2509041525,,,,,,,,,,,0.0,0.0
-8547743709603473957-2509041533-5,7445,2509041551,2509041555,1,,S,4,Backnang|Burgstall(Murr)|Kirchberg(Murr)|Erdmannhausen,8003853,Marbach (Neckar),Baden-Württemberg,Marbach am Neckar,71672,9.264611825,48.9437708,3,2509041550,,2509041555,,,,,,,,,,,-1.0,0.0
1564432240333127755-2509041507-8,7438,2509041535,2509041538,1,,S,4,Stuttgart Hbf|Stuttgart-Zuffenhausen|Kornwestheim Pbf|Ludwigsburg|Favoritepark|Freiberg(Neckar)|Benningen(Neckar),8003853,Marbach (Neckar),Baden-Württemberg,Marbach am Neckar,71672,9.264611825,48.9437708,3,2509041535,,2509041538,,,,,,,,,,,0.0,0.0
-7104295840480841845-2509041437-8,7436,2509041505,2509041508,1,,S,4,Stuttgart Hbf|Stuttgart-Zuffenhausen|Kornwestheim Pbf|Ludwigsburg|Favoritepark|Freiberg(Neckar)|Benningen(Neckar),8003853,Marbach (Neckar),Baden-Württemberg,Marbach am Neckar,71672,9.264611825,48.9437708,3,2509041507,,2509041508,,,,,,,,,,,2.0,0.0
-7289711712054290115-2509041511-2,7343,2509041513,2509041514,1,,S,3,Backnang,8003913,Maubach,Baden-Württemberg,Backnang,71522,9.419487062,48.92623463,4,2509041514,,2509041514,,,,,,,,,,,1.0,0.0
-8045206744668014000-2509041455-7,7338,2509041514,2509041515,2,,S,3,Fellbach|Waiblingen|Neustadt-Hohenacker|Schwaikheim|Winnenden|Nellmersbach,8003913,Maubach,Baden-Württemberg,Backnang,71522,9.419487062,48.92623463,4,2509041515,,2509041515,,,,,,,,,,,1.0,0.0
-2631247204850333298-2509041525-7,7340,2509041544,2509041545,2,,S,3,Fellbach|Waiblingen|Neustadt-Hohenacker|Schwaikheim|Winnenden|Nellmersbach,8003913,Maubach,Baden-Württemberg,Backnang,71522,9.419487062,48.92623463,4,2509041545,,2509041546,,,,,,,,,,,1.0,1.0
-3924626970669458370-2509041541-2,7345,2509041543,2509041544,1,,S,3,Backnang,8003913,Maubach,Baden-Württemberg,Backnang,71522,9.419487062,48.92623463,4,2509041548,,2509041548,,,,,,,,,,,5.0,4.0
-7289711712054290115-2509041511-3,7343,2509041516,2509041516,1,,S,3,Backnang|Maubach,8004233,Nellmersbach,Baden-Württemberg,Leutenbach,71397,9.415421538,48.90336425,5,2509041516,,2509041517,,,,,,,,,,,0.0,1.0
-8045206744668014000-2509041455-6,7338,2509041511,2509041512,2,,S,3,Fellbach|Waiblingen|Neustadt-Hohenacker|Schwaikheim|Winnenden,8004233,Nellmersbach,Baden-Württemberg,Leutenbach,71397,9.415421538,48.90336425,5,2509041512,,2509041513,,,,,,,,,,,1.0,1.0
-2631247204850333298-2509041525-6,7340,2509041541,2509041542,2,,S,3,Fellbach|Waiblingen|Neustadt-Hohenacker|Schwaikheim|Winnenden,8004233,Nellmersbach,Baden-Württemberg,Leutenbach,71397,9.415421538,48.90336425,5,2509041542,,2509041543,,,,,,,,,,,1.0,1.0
-3924626970669458370-2509041541-3,7345,2509041546,2509041546,1,,S,3,Backnang|Maubach,8004233,Nellmersbach,Baden-Württemberg,Leutenbach,71397,9.415421538,48.90336425,5,2509041551,,2509041551,,,,,,,,,,,5.0,5.0
-7289711712054290115-2509041511-6,7343,2509041525,2509041525,2,,S,3,Backnang|Maubach|Nellmersbach|Winnenden|Schwaikheim,8004333,Neustadt-Hohenacker,Baden-Württemberg,Waiblingen,71336,9.32455106,48.85921668,5,2509041526,,2509041526,,,,,,,,,,,1.0,1.0
-8045206744668014000-2509041455-3,7338,2509041503,2509041503,1,,S,3,Fellbach|Waiblingen,8004333,Neustadt-Hohenacker,Baden-Württemberg,Waiblingen,71336,9.32455106,48.85921668,5,2509041503,,2509041503,,,,,,,,,,,0.0,0.0
-2631247204850333298-2509041525-3,7340,2509041533,2509041533,1,,S,3,Fellbach|Waiblingen,8004333,Neustadt-Hohenacker,Baden-Württemberg,Waiblingen,71336,9.32455106,48.85921668,5,2509041534,,2509041534,,,,,,,,,,,1.0,1.0
-3924626970669458370-2509041541-6,7345,2509041555,2509041555,2,,S,3,Backnang|Maubach|Nellmersbach|Winnenden|Schwaikheim,8004333,Neustadt-Hohenacker,Baden-Württemberg,Waiblingen,71336,9.32455106,48.85921668,5,2509041600,,2509041559,,,,,,,,,,,5.0,4.0
-4263108336817959130-2509041524-3,7640,2509041528,2509041528,1,,S,6,Stuttgart-Feuerbach|Stuttgart-Zuffenhausen,8004338,Neuwirtshaus (Porscheplatz),Baden-Württemberg,Stuttgart,70435,9.151955614,48.83384734,4,2509041529,,2509041529,,h,1,Bauarbeiten,,,,,,,1.0,1.0
7143365029900082015-2509041504-14,7041,2509041546,2509041546,2,,S,60,Böblingen|Sindelfingen|Maichingen|Maichingen Nord|Magstadt|Renningen Süd|Renningen|Rutesheim|Leonberg|Höfingen|Ditzingen|Weilimdorf|Korntal,8004338,Neuwirtshaus (Porscheplatz),Baden-Württemberg,Stuttgart,70435,9.151955614,48.83384734,4,2509041546,,2509041546,,h,1,Bauarbeiten,,,,,,,0.0,0.0
-3747023062711209303-2509041434-14,7039,2509041516,2509041516,2,,S,60,Böblingen|Sindelfingen|Maichingen|Maichingen Nord|Magstadt|Renningen Süd|Renningen|Rutesheim|Leonberg|Höfingen|Ditzingen|Weilimdorf|Korntal,8004338,Neuwirtshaus (Porscheplatz),Baden-Württemberg,Stuttgart,70435,9.151955614,48.83384734,4,2509041516,,2509041516,,h,1,Bauarbeiten,,,,,,,0.0,0.0
-5396559512153605837-2509041554-3,7642,2509041558,2509041558,1,,S,6,Stuttgart-Feuerbach|Stuttgart-Zuffenhausen,8004338,Neuwirtshaus (Porscheplatz),Baden-Württemberg,Stuttgart,70435,9.151955614,48.83384734,4,2509041559,,2509041600,,h,1,Bauarbeiten,,,,,,,1.0,2.0
2868150562617045701-2509041542-2,7046,2509041543,2509041543,1,,S,60,Stuttgart-Zuffenhausen,8004338,Neuwirtshaus (Porscheplatz),Baden-Württemberg,Stuttgart,70435,9.151955614,48.83384734,4,2509041543,,2509041544,,h,1,Bauarbeiten,,,,,,,0.0,1.0
4648300142981777457-2509041512-2,7044,2509041513,2509041513,1,,S,60,Stuttgart-Zuffenhausen,8004338,Neuwirtshaus (Porscheplatz),Baden-Württemberg,Stuttgart,70435,9.151955614,48.83384734,4,2509041514,,2509041514,,h,1,Bauarbeiten,,,,,,,1.0,1.0
-4327327279162025655-2509041433-10,7641,2509041501,2509041501,2,,S,6,Weil der Stadt|Malmsheim|Renningen|Rutesheim|Leonberg|Höfingen|Ditzingen|Weilimdorf|Korntal,8004338,Neuwirtshaus (Porscheplatz),Baden-Württemberg,Stuttgart,70435,9.151955614,48.83384734,4,2509041501,,2509041502,,h,1,Bauarbeiten,,,,,,,0.0,1.0
-5444476258917657908-2509041503-10,7643,2509041531,2509041531,2,,S,6,Weil der Stadt|Malmsheim|Renningen|Rutesheim|Leonberg|Höfingen|Ditzingen|Weilimdorf|Korntal,8004338,Neuwirtshaus (Porscheplatz),Baden-Württemberg,Stuttgart,70435,9.151955614,48.83384734,4,2509041531,,2509041531,,h,1,Bauarbeiten,,,,,,,0.0,0.0
4046308478119658372-2509041546-2,7746,2509041549,2509041549,2,,S,1,Herrenberg,8004490,Nufringen,Baden-Württemberg,Nufringen,71154,8.889817485,48.62010967,5,2509041549,,2509041550,,,,,,,,,,,0.0,1.0
4042720994330791298-2509041446-8,7739,2509041510,2509041511,1,,S,1,Stuttgart-Vaihingen|Stuttgart-Rohr|Goldberg(Württ)|Böblingen|Hulb|Ehningen(b Böblingen)|Gärtringen,8004490,Nufringen,Baden-Württemberg,Nufringen,71154,8.889817485,48.62010967,5,2509041511,,2509041511,,,,,,,,,,,1.0,0.0
6415427064152556957-2509041516-8,7741,2509041540,2509041541,1,,S,1,Stuttgart-Vaihingen|Stuttgart-Rohr|Goldberg(Württ)|Böblingen|Hulb|Ehningen(b Böblingen)|Gärtringen,8004490,Nufringen,Baden-Württemberg,Nufringen,71154,8.889817485,48.62010967,5,2509041542,,2509041543,,,,,,,,,,,2.0,2.0
5474570967830411052-2509041516-2,7744,2509041519,2509041519,2,,S,1,Herrenberg,8004490,Nufringen,Baden-Württemberg,Nufringen,71154,8.889817485,48.62010967,5,2509041523,,2509041524,,,,,,,,,,,4.0,5.0
-5830863712080480053-2509041535-3,7943,2509041544,2509041544,1,,S,2,Stuttgart-Vaihingen|Stuttgart-Rohr,8004496,Oberaichen,Baden-Württemberg,Leinfelden-Echterdingen,70771,9.12743664,48.70512422,5,2509041544,,2509041545,,,,,,,,,,,0.0,1.0
4714297703339606135-2509041505-3,7941,2509041514,2509041514,1,,S,2,Stuttgart-Vaihingen|Stuttgart-Rohr,8004496,Oberaichen,Baden-Württemberg,Leinfelden-Echterdingen,70771,9.12743664,48.70512422,5,2509041514,,2509041514,,,,,,,,,,,0.0,0.0
2433953663782501013-2509041533-5,7942,2509041545,2509041545,2,,S,2,Filderstadt|Stuttgart Flughafen/Messe|Echterdingen|Leinfelden,8004496,Oberaichen,Baden-Württemberg,Leinfelden-Echterdingen,70771,9.12743664,48.70512422,5,2509041544,,2509041545,,,,,,,,,,,-1.0,0.0
6321005766427466470-2509041503-5,7940,2509041515,2509041515,2,,S,2,Filderstadt|Stuttgart Flughafen/Messe|Echterdingen|Leinfelden,8004496,Oberaichen,Baden-Württemberg,Leinfelden-Echterdingen,70771,9.12743664,48.70512422,5,2509041514,,2509041515,,,,,,,,,,,-1.0,0.0
6830165283023982751-2509041520-8,7145,2509041542,2509041542,3,,S,1,Kirchheim(Teck)|Kirchheim(Teck)-Ötlingen|Wendlingen(Neckar)|Wernau(Neckar)|Plochingen|Altbach|Esslingen-Zell,8004528,Oberesslingen,Baden-Württemberg,Esslingen am Neckar,73730,9.327277435,48.72983585,3,2509041542,,2509041543,,,,,,,,,,,0.0,1.0
-6176428807824195191-2509041525-6,7142,2509041544,2509041544,4,,S,1,Stuttgart Hbf|Stuttgart-Bad Cannstatt|Stuttgart-Untertürkheim|Esslingen-Mettingen|Esslingen(Neckar),8004528,Oberesslingen,Baden-Württemberg,Esslingen am Neckar,73730,9.327277435,48.72983585,3,2509041544,,2509041544,,,,,,,,,,,0.0,0.0
353565874858451215-2509041455-6,7140,2509041514,2509041514,4,,S,1,Stuttgart Hbf|Stuttgart-Bad Cannstatt|Stuttgart-Untertürkheim|Esslingen-Mettingen|Esslingen(Neckar),8004528,Oberesslingen,Baden-Württemberg,Esslingen am Neckar,73730,9.327277435,48.72983585,3,2509041516,,2509041517,,,,,,,,,,,2.0,3.0
-275229670537218485-2509041450-8,7143,2509041512,2509041512,3,,S,1,Kirchheim(Teck)|Kirchheim(Teck)-Ötlingen|Wendlingen(Neckar)|Wernau(Neckar)|Plochingen|Altbach|Esslingen-Zell,8004528,Oberesslingen,Baden-Württemberg,Esslingen am Neckar,73730,9.327277435,48.72983585,3,2509041513,,2509041513,,,,,,,,,,,1.0,1.0
3654555183322043812-2509041432-5,19322,2509041512,2509041517,6,,MEX,18,Reutlingen Hbf|Metzingen(Württ)|Nürtingen|Wendlingen(Neckar),8000302,Plochingen,Baden-Württemberg,Plochingen,73207,9.411294578,48.71293906,2,2509041519,,2509041519,,,,,,,,,,,7.0,2.0
109318085949003122-2509041537-3,4223,2509041555,2509041556,4,,RE,5,Stuttgart Hbf|Esslingen(Neckar),8000302,Plochingen,Baden-Württemberg,Plochingen,73207,9.411294578,48.71293906,2,2509041559,,2509041600,,,,,,,,,,,4.0,4.0
1294129110466519723-2509041442-4,19149,2509041500,2509041500,4,,MEX,16,Stuttgart Hbf|Stuttgart-Bad Cannstatt|Esslingen(Neckar),8000302,Plochingen,Baden-Württemberg,Plochingen,73207,9.411294578,48.71293906,2,2509041501,,2509041501,,,,,,,,,,,1.0,1.0
-8664302989770225281-2509041351-20,19323,2509041542,2509041545,9,,MEX,18,Möckmühl|Züttlingen|Siglingen|Neudenau|Herbolzheim(Jagst)|Untergriesheim|Bad Friedrichshall Hbf|Neckarsulm|Heilbronn Sülmertor|Heilbronn Hbf|Nordheim(Württ)|Lauffen(Neckar)|Kirchheim(Neckar)|Walheim(Württ)|Besigheim|Bietigheim-Bissingen|Ludwigsburg|Kornwestheim Pbf|Esslingen(Neckar),8000302,Plochingen,Baden-Württemberg,Plochingen,73207,9.411294578,48.71293906,2,2509041546,,2509041547,,c,,,,,,,,,4.0,2.0
6830165283023982751-2509041520-5,7145,2509041534,2509041535,9,,S,1,Kirchheim(Teck)|Kirchheim(Teck)-Ötlingen|Wendlingen(Neckar)|Wernau(Neckar),8000302,Plochingen,Baden-Württemberg,Plochingen,73207,9.411294578,48.71293906,2,2509041535,,2509041536,,,,,,,,,,,1.0,1.0
-442773149865894030-2509041506-6,19324,2509041546,2509041547,6,,MEX,18,Reutlingen Hbf|Metzingen(Württ)|Nürtingen|Oberboihingen|Wendlingen(Neckar),8000302,Plochingen,Baden-Württemberg,Plochingen,73207,9.411294578,48.71293906,2,2509041547,,2509041548,,c,,,,,,,,,1.0,1.0
-408551796938383490-2509041436-19,19152,2509041556,2509041557,3,,MEX,16,Ulm Hbf|Beimerstetten|Westerstetten|Lonsee|Urspring|Amstetten(Württ)|Geislingen(Steige)|Geislingen(Steige)West|Kuchen|Gingen(Fils)|Süßen|Salach|Eislingen(Fils)|Göppingen|Faurndau|Uhingen|Ebersbach(Fils)|Reichenbach(Fils),8000302,Plochingen,Baden-Württemberg,Plochingen,73207,9.411294578,48.71293906,2,2509041557,,2509041558,,,,,,,,,,,1.0,1.0
-6176428807824195191-2509041525-9,7142,2509041552,2509041555,9,,S,1,Stuttgart Hbf|Stuttgart-Bad Cannstatt|Stuttgart-Untertürkheim|Esslingen-Mettingen|Esslingen(Neckar)|Oberesslingen|Esslingen-Zell|Altbach,8000302,Plochingen,Baden-Württemberg,Plochingen,73207,9.411294578,48.71293906,2,2509041552,,2509041555,,,,,,,,,,,0.0,0.0
7108560216606641199-2509041303-11,4218,2509041502,2509041503,1,,RE,5,Friedrichshafen Stadt|Meckenbeuren|Ravensburg|Aulendorf|Bad Schussenried|Biberach(Riß)|Laupheim West|Ulm Hbf|Geislingen(Steige)|Göppingen,8000302,Plochingen,Baden-Württemberg,Plochingen,73207,9.411294578,48.71293906,2,2509041508,,2509041509,,h,2,Störung,,,,,,,6.0,6.0
3495287791507063980-2509041535-1,19151,,2509041535,,,MEX,16,,8000302,Plochingen,Baden-Württemberg,Plochingen,73207,9.411294578,48.71293906,2,,,2509041535,1,,,,,,,,,,0.0,0.0
7214791617317605989-2509041448-13,19150,2509041528,,1,,MEX,,Geislingen(Steige)|Geislingen(Steige)West|Kuchen|Gingen(Fils)|Süßen|Salach|Eislingen(Fils)|Göppingen|Faurndau|Uhingen|Ebersbach(Fils)|Reichenbach(Fils),8000302,Plochingen,Baden-Württemberg,Plochingen,73207,9.411294578,48.71293906,2,2509041528,,,,,,,,,,,,,0.0,0.0
-7943516118168061046-2509041357-12,19227,2509041511,2509041512,9,,MEX,12,Heilbronn Hbf|Nordheim(Württ)|Lauffen(Neckar)|Kirchheim(Neckar)|Walheim(Württ)|Besigheim|Bietigheim-Bissingen|Ludwigsburg|Stuttgart Hbf|Stuttgart-Bad Cannstatt|Esslingen(Neckar),8000302,Plochingen,Baden-Württemberg,Plochingen,73207,9.411294578,48.71293906,2,2509041514,,2509041515,,h,1,Bauarbeiten,,,,,,,3.0,3.0
353565874858451215-2509041455-9,7140,2509041522,2509041525,9,,S,1,Stuttgart Hbf|Stuttgart-Bad Cannstatt|Stuttgart-Untertürkheim|Esslingen-Mettingen|Esslingen(Neckar)|Oberesslingen|Esslingen-Zell|Altbach,8000302,Plochingen,Baden-Württemberg,Plochingen,73207,9.411294578,48.71293906,2,2509041524,,2509041525,,,,,,,,,,,2.0,0.0
-275229670537218485-2509041450-5,7143,2509041504,2509041505,9,,S,1,Kirchheim(Teck)|Kirchheim(Teck)-Ötlingen|Wendlingen(Neckar)|Wernau(Neckar),8000302,Plochingen,Baden-Württemberg,Plochingen,73207,9.411294578,48.71293906,2,2509041505,,2509041507,,,,,,,,,,,1.0,2.0
-4263108336817959130-2509041524-10,7640,2509041549,2509041552,3,,S,6,Stuttgart-Feuerbach|Stuttgart-Zuffenhausen|Neuwirtshaus(Porscheplatz)|Korntal|Weilimdorf|Ditzingen|Höfingen|Leonberg|Rutesheim,8000313,Renningen,Baden-Württemberg,Renningen,71272,8.932650148,48.77515509,3,2509041549,,2509041552,,h,1,Bauarbeiten,,,,,,,0.0,0.0
7143365029900082015-2509041504-7,7041,2509041520,2509041526,2,,S,60,Böblingen|Sindelfingen|Maichingen|Maichingen Nord|Magstadt|Renningen Süd,8000313,Renningen,Baden-Württemberg,Renningen,71272,8.932650148,48.77515509,3,2509041520,,2509041526,,h,1,Bauarbeiten,,,,,,,0.0,0.0
5999531724712975762-2509041442-9,7042,2509041504,2509041509,3,,S,60,Stuttgart-Zuffenhausen|Neuwirtshaus(Porscheplatz)|Korntal|Weilimdorf|Ditzingen|Höfingen|Leonberg|Rutesheim,8000313,Renningen,Baden-Württemberg,Renningen,71272,8.932650148,48.77515509,3,2509041504,,2509041509,,h,1,Bauarbeiten,,,,,,,0.0,0.0
-6317899099651385370-2509041534-7,7043,2509041550,2509041556,2,,S,60,Böblingen|Sindelfingen|Maichingen|Maichingen Nord|Magstadt|Renningen Süd,8000313,Renningen,Baden-Württemberg,Renningen,71272,8.932650148,48.77515509,3,2509041552,,2509041556,,h,1,Bauarbeiten,,,,,,,2.0,0.0
-3211478262182188991-2509041533-3,7645,2509041537,2509041541,2,,S,6,Weil der Stadt|Malmsheim,8000313,Renningen,Baden-Württemberg,Renningen,71272,8.932650148,48.77515509,3,2509041537,,2509041541,,h,1,Bauarbeiten,,,,,,,0.0,0.0
4648300142981777457-2509041512-9,7044,2509041534,2509041539,3,,S,60,Stuttgart-Zuffenhausen|Neuwirtshaus(Porscheplatz)|Korntal|Weilimdorf|Ditzingen|Höfingen|Leonberg|Rutesheim,8000313,Renningen,Baden-Württemberg,Renningen,71272,8.932650148,48.77515509,3,2509041535,,2509041539,,h,1,Bauarbeiten,,,,,,,1.0,0.0
5272994574383755126-2509041454-10,7638,2509041519,2509041522,3,,S,6,Stuttgart-Feuerbach|Stuttgart-Zuffenhausen|Neuwirtshaus(Porscheplatz)|Korntal|Weilimdorf|Ditzingen|Höfingen|Leonberg|Rutesheim,8000313,Renningen,Baden-Württemberg,Renningen,71272,8.932650148,48.77515509,3,2509041519,,2509041522,,h,1,Bauarbeiten,,,,,,,0.0,0.0
-5444476258917657908-2509041503-3,7643,2509041507,2509041511,2,,S,6,Weil der Stadt|Malmsheim,8000313,Renningen,Baden-Württemberg,Renningen,71272,8.932650148,48.77515509,3,2509041508,,2509041511,,h,1,Bauarbeiten,,,,,,,1.0,0.0
-1015302136173583321-2509041520-5,7240,2509041537,2509041537,1,,S,2,Stuttgart Hbf|Stuttgart-Bad Cannstatt|Fellbach|Waiblingen,8005157,Rommelshausen,Baden-Württemberg,Kernen,71394,9.319175885,48.81552017,4,2509041546,,2509041547,,,,,,,,,,,9.0,10.0
-3934810304618796517-2509041503-9,7243,2509041521,2509041522,2,,S,2,Schorndorf|Weiler(Rems)|Winterbach(b Schorndorf)|Geradstetten|Grunbach|Beutelsbach|Endersbach|Stetten-Beinstein,8005157,Rommelshausen,Baden-Württemberg,Kernen,71394,9.319175885,48.81552017,4,2509041524,,2509041525,,,,,,,,,,,3.0,3.0
-3574262159782319876-2509041533-9,7245,2509041551,2509041552,2,,S,2,Schorndorf|Weiler(Rems)|Winterbach(b Schorndorf)|Geradstetten|Grunbach|Beutelsbach|Endersbach|Stetten-Beinstein,8005157,Rommelshausen,Baden-Württemberg,Kernen,71394,9.319175885,48.81552017,4,2509041552,,2509041553,,,,,,,,,,,1.0,1.0
-5212313388548223160-2509041450-5,7238,2509041507,2509041507,1,,S,2,Stuttgart Hbf|Stuttgart-Bad Cannstatt|Fellbach|Waiblingen,8005157,Rommelshausen,Baden-Württemberg,Kernen,71394,9.319175885,48.81552017,4,2509041507,,2509041508,,,,,,,,,,,0.0,1.0
-4263108336817959130-2509041524-9,7640,2509041546,2509041546,2,,S,6,Stuttgart-Feuerbach|Stuttgart-Zuffenhausen|Neuwirtshaus(Porscheplatz)|Korntal|Weilimdorf|Ditzingen|Höfingen|Leonberg,8005236,Rutesheim,Baden-Württemberg,Leonberg,71229,8.960325242,48.79031093,5,2509041546,,2509041547,,h,1,Bauarbeiten,,,,,,,0.0,1.0
7143365029900082015-2509041504-8,7041,2509041528,2509041529,1,,S,60,Böblingen|Sindelfingen|Maichingen|Maichingen Nord|Magstadt|Renningen Süd|Renningen,8005236,Rutesheim,Baden-Württemberg,Leonberg,71229,8.960325242,48.79031093,5,2509041528,,2509041529,,h,1,Bauarbeiten,,,,,,,0.0,0.0
5999531724712975762-2509041442-8,7042,2509041501,2509041501,2,,S,60,Stuttgart-Zuffenhausen|Neuwirtshaus(Porscheplatz)|Korntal|Weilimdorf|Ditzingen|Höfingen|Leonberg,8005236,Rutesheim,Baden-Württemberg,Leonberg,71229,8.960325242,48.79031093,5,2509041501,,2509041501,,h,1,Bauarbeiten,,,,,,,0.0,0.0
-6317899099651385370-2509041534-8,7043,2509041558,2509041559,1,,S,60,Böblingen|Sindelfingen|Maichingen|Maichingen Nord|Magstadt|Renningen Süd|Renningen,8005236,Rutesheim,Baden-Württemberg,Leonberg,71229,8.960325242,48.79031093,5,2509041559,,2509041559,,h,1,Bauarbeiten,,,,,,,1.0,0.0
-3211478262182188991-2509041533-4,7645,2509041543,2509041544,1,,S,6,Weil der Stadt|Malmsheim|Renningen,8005236,Rutesheim,Baden-Württemberg,Leonberg,71229,8.960325242,48.79031093,5,2509041544,,2509041544,,h,1,Bauarbeiten,,,,,,,1.0,0.0
4648300142981777457-2509041512-8,7044,2509041531,2509041531,2,,S,60,Stuttgart-Zuffenhausen|Neuwirtshaus(Porscheplatz)|Korntal|Weilimdorf|Ditzingen|Höfingen|Leonberg,8005236,Rutesheim,Baden-Württemberg,Leonberg,71229,8.960325242,48.79031093,5,2509041532,,2509041533,,h,1,Bauarbeiten,,,,,,,1.0,2.0
5272994574383755126-2509041454-9,7638,2509041516,2509041516,2,,S,6,Stuttgart-Feuerbach|Stuttgart-Zuffenhausen|Neuwirtshaus(Porscheplatz)|Korntal|Weilimdorf|Ditzingen|Höfingen|Leonberg,8005236,Rutesheim,Baden-Württemberg,Leonberg,71229,8.960325242,48.79031093,5,2509041517,,2509041517,,h,1,Bauarbeiten,,,,,,,1.0,1.0
-5444476258917657908-2509041503-4,7643,2509041513,2509041514,1,,S,6,Weil der Stadt|Malmsheim|Renningen,8005236,Rutesheim,Baden-Württemberg,Leonberg,71229,8.960325242,48.79031093,5,2509041513,,2509041514,,h,1,Bauarbeiten,,,,,,,0.0,0.0
-1015302136173583321-2509041520-13,7240,2509041555,,1,,S,,Stuttgart Hbf|Stuttgart-Bad Cannstatt|Fellbach|Waiblingen|Rommelshausen|Stetten-Beinstein|Endersbach|Beutelsbach|Grunbach|Geradstetten|Winterbach(b Schorndorf)|Weiler(Rems),8005424,Schorndorf,Baden-Württemberg,Schorndorf,73614,9.525686251,48.80693898,3,2509041605,14,,,,,,,,,,,,10.0,0.0
-3934810304618796517-2509041503-1,7243,,2509041503,,,S,2,,8005424,Schorndorf,Baden-Württemberg,Schorndorf,73614,9.525686251,48.80693898,3,,,2509041503,1,,,,,,,,,,0.0,0.0
8852211981240004319-2509041538-2,19473,2509041543,2509041544,2,,MEX,13,Grunbach,8005424,Schorndorf,Baden-Württemberg,Schorndorf,73614,9.525686251,48.80693898,3,2509041543,,2509041544,,,,,,,,,,,0.0,0.0
-3574262159782319876-2509041533-1,7245,,2509041533,,,S,2,,8005424,Schorndorf,Baden-Württemberg,Schorndorf,73614,9.525686251,48.80693898,3,,,2509041533,14,,,,,,,,,,0.0,0.0
2975696052318252325-2509041534-4,19423,2509041557,2509041558,2,,MEX,13,Stuttgart Hbf|Stuttgart-Bad Cannstatt|Waiblingen,8005424,Schorndorf,Baden-Württemberg,Schorndorf,73614,9.525686251,48.80693898,3,2509041605,,2509041606,,,,,,,,,,,8.0,8.0
-4840781046688031698-2509041450-9,3159,2509041509,,5,,WEG,,Rudersberg Nord|Rudersberg|Schlechtbach|Michelau(Württ)|Miedelsbach-Steinenberg|Haubersbronn Mitte|Haubersbronn|Schorndorf-Hammerschlag,8005424,Schorndorf,Baden-Württemberg,Schorndorf,73614,9.525686251,48.80693898,3,,,,,,,,,,,,,,0.0,0.0
-7358693604956548566-2509041522-9,19426,2509041559,2509041559,3,,MEX,13,Aalen Hbf|Mögglingen(Gmünd)|Böbingen(Rems)|Schwäbisch Gmünd|Lorch(Württ)|Waldhausen(b Schorndorf)|Plüderhausen|Urbach(b Schorndorf),8005424,Schorndorf,Baden-Württemberg,Schorndorf,73614,9.525686251,48.80693898,3,2509041600,,2509041601,,,,,,,,,,,1.0,2.0
-5212313388548223160-2509041450-13,7238,2509041525,,14,,S,,Stuttgart Hbf|Stuttgart-Bad Cannstatt|Fellbach|Waiblingen|Rommelshausen|Stetten-Beinstein|Endersbach|Beutelsbach|Grunbach|Geradstetten|Winterbach(b Schorndorf)|Weiler(Rems),8005424,Schorndorf,Baden-Württemberg,Schorndorf,73614,9.525686251,48.80693898,3,2509041525,1,,,,,,,,,,,,0.0,0.0
-9023830487803324596-2509041520-1,3160,,2509041520,,,WEG,RB61,,8005424,Schorndorf,Baden-Württemberg,Schorndorf,73614,9.525686251,48.80693898,3,,,,,,,,,,,,,,0.0,0.0
-764753864870912941-2509041437-9,19474,2509041513,2509041514,3,,MEX,13,Aalen Hbf|Mögglingen(Gmünd)|Böbingen(Rems)|Schwäbisch Gmünd|Lorch(Württ)|Waldhausen(b Schorndorf)|Plüderhausen|Urbach(b Schorndorf),8005424,Schorndorf,Baden-Württemberg,Schorndorf,73614,9.525686251,48.80693898,3,2509041513,,2509041514,,,,,,,,,,,0.0,0.0
-8352889073966336896-2509041406-7,19679,2509041528,2509041529,2,,RE,1,Karlsruhe Hbf|Karlsruhe-Durlach|Pforzheim Hbf|Mühlacker|Vaihingen(Enz)|Stuttgart Hbf,8005424,Schorndorf,Baden-Württemberg,Schorndorf,73614,9.525686251,48.80693898,3,2509041529,,2509041530,,,,,,,,,,,1.0,1.0
-7289711712054290115-2509041511-5,7343,2509041522,2509041523,1,,S,3,Backnang|Maubach|Nellmersbach|Winnenden,8005454,Schwaikheim,Baden-Württemberg,Schwaikheim,71409,9.354747358,48.86832665,4,2509041523,,2509041523,,,,,,,,,,,1.0,0.0
-8045206744668014000-2509041455-4,7338,2509041506,2509041506,2,,S,3,Fellbach|Waiblingen|Neustadt-Hohenacker,8005454,Schwaikheim,Baden-Württemberg,Schwaikheim,71409,9.354747358,48.86832665,4,2509041506,,2509041506,,,,,,,,,,,0.0,0.0
-2631247204850333298-2509041525-4,7340,2509041536,2509041536,2,,S,3,Fellbach|Waiblingen|Neustadt-Hohenacker,8005454,Schwaikheim,Baden-Württemberg,Schwaikheim,71409,9.354747358,48.86832665,4,2509041536,,2509041536,,,,,,,,,,,0.0,0.0
-3924626970669458370-2509041541-5,7345,2509041552,2509041553,1,,S,3,Backnang|Maubach|Nellmersbach|Winnenden,8005454,Schwaikheim,Baden-Württemberg,Schwaikheim,71409,9.354747358,48.86832665,4,2509041557,,2509041557,,,,,,,,,,,5.0,4.0
7143365029900082015-2509041504-2,7041,2509041506,2509041507,1,,S,60,Böblingen,8005574,Sindelfingen,Baden-Württemberg,Sindelfingen,71063,8.999262079,48.70387346,6,2509041506,,2509041507,,h,1,Bauarbeiten,,,,,,,0.0,0.0
5999531724712975762-2509041442-14,7042,2509041522,2509041523,1,,S,60,Stuttgart-Zuffenhausen|Neuwirtshaus(Porscheplatz)|Korntal|Weilimdorf|Ditzingen|Höfingen|Leonberg|Rutesheim|Renningen|Renningen Süd|Magstadt|Maichingen Nord|Maichingen,8005574,Sindelfingen,Baden-Württemberg,Sindelfingen,71063,8.999262079,48.70387346,6,2509041522,,2509041523,,h,1,Bauarbeiten,,,,,,,0.0,0.0
-6317899099651385370-2509041534-2,7043,2509041536,2509041537,1,,S,60,Böblingen,8005574,Sindelfingen,Baden-Württemberg,Sindelfingen,71063,8.999262079,48.70387346,6,2509041538,,2509041538,,h,1,Bauarbeiten,,,,,,,2.0,1.0
4648300142981777457-2509041512-14,7044,2509041552,2509041553,1,,S,60,Stuttgart-Zuffenhausen|Neuwirtshaus(Porscheplatz)|Korntal|Weilimdorf|Ditzingen|Höfingen|Leonberg|Rutesheim|Renningen|Renningen Süd|Magstadt|Maichingen Nord|Maichingen,8005574,Sindelfingen,Baden-Württemberg,Sindelfingen,71063,8.999262079,48.70387346,6,2509041553,,2509041554,,h,1,Bauarbeiten,,,,,,,1.0,1.0
-1015302136173583321-2509041520-6,7240,2509041539,2509041539,1,,S,2,Stuttgart Hbf|Stuttgart-Bad Cannstatt|Fellbach|Waiblingen|Rommelshausen,8005726,Stetten-Beinstein,Baden-Württemberg,Weinstadt,71384,9.352769725,48.81199601,5,2509041549,,2509041549,,,,,,,,,,,10.0,10.0
-3934810304618796517-2509041503-8,7243,2509041519,2509041519,2,,S,2,Schorndorf|Weiler(Rems)|Winterbach(b Schorndorf)|Geradstetten|Grunbach|Beutelsbach|Endersbach,8005726,Stetten-Beinstein,Baden-Württemberg,Weinstadt,71384,9.352769725,48.81199601,5,2509041521,,2509041522,,,,,,,,,,,2.0,3.0
-3574262159782319876-2509041533-8,7245,2509041549,2509041549,2,,S,2,Schorndorf|Weiler(Rems)|Winterbach(b Schorndorf)|Geradstetten|Grunbach|Beutelsbach|Endersbach,8005726,Stetten-Beinstein,Baden-Württemberg,Weinstadt,71384,9.352769725,48.81199601,5,2509041549,,2509041550,,,,,,,,,,,0.0,1.0
-5212313388548223160-2509041450-6,7238,2509041509,2509041509,1,,S,2,Stuttgart Hbf|Stuttgart-Bad Cannstatt|Fellbach|Waiblingen|Rommelshausen,8005726,Stetten-Beinstein,Baden-Württemberg,Weinstadt,71384,9.352769725,48.81199601,5,2509041510,,2509041510,,,,,,,,,,,1.0,1.0
-4400107617632202503-2509041542-1,19153,,2509041542,,,MEX,16,,8000096,Stuttgart Hbf,Baden-Württemberg,Stuttgart,70173,9.183172973,48.78473069,1,,,2509041545,,,,,,,,,,,0.0,3.0
-144686004742347860-2509041533-1,19921,,2509041533,,,RE,,,8000096,Stuttgart Hbf,Baden-Württemberg,Stuttgart,70173,9.183172973,48.78473069,1,,,2509041533,,,,,,,,,,,0.0,0.0
3936577842997907070-2509041503-12,7443,2509041555,,6,,S,,Backnang|Burgstall(Murr)|Kirchberg(Murr)|Erdmannhausen|Marbach(Neckar)|Benningen(Neckar)|Freiberg(Neckar)|Favoritepark|Ludwigsburg|Kornwestheim Pbf|Stuttgart-Zuffenhausen,8000096,Stuttgart Hbf,Baden-Württemberg,Stuttgart,70173,9.183172973,48.78473069,1,2509041552,6,,,,,,,,,,,,-3.0,0.0
-1015302136173583321-2509041520-1,7240,,2509041520,,,S,2,,8000096,Stuttgart Hbf,Baden-Württemberg,Stuttgart,70173,9.183172973,48.78473069,1,,,2509041530,,,,,,,,,,,0.0,10.0
1014763779494518341-2509041550-1,7242,,2509041550,,,S,2,,8000096,Stuttgart Hbf,Baden-Württemberg,Stuttgart,70173,9.183172973,48.78473069,1,,,2509041550,,,,,,,,,,,0.0,0.0
-8006524328198881016-2509041516-1,1248,,2509041516,,,FLX,10,,8000096,Stuttgart Hbf,Baden-Württemberg,Stuttgart,70173,9.183172973,48.78473069,1,,,2509041516,,,,,,,,,,,0.0,0.0
288455004888019640-2509041533-1,19020,,2509041533,,,RE,1,,8000096,Stuttgart Hbf,Baden-Württemberg,Stuttgart,70173,9.183172973,48.78473069,1,,,2509041533,,,,,,,,,,,0.0,0.0
109318085949003122-2509041537-1,4223,,2509041537,,,RE,5,,8000096,Stuttgart Hbf,Baden-Württemberg,Stuttgart,70173,9.183172973,48.78473069,1,,,2509041542,12,,,,,,,,,,0.0,5.0
-3934810304618796517-2509041503-13,7243,2509041540,,2,,S,,Schorndorf|Weiler(Rems)|Winterbach(b Schorndorf)|Geradstetten|Grunbach|Beutelsbach|Endersbach|Stetten-Beinstein|Rommelshausen|Waiblingen|Fellbach|Stuttgart-Bad Cannstatt,8000096,Stuttgart Hbf,Baden-Württemberg,Stuttgart,70173,9.183172973,48.78473069,1,2509041543,,,,,,,,,,,,,3.0,0.0
-3387242124464735916-2509041457-9,19229,2509041542,2509041553,15,,MEX,12,Heilbronn Hbf|Nordheim(Württ)|Lauffen(Neckar)|Kirchheim(Neckar)|Walheim(Württ)|Besigheim|Bietigheim-Bissingen|Ludwigsburg,8000096,Stuttgart Hbf,Baden-Württemberg,Stuttgart,70173,9.183172973,48.78473069,1,2509041542,16,2509041554,16,h,1,Bauarbeiten,,,,,,,0.0,1.0
-4899815477540796252-2509041507-7,7543,2509041535,,7,,S,,Bietigheim-Bissingen|Tamm(Württ)|Asperg|Ludwigsburg|Kornwestheim Pbf|Stuttgart-Zuffenhausen,8000096,Stuttgart Hbf,Baden-Württemberg,Stuttgart,70173,9.183172973,48.78473069,1,2509041535,,,,,,,,,,,,,0.0,0.0
2975696052318252325-2509041534-1,19423,,2509041534,,,MEX,13,,8000096,Stuttgart Hbf,Baden-Württemberg,Stuttgart,70173,9.183172973,48.78473069,1,,,2509041538,,,,,,,,,,,0.0,4.0
3432156487698184996-2509041413-17,17656,2509041543,,4,,RE,,Freudenstadt Hbf|Grüntal-Wittlensweiler|Dornstetten-Aach|Dornstetten|Schopfloch(b Freudenstadt)|Bittelbronn|Horb-Heiligenfeld|Hochdorf(b Horb)|Eutingen Nord|Eutingen im Gäu|Ergenzingen|Bondorf(b Herrenberg)|Gäufelden|Herrenberg|Böblingen|Stuttgart-Vaihingen,8000096,Stuttgart Hbf,Baden-Württemberg,Stuttgart,70173,9.183172973,48.78473069,1,2509041543,,,,h,2,Information,,,,,,,0.0,0.0
-6942653182489293991-2509041234-21,26784,2509041505,,13,,RE,,Nürnberg Hbf|Roßtal|Heilsbronn|Wicklesgreuth|Ansbach|Leutershausen-Wiedersbach|Dombühl|Schnelldorf|Crailsheim|Eckartshausen-Ilshofen|Schwäbisch Hall-Hessental|Gaildorf West|Fichtenberg|Murrhardt|Sulzbach(Murr)|Oppenweiler(Württ)|Backnang|Winnenden|Waiblingen|Stuttgart-Bad Cannstatt,8000096,Stuttgart Hbf,Baden-Württemberg,Stuttgart,70173,9.183172973,48.78473069,1,2509041523,,,,,,,,,,,,,18.0,0.0
-408010978072598374-2509041432-7,19019,2509041528,,5,,RE,,Karlsruhe Hbf|Karlsruhe-Durlach|Wilferdingen-Singen|Pforzheim Hbf|Mühlacker|Vaihingen(Enz),8000096,Stuttgart Hbf,Baden-Württemberg,Stuttgart,70173,9.183172973,48.78473069,1,2509041531,,,,,,,,,,,,,3.0,0.0
6954924236955692259-2509041327-5,516,2509041545,2509041551,10,,ICE,,München Hbf|München-Pasing|Augsburg Hbf|Ulm Hbf,8000096,Stuttgart Hbf,Baden-Württemberg,Stuttgart,70173,9.183172973,48.78473069,1,2509041545,,2509041552,,h,2,Information,,,,,,,0.0,1.0
-5344957365428715329-2509041422-12,56706,2509041526,,13,,MEX,,Aalen Hbf|Mögglingen(Gmünd)|Böbingen(Rems)|Schwäbisch Gmünd|Lorch(Württ)|Waldhausen(b Schorndorf)|Plüderhausen|Urbach(b Schorndorf)|Schorndorf|Waiblingen|Stuttgart-Bad Cannstatt,8000096,Stuttgart Hbf,Baden-Württemberg,Stuttgart,70173,9.183172973,48.78473069,1,2509041531,8,,,,,,,,,,,,5.0,0.0
-7424799054836767456-2509041344-22,19148,2509041516,,14,,MEX,,Ulm Hbf|Beimerstetten|Westerstetten|Lonsee|Urspring|Amstetten(Württ)|Geislingen(Steige)|Geislingen(Steige)West|Kuchen|Gingen(Fils)|Süßen|Salach|Eislingen(Fils)|Göppingen|Faurndau|Uhingen|Ebersbach(Fils)|Reichenbach(Fils)|Plochingen|Esslingen(Neckar)|Stuttgart-Bad Cannstatt,8000096,Stuttgart Hbf,Baden-Württemberg,Stuttgart,70173,9.183172973,48.78473069,1,2509041521,,,,,,,,,,,,,5.0,0.0
-6176428807824195191-2509041525-1,7142,,2509041525,,,S,1,,8000096,Stuttgart Hbf,Baden-Württemberg,Stuttgart,70173,9.183172973,48.78473069,1,,,2509041525,,,,,,,,,,,0.0,0.0
7108560216606641199-2509041303-13,4218,2509041521,,11,,RE,,Friedrichshafen Stadt|Meckenbeuren|Ravensburg|Aulendorf|Bad Schussenried|Biberach(Riß)|Laupheim West|Ulm Hbf|Geislingen(Steige)|Göppingen|Plochingen|Esslingen(Neckar),8000096,Stuttgart Hbf,Baden-Württemberg,Stuttgart,70173,9.183172973,48.78473069,1,2509041528,,,,h,2,Störung,,,,,,,7.0,0.0
-5955272615429035569-2509041433-13,7241,2509041510,,2,,S,,Schorndorf|Weiler(Rems)|Winterbach(b Schorndorf)|Geradstetten|Grunbach|Beutelsbach|Endersbach|Stetten-Beinstein|Rommelshausen|Waiblingen|Fellbach|Stuttgart-Bad Cannstatt,8000096,Stuttgart Hbf,Baden-Württemberg,Stuttgart,70173,9.183172973,48.78473069,1,2509041518,,,,,,,,,,,,,8.0,0.0
1564432240333127755-2509041507-1,7438,,2509041507,,,S,4,,8000096,Stuttgart Hbf,Baden-Württemberg,Stuttgart,70173,9.183172973,48.78473069,1,,,2509041510,,,,,,,,,,,0.0,3.0
3829718457082671082-2509041437-7,7541,2509041505,,7,,S,,Bietigheim-Bissingen|Tamm(Württ)|Asperg|Ludwigsburg|Kornwestheim Pbf|Stuttgart-Zuffenhausen,8000096,Stuttgart Hbf,Baden-Württemberg,Stuttgart,70173,9.183172973,48.78473069,1,2509041508,7,,,,,,,,,,,,3.0,0.0
-9001439101547344471-2509041402-12,17658,2509041543,,4,,RE,,Rottweil|Oberndorf(Neckar)|Sulz(Neckar)|Horb|Eutingen im Gäu|Ergenzingen|Bondorf(b Herrenberg)|Gäufelden|Herrenberg|Böblingen|Stuttgart-Vaihingen,8000096,Stuttgart Hbf,Baden-Württemberg,Stuttgart,70173,9.183172973,48.78473069,1,2509041543,,,,h,2,Information,,,,,,,0.0,0.0
4881326774039345551-2509041527-1,7542,,2509041527,,,S,5,,8000096,Stuttgart Hbf,Baden-Württemberg,Stuttgart,70173,9.183172973,48.78473069,1,,,2509041527,,,,,,,,,,,0.0,0.0
5254114651454294172-2509040916-11,597,2509041508,2509041515,16,,ICE,,Berlin Gesundbrunnen|Berlin Hbf|Berlin Südkreuz|Lutherstadt Wittenberg Hbf|Leipzig Hbf|Erfurt Hbf|Eisenach Hbf|Fulda|Frankfurt(Main)Hbf|Mannheim Hbf,8000096,Stuttgart Hbf,Baden-Württemberg,Stuttgart,70173,9.183172973,48.78473069,1,2509041527,,2509041532,,c,,,,,,,,,19.0,17.0
-2365839264405796350-2509041537-1,7440,,2509041537,,,S,4,,8000096,Stuttgart Hbf,Baden-Württemberg,Stuttgart,70173,9.183172973,48.78473069,1,,,2509041537,,,,,,,,,,,0.0,0.0
6037772526634891708-2509041555-1,7144,,2509041555,,,S,1,,8000096,Stuttgart Hbf,Baden-Württemberg,Stuttgart,70173,9.183172973,48.78473069,1,,,2509041555,,,,,,,,,,,0.0,0.0
-293311094429060174-2509041518-1,969,,2509041518,,,WB,,,8000096,Stuttgart Hbf,Baden-Württemberg,Stuttgart,70173,9.183172973,48.78473069,1,,,2509041522,,,,,,,,,,,0.0,4.0
-849152549781096723-2509041517-1,489,,2509041517,,,IC,,,8000096,Stuttgart Hbf,Baden-Württemberg,Stuttgart,70173,9.183172973,48.78473069,1,,,2509041517,,h,1,Information,,,,,,,0.0,0.0
7236638317671658556-2509041420-15,7141,2509041502,,1,,S,,Kirchheim(Teck)|Kirchheim(Teck)-Ötlingen|Wendlingen(Neckar)|Wernau(Neckar)|Plochingen|Altbach|Esslingen-Zell|Oberesslingen|Esslingen(Neckar)|Esslingen-Mettingen|Stuttgart-Obertürkheim|Stuttgart-Untertürkheim|Stuttgart Neckarpark|Stuttgart-Bad Cannstatt,8000096,Stuttgart Hbf,Baden-Württemberg,Stuttgart,70173,9.183172973,48.78473069,1,2509041506,,,,,,,,,,,,,4.0,0.0
195941745446539029-2509041433-12,7441,2509041525,,6,,S,,Backnang|Burgstall(Murr)|Kirchberg(Murr)|Erdmannhausen|Marbach(Neckar)|Benningen(Neckar)|Freiberg(Neckar)|Favoritepark|Ludwigsburg|Kornwestheim Pbf|Stuttgart-Zuffenhausen,8000096,Stuttgart Hbf,Baden-Württemberg,Stuttgart,70173,9.183172973,48.78473069,1,2509041522,6,,,,,,,,,,,,-3.0,0.0
-9100416031795514469-2509041406-9,19234,2509041513,2509041519,8,,MEX,12,Reutlingen Hbf|Metzingen(Württ)|Nürtingen|Oberboihingen|Wendlingen(Neckar)|Plochingen|Esslingen(Neckar)|Stuttgart-Bad Cannstatt,8000096,Stuttgart Hbf,Baden-Württemberg,Stuttgart,70173,9.183172973,48.78473069,1,2509041514,,2509041520,,,,,,,,,,,1.0,1.0
-4628505577045451249-2509041557-1,7544,,2509041557,,,S,5,,8000096,Stuttgart Hbf,Baden-Württemberg,Stuttgart,70173,9.183172973,48.78473069,1,,,2509041557,,,,,,,,,,,0.0,0.0
-614064001249317400-2509041517-1,50489,,2509041517,,,RE,87,,8000096,Stuttgart Hbf,Baden-Württemberg,Stuttgart,70173,9.183172973,48.78473069,1,,,2509041517,,h,1,Information,,,,,,,0.0,0.0
-275229670537218485-2509041450-15,7143,2509041532,,1,,S,,Kirchheim(Teck)|Kirchheim(Teck)-Ötlingen|Wendlingen(Neckar)|Wernau(Neckar)|Plochingen|Altbach|Esslingen-Zell|Oberesslingen|Esslingen(Neckar)|Esslingen-Mettingen|Stuttgart-Obertürkheim|Stuttgart-Untertürkheim|Stuttgart Neckarpark|Stuttgart-Bad Cannstatt,8000096,Stuttgart Hbf,Baden-Württemberg,Stuttgart,70173,9.183172973,48.78473069,1,2509041536,,,,,,,,,,,,,4.0,0.0
-387431697158603649-2509041341-7,2160,2509041552,2509041558,11,,IC,,Nürnberg Hbf|Ansbach|Crailsheim|Ellwangen|Aalen Hbf|Schwäbisch Gmünd,8000096,Stuttgart Hbf,Baden-Württemberg,Stuttgart,70173,9.183172973,48.78473069,1,2509041613,,2509041618,,h,2,Information,,,,,,,21.0,20.0
5612003499232383454-2509041523-1,1094,,2509041523,,,ICE,,,8000096,Stuttgart Hbf,Baden-Württemberg,Stuttgart,70173,9.183172973,48.78473069,1,,,2509041523,5,h,2,Information,,,,,,,0.0,0.0
-3777293467106448269-2509041503-3,19920,2509041527,,3,,RE,,Böblingen|Stuttgart-Vaihingen,8000096,Stuttgart Hbf,Baden-Württemberg,Stuttgart,70173,9.183172973,48.78473069,1,2509041528,,,,,,,,,,,,,1.0,0.0
-8352889073966336896-2509041406-6,19679,2509041459,2509041508,14,,RE,1,Karlsruhe Hbf|Karlsruhe-Durlach|Pforzheim Hbf|Mühlacker|Vaihingen(Enz),8000096,Stuttgart Hbf,Baden-Württemberg,Stuttgart,70173,9.183172973,48.78473069,1,2509041502,,2509041510,,,,,,,,,,,3.0,2.0
6830165283023982751-2509041520-13,7145,2509041554,2509041554,3,,S,1,Kirchheim(Teck)|Kirchheim(Teck)-Ötlingen|Wendlingen(Neckar)|Wernau(Neckar)|Plochingen|Altbach|Esslingen-Zell|Oberesslingen|Esslingen(Neckar)|Esslingen-Mettingen|Stuttgart-Obertürkheim|Stuttgart-Untertürkheim,8006743,Stuttgart Neckarpark,Baden-Württemberg,Stuttgart,70372,9.24106855,48.79194362,4,2509041556,,2509041556,,,,,,,,,,,2.0,2.0
-275229670537218485-2509041450-13,7143,2509041524,2509041524,3,,S,1,Kirchheim(Teck)|Kirchheim(Teck)-Ötlingen|Wendlingen(Neckar)|Wernau(Neckar)|Plochingen|Altbach|Esslingen-Zell|Oberesslingen|Esslingen(Neckar)|Esslingen-Mettingen|Stuttgart-Obertürkheim|Stuttgart-Untertürkheim,8006743,Stuttgart Neckarpark,Baden-Württemberg,Stuttgart,70372,9.24106855,48.79194362,4,2509041526,,2509041527,,,,,,,,,,,2.0,3.0
-4400107617632202503-2509041542-2,19153,2509041545,2509041546,8,,MEX,16,Stuttgart Hbf,8005769,Stuttgart-Bad Cannstatt,Baden-Württemberg,Stuttgart,70372,9.217468636,48.80127978,3,2509041548,,2509041549,,,,,,,,,,,3.0,3.0
-8261116078888715749-2509041459-2,88621,2509041502,2509041502,7,,RE,90,Stuttgart Hbf,8005769,Stuttgart-Bad Cannstatt,Baden-Württemberg,Stuttgart,70372,9.217468636,48.80127978,3,2509041509,,2509041510,,,,,,,,,,,7.0,8.0
-1015302136173583321-2509041520-2,7240,2509041524,2509041524,7,,S,2,Stuttgart Hbf,8005769,Stuttgart-Bad Cannstatt,Baden-Württemberg,Stuttgart,70372,9.217468636,48.80127978,3,2509041534,,2509041535,,,,,,,,,,,10.0,11.0
1014763779494518341-2509041550-2,7242,2509041554,2509041554,7,,S,2,Stuttgart Hbf,8005769,Stuttgart-Bad Cannstatt,Baden-Württemberg,Stuttgart,70372,9.217468636,48.80127978,3,2509041555,,2509041555,,,,,,,,,,,1.0,1.0
-3934810304618796517-2509041503-12,7243,2509041535,2509041536,6,,S,2,Schorndorf|Weiler(Rems)|Winterbach(b Schorndorf)|Geradstetten|Grunbach|Beutelsbach|Endersbach|Stetten-Beinstein|Rommelshausen|Waiblingen|Fellbach,8005769,Stuttgart-Bad Cannstatt,Baden-Württemberg,Stuttgart,70372,9.217468636,48.80127978,3,2509041537,,2509041538,,,,,,,,,,,2.0,2.0
-3387242124464735916-2509041457-10,19229,2509041556,2509041556,8,,MEX,12,Heilbronn Hbf|Nordheim(Württ)|Lauffen(Neckar)|Kirchheim(Neckar)|Walheim(Württ)|Besigheim|Bietigheim-Bissingen|Ludwigsburg|Stuttgart Hbf,8005769,Stuttgart-Bad Cannstatt,Baden-Württemberg,Stuttgart,70372,9.217468636,48.80127978,3,2509041557,,2509041559,,h,1,Bauarbeiten,,,,,,,1.0,3.0
2975696052318252325-2509041534-2,19423,2509041537,2509041538,7,,MEX,13,Stuttgart Hbf,8005769,Stuttgart-Bad Cannstatt,Baden-Württemberg,Stuttgart,70372,9.217468636,48.80127978,3,2509041541,,2509041543,,,,,,,,,,,4.0,5.0
-6942653182489293991-2509041234-20,26784,2509041501,2509041502,6,,RE,90,Nürnberg Hbf|Roßtal|Heilsbronn|Wicklesgreuth|Ansbach|Leutershausen-Wiedersbach|Dombühl|Schnelldorf|Crailsheim|Eckartshausen-Ilshofen|Schwäbisch Hall-Hessental|Gaildorf West|Fichtenberg|Murrhardt|Sulzbach(Murr)|Oppenweiler(Württ)|Backnang|Winnenden|Waiblingen,8005769,Stuttgart-Bad Cannstatt,Baden-Württemberg,Stuttgart,70372,9.217468636,48.80127978,3,2509041517,,2509041519,,,,,,,,,,,16.0,17.0
6830165283023982751-2509041520-14,7145,2509041556,2509041557,5,,S,1,Kirchheim(Teck)|Kirchheim(Teck)-Ötlingen|Wendlingen(Neckar)|Wernau(Neckar)|Plochingen|Altbach|Esslingen-Zell|Oberesslingen|Esslingen(Neckar)|Esslingen-Mettingen|Stuttgart-Obertürkheim|Stuttgart-Untertürkheim|Stuttgart Neckarpark,8005769,Stuttgart-Bad Cannstatt,Baden-Württemberg,Stuttgart,70372,9.217468636,48.80127978,3,2509041600,,2509041600,,,,,,,,,,,4.0,3.0
-5344957365428715329-2509041422-11,56706,2509041520,2509041522,6,,MEX,13,Aalen Hbf|Mögglingen(Gmünd)|Böbingen(Rems)|Schwäbisch Gmünd|Lorch(Württ)|Waldhausen(b Schorndorf)|Plüderhausen|Urbach(b Schorndorf)|Schorndorf|Waiblingen,8005769,Stuttgart-Bad Cannstatt,Baden-Württemberg,Stuttgart,70372,9.217468636,48.80127978,3,2509041522,,2509041526,,,,,,,,,,,2.0,4.0
-7424799054836767456-2509041344-21,19148,2509041512,2509041512,5,,MEX,16,Ulm Hbf|Beimerstetten|Westerstetten|Lonsee|Urspring|Amstetten(Württ)|Geislingen(Steige)|Geislingen(Steige)West|Kuchen|Gingen(Fils)|Süßen|Salach|Eislingen(Fils)|Göppingen|Faurndau|Uhingen|Ebersbach(Fils)|Reichenbach(Fils)|Plochingen|Esslingen(Neckar),8005769,Stuttgart-Bad Cannstatt,Baden-Württemberg,Stuttgart,70372,9.217468636,48.80127978,3,2509041513,,2509041517,,,,,,,,,,,1.0,5.0
-6176428807824195191-2509041525-2,7142,2509041529,2509041530,8,,S,1,Stuttgart Hbf,8005769,Stuttgart-Bad Cannstatt,Baden-Württemberg,Stuttgart,70372,9.217468636,48.80127978,3,2509041529,,2509041530,,,,,,,,,,,0.0,0.0
-5955272615429035569-2509041433-12,7241,2509041505,2509041506,6,,S,2,Schorndorf|Weiler(Rems)|Winterbach(b Schorndorf)|Geradstetten|Grunbach|Beutelsbach|Endersbach|Stetten-Beinstein|Rommelshausen|Waiblingen|Fellbach,8005769,Stuttgart-Bad Cannstatt,Baden-Württemberg,Stuttgart,70372,9.217468636,48.80127978,3,2509041511,,2509041514,,,,,,,,,,,6.0,8.0
6037772526634891708-2509041555-2,7144,2509041559,2509041600,8,,S,1,Stuttgart Hbf,8005769,Stuttgart-Bad Cannstatt,Baden-Württemberg,Stuttgart,70372,9.217468636,48.80127978,3,2509041601,,2509041602,,,,,,,,,,,2.0,2.0
7310944986471241948-2509041503-9,17544,2509041558,2509041600,6,,MEX,90,Schwäbisch Hall-Hessental|Gaildorf West|Murrhardt|Sulzbach(Murr)|Oppenweiler(Württ)|Backnang|Winnenden|Waiblingen,8005769,Stuttgart-Bad Cannstatt,Baden-Württemberg,Stuttgart,70372,9.217468636,48.80127978,3,2509041609,,2509041610,,h,2,Information,,,,,,,11.0,10.0
-9100416031795514469-2509041406-8,19234,2509041508,2509041509,5,,MEX,12,Reutlingen Hbf|Metzingen(Württ)|Nürtingen|Oberboihingen|Wendlingen(Neckar)|Plochingen|Esslingen(Neckar),8005769,Stuttgart-Bad Cannstatt,Baden-Württemberg,Stuttgart,70372,9.217468636,48.80127978,3,2509041509,,2509041510,,,,,,,,,,,1.0,1.0
353565874858451215-2509041455-2,7140,2509041459,2509041500,8,,S,1,Stuttgart Hbf,8005769,Stuttgart-Bad Cannstatt,Baden-Württemberg,Stuttgart,70372,9.217468636,48.80127978,3,2509041502,,2509041502,,,,,,,,,,,3.0,2.0
-275229670537218485-2509041450-14,7143,2509041526,2509041527,5,,S,1,Kirchheim(Teck)|Kirchheim(Teck)-Ötlingen|Wendlingen(Neckar)|Wernau(Neckar)|Plochingen|Altbach|Esslingen-Zell|Oberesslingen|Esslingen(Neckar)|Esslingen-Mettingen|Stuttgart-Obertürkheim|Stuttgart-Untertürkheim|Stuttgart Neckarpark,8005769,Stuttgart-Bad Cannstatt,Baden-Württemberg,Stuttgart,70372,9.217468636,48.80127978,3,2509041530,,2509041531,,,,,,,,,,,4.0,4.0
-4263108336817959130-2509041524-1,7640,,2509041524,,,S,6,,8005770,Stuttgart-Feuerbach,Baden-Württemberg,Feuerbach,70469,9.169186287,48.81363554,3,,,2509041524,,h,1,Bauarbeiten,,,,,,,0.0,0.0
-5396559512153605837-2509041554-1,7642,,2509041554,,,S,6,,8005770,Stuttgart-Feuerbach,Baden-Württemberg,Feuerbach,70469,9.169186287,48.81363554,3,,,2509041554,,h,1,Bauarbeiten,,,,,,,0.0,0.0
-4327327279162025655-2509041433-12,7641,2509041506,,1a,,S,,Weil der Stadt|Malmsheim|Renningen|Rutesheim|Leonberg|Höfingen|Ditzingen|Weilimdorf|Korntal|Neuwirtshaus(Porscheplatz)|Stuttgart-Zuffenhausen,8005770,Stuttgart-Feuerbach,Baden-Württemberg,Feuerbach,70469,9.169186287,48.81363554,3,2509041506,,,,h,1,Bauarbeiten,,,,,,,0.0,0.0
-5444476258917657908-2509041503-12,7643,2509041536,,1a,,S,,Weil der Stadt|Malmsheim|Renningen|Rutesheim|Leonberg|Höfingen|Ditzingen|Weilimdorf|Korntal|Neuwirtshaus(Porscheplatz)|Stuttgart-Zuffenhausen,8005770,Stuttgart-Feuerbach,Baden-Württemberg,Feuerbach,70469,9.169186287,48.81363554,3,2509041536,,,,h,1,Bauarbeiten,,,,,,,0.0,0.0
6830165283023982751-2509041520-11,7145,2509041549,2509041549,5,,S,1,Kirchheim(Teck)|Kirchheim(Teck)-Ötlingen|Wendlingen(Neckar)|Wernau(Neckar)|Plochingen|Altbach|Esslingen-Zell|Oberesslingen|Esslingen(Neckar)|Esslingen-Mettingen,8005772,Stuttgart-Obertürkheim,Baden-Württemberg,Stuttgart,70329,9.268167932,48.76175015,4,2509041549,,2509041550,,,,,,,,,,,0.0,1.0
-275229670537218485-2509041450-11,7143,2509041519,2509041519,5,,S,1,Kirchheim(Teck)|Kirchheim(Teck)-Ötlingen|Wendlingen(Neckar)|Wernau(Neckar)|Plochingen|Altbach|Esslingen-Zell|Oberesslingen|Esslingen(Neckar)|Esslingen-Mettingen,8005772,Stuttgart-Obertürkheim,Baden-Württemberg,Stuttgart,70329,9.268167932,48.76175015,4,2509041520,,2509041521,,,,,,,,,,,1.0,2.0
-5830863712080480053-2509041535-2,7943,2509041536,2509041542,2,,S,2,Stuttgart-Vaihingen,8005773,Stuttgart-Rohr,Baden-Württemberg,Stuttgart,70565,9.108158025,48.71799427,4,2509041536,,2509041542,,,,,,,,,,,0.0,0.0
4714297703339606135-2509041505-2,7941,2509041506,2509041512,2,,S,2,Stuttgart-Vaihingen,8005773,Stuttgart-Rohr,Baden-Württemberg,Stuttgart,70565,9.108158025,48.71799427,4,2509041506,,2509041512,,,,,,,,,,,0.0,0.0
968865099586091217-2509041446-8,7742,2509041507,2509041508,3,,S,1,Herrenberg|Nufringen|Gärtringen|Ehningen(b Böblingen)|Hulb|Böblingen|Goldberg(Württ),8005773,Stuttgart-Rohr,Baden-Württemberg,Stuttgart,70565,9.108158025,48.71799427,4,2509041508,,2509041509,,,,,,,,,,,1.0,1.0
2433953663782501013-2509041533-6,7942,2509041547,2509041548,3,,S,2,Filderstadt|Stuttgart Flughafen/Messe|Echterdingen|Leinfelden|Oberaichen,8005773,Stuttgart-Rohr,Baden-Württemberg,Stuttgart,70565,9.108158025,48.71799427,4,2509041547,,2509041548,,,,,,,,,,,0.0,0.0
6321005766427466470-2509041503-6,7940,2509041517,2509041518,3,,S,2,Filderstadt|Stuttgart Flughafen/Messe|Echterdingen|Leinfelden|Oberaichen,8005773,Stuttgart-Rohr,Baden-Württemberg,Stuttgart,70565,9.108158025,48.71799427,4,2509041517,,2509041518,,,,,,,,,,,0.0,0.0
6036503238720280244-2509041546-2,7743,2509041547,2509041553,2,,S,1,Stuttgart-Vaihingen,8005773,Stuttgart-Rohr,Baden-Württemberg,Stuttgart,70565,9.108158025,48.71799427,4,2509041547,,2509041553,,,,,,,,,,,0.0,0.0
6415427064152556957-2509041516-2,7741,2509041517,2509041523,2,,S,1,Stuttgart-Vaihingen,8005773,Stuttgart-Rohr,Baden-Württemberg,Stuttgart,70565,9.108158025,48.71799427,4,2509041517,,2509041523,,,,,,,,,,,0.0,0.0
5474570967830411052-2509041516-8,7744,2509041537,2509041538,3,,S,1,Herrenberg|Nufringen|Gärtringen|Ehningen(b Böblingen)|Hulb|Böblingen|Goldberg(Württ),8005773,Stuttgart-Rohr,Baden-Württemberg,Stuttgart,70565,9.108158025,48.71799427,4,2509041542,,2509041542,,,,,,,,,,,5.0,4.0
6830165283023982751-2509041520-12,7145,2509041551,2509041552,6,,S,1,Kirchheim(Teck)|Kirchheim(Teck)-Ötlingen|Wendlingen(Neckar)|Wernau(Neckar)|Plochingen|Altbach|Esslingen-Zell|Oberesslingen|Esslingen(Neckar)|Esslingen-Mettingen|Stuttgart-Obertürkheim,8005775,Stuttgart-Untertürkheim Pbf,Baden-Württemberg,Stuttgart,70327,9.250467074,48.77984679,3,2509041552,,2509041554,,,,,,,,,,,1.0,2.0
-6176428807824195191-2509041525-3,7142,2509041532,2509041533,4,,S,1,Stuttgart Hbf|Stuttgart-Bad Cannstatt,8005775,Stuttgart-Untertürkheim Pbf,Baden-Württemberg,Stuttgart,70327,9.250467074,48.77984679,3,2509041534,,2509041535,,,,,,,,,,,2.0,2.0
353565874858451215-2509041455-3,7140,2509041502,2509041503,4,,S,1,Stuttgart Hbf|Stuttgart-Bad Cannstatt,8005775,Stuttgart-Untertürkheim Pbf,Baden-Württemberg,Stuttgart,70327,9.250467074,48.77984679,3,2509041505,,2509041506,,,,,,,,,,,3.0,3.0
-275229670537218485-2509041450-12,7143,2509041521,2509041522,6,,S,1,Kirchheim(Teck)|Kirchheim(Teck)-Ötlingen|Wendlingen(Neckar)|Wernau(Neckar)|Plochingen|Altbach|Esslingen-Zell|Oberesslingen|Esslingen(Neckar)|Esslingen-Mettingen|Stuttgart-Obertürkheim,8005775,Stuttgart-Untertürkheim Pbf,Baden-Württemberg,Stuttgart,70327,9.250467074,48.77984679,3,2509041523,,2509041524,,,,,,,,,,,2.0,2.0
-144686004742347860-2509041533-2,19921,2509041548,2509041548,4,,RE,,Stuttgart Hbf,8005776,Stuttgart-Vaihingen,Baden-Württemberg,Stuttgart,70563,9.113913368,48.72698116,3,2509041546,,2509041548,,,,,,,,,,,-2.0,0.0
-5830863712080480053-2509041535-1,7943,,2509041535,,,S,2,,8005776,Stuttgart-Vaihingen,Baden-Württemberg,Stuttgart,70563,9.113913368,48.72698116,3,,,2509041535,,,,,,,,,,,0.0,0.0
4714297703339606135-2509041505-1,7941,,2509041505,,,S,2,,8005776,Stuttgart-Vaihingen,Baden-Württemberg,Stuttgart,70563,9.113913368,48.72698116,3,,,2509041505,,,,,,,,,,,0.0,0.0
-7164744247011336626-2509041237-8,188,2509041519,,6,,IC,,Zürich HB|Schaffhausen|Singen(Hohentwiel)|Tuttlingen|Rottweil|Horb|Böblingen,8005776,Stuttgart-Vaihingen,Baden-Württemberg,Stuttgart,70563,9.113913368,48.72698116,3,2509041537,,,,h,1,Information,,,,,,,18.0,0.0
3432156487698184996-2509041413-16,17656,2509041529,2509041529,4,,RE,14b,Freudenstadt Hbf|Grüntal-Wittlensweiler|Dornstetten-Aach|Dornstetten|Schopfloch(b Freudenstadt)|Bittelbronn|Horb-Heiligenfeld|Hochdorf(b Horb)|Eutingen Nord|Eutingen im Gäu|Ergenzingen|Bondorf(b Herrenberg)|Gäufelden|Herrenberg|Böblingen,8005776,Stuttgart-Vaihingen,Baden-Württemberg,Stuttgart,70563,9.113913368,48.72698116,3,2509041528,,2509041529,,h,2,Information,,,,,,,-1.0,0.0
968865099586091217-2509041446-9,7742,2509041510,,3,,S,,Herrenberg|Nufringen|Gärtringen|Ehningen(b Böblingen)|Hulb|Böblingen|Goldberg(Württ)|Stuttgart-Rohr,8005776,Stuttgart-Vaihingen,Baden-Württemberg,Stuttgart,70563,9.113913368,48.72698116,3,2509041511,,,,,,,,,,,,,1.0,0.0
2433953663782501013-2509041533-7,7942,2509041550,,2,,S,,Filderstadt|Stuttgart Flughafen/Messe|Echterdingen|Leinfelden|Oberaichen|Stuttgart-Rohr,8005776,Stuttgart-Vaihingen,Baden-Württemberg,Stuttgart,70563,9.113913368,48.72698116,3,2509041550,,,,,,,,,,,,,0.0,0.0
6321005766427466470-2509041503-7,7940,2509041520,,2,,S,,Filderstadt|Stuttgart Flughafen/Messe|Echterdingen|Leinfelden|Oberaichen|Stuttgart-Rohr,8005776,Stuttgart-Vaihingen,Baden-Württemberg,Stuttgart,70563,9.113913368,48.72698116,3,2509041519,,,,,,,,,,,,,-1.0,0.0
-9001439101547344471-2509041402-11,17658,2509041529,2509041529,4,,RE,14a,Rottweil|Oberndorf(Neckar)|Sulz(Neckar)|Horb|Eutingen im Gäu|Ergenzingen|Bondorf(b Herrenberg)|Gäufelden|Herrenberg|Böblingen,8005776,Stuttgart-Vaihingen,Baden-Württemberg,Stuttgart,70563,9.113913368,48.72698116,3,2509041527,,2509041529,,h,2,Information,,,,,,,-2.0,0.0
6036503238720280244-2509041546-1,7743,,2509041546,,,S,1,,8005776,Stuttgart-Vaihingen,Baden-Württemberg,Stuttgart,70563,9.113913368,48.72698116,3,,,2509041546,,,,,,,,,,,0.0,0.0
-2633182889601930465-2509041336-6,50188,2509041519,,6,,RE,,Singen(Hohentwiel)|Tuttlingen|Rottweil|Horb|Böblingen,8005776,Stuttgart-Vaihingen,Baden-Württemberg,Stuttgart,70563,9.113913368,48.72698116,3,2509041537,,,,h,1,Information,,,,,,,18.0,0.0
6415427064152556957-2509041516-1,7741,,2509041516,,,S,1,,8005776,Stuttgart-Vaihingen,Baden-Württemberg,Stuttgart,70563,9.113913368,48.72698116,3,,,2509041516,,,,,,,,,,,0.0,0.0
5474570967830411052-2509041516-9,7744,2509041540,,3,,S,,Herrenberg|Nufringen|Gärtringen|Ehningen(b Böblingen)|Hulb|Böblingen|Goldberg(Württ)|Stuttgart-Rohr,8005776,Stuttgart-Vaihingen,Baden-Württemberg,Stuttgart,70563,9.113913368,48.72698116,3,2509041544,,,,,,,,,,,,,4.0,0.0
-3777293467106448269-2509041503-2,19920,2509041511,2509041512,4,,RE,,Böblingen,8005776,Stuttgart-Vaihingen,Baden-Württemberg,Stuttgart,70563,9.113913368,48.72698116,3,2509041512,,2509041514,,,,,,,,,,,1.0,2.0
-4263108336817959130-2509041524-5,7640,2509041533,2509041533,1,,S,6,Stuttgart-Feuerbach|Stuttgart-Zuffenhausen|Neuwirtshaus(Porscheplatz)|Korntal,8006268,Stuttgart-Weilimdorf,Baden-Württemberg,Stuttgart,70499,9.094370086,48.82208429,5,2509041533,,2509041534,,h,1,Bauarbeiten,,,,,,,0.0,1.0
7143365029900082015-2509041504-12,7041,2509041541,2509041541,2,,S,60,Böblingen|Sindelfingen|Maichingen|Maichingen Nord|Magstadt|Renningen Süd|Renningen|Rutesheim|Leonberg|Höfingen|Ditzingen,8006268,Stuttgart-Weilimdorf,Baden-Württemberg,Stuttgart,70499,9.094370086,48.82208429,5,2509041541,,2509041542,,h,1,Bauarbeiten,,,,,,,0.0,1.0
-3211478262182188991-2509041533-8,7645,2509041556,2509041556,2,,S,6,Weil der Stadt|Malmsheim|Renningen|Rutesheim|Leonberg|Höfingen|Ditzingen,8006268,Stuttgart-Weilimdorf,Baden-Württemberg,Stuttgart,70499,9.094370086,48.82208429,5,2509041556,,2509041556,,h,1,Bauarbeiten,,,,,,,0.0,0.0
-3747023062711209303-2509041434-12,7039,2509041511,2509041511,2,,S,60,Böblingen|Sindelfingen|Maichingen|Maichingen Nord|Magstadt|Renningen Süd|Renningen|Rutesheim|Leonberg|Höfingen|Ditzingen,8006268,Stuttgart-Weilimdorf,Baden-Württemberg,Stuttgart,70499,9.094370086,48.82208429,5,2509041511,,2509041511,,h,1,Bauarbeiten,,,,,,,0.0,0.0
2868150562617045701-2509041542-4,7046,2509041548,2509041548,1,,S,60,Stuttgart-Zuffenhausen|Neuwirtshaus(Porscheplatz)|Korntal,8006268,Stuttgart-Weilimdorf,Baden-Württemberg,Stuttgart,70499,9.094370086,48.82208429,5,2509041548,,2509041549,,h,1,Bauarbeiten,,,,,,,0.0,1.0
4648300142981777457-2509041512-4,7044,2509041518,2509041518,1,,S,60,Stuttgart-Zuffenhausen|Neuwirtshaus(Porscheplatz)|Korntal,8006268,Stuttgart-Weilimdorf,Baden-Württemberg,Stuttgart,70499,9.094370086,48.82208429,5,2509041519,,2509041520,,h,1,Bauarbeiten,,,,,,,1.0,2.0
5272994574383755126-2509041454-5,7638,2509041503,2509041503,1,,S,6,Stuttgart-Feuerbach|Stuttgart-Zuffenhausen|Neuwirtshaus(Porscheplatz)|Korntal,8006268,Stuttgart-Weilimdorf,Baden-Württemberg,Stuttgart,70499,9.094370086,48.82208429,5,2509041504,,2509041505,,h,1,Bauarbeiten,,,,,,,1.0,2.0
-5444476258917657908-2509041503-8,7643,2509041526,2509041526,2,,S,6,Weil der Stadt|Malmsheim|Renningen|Rutesheim|Leonberg|Höfingen|Ditzingen,8006268,Stuttgart-Weilimdorf,Baden-Württemberg,Stuttgart,70499,9.094370086,48.82208429,5,2509041526,,2509041526,,h,1,Bauarbeiten,,,,,,,0.0,0.0
3936577842997907070-2509041503-11,7443,2509041543,2509041544,5,,S,4,Backnang|Burgstall(Murr)|Kirchberg(Murr)|Erdmannhausen|Marbach(Neckar)|Benningen(Neckar)|Freiberg(Neckar)|Favoritepark|Ludwigsburg|Kornwestheim Pbf,8005778,Stuttgart-Zuffenhausen,Baden-Württemberg,Stuttgart,70435,9.167156375,48.82960884,3,2509041544,,2509041545,,,,,,,,,,,1.0,1.0
-4899815477540796252-2509041507-6,7543,2509041523,2509041524,5,,S,5,Bietigheim-Bissingen|Tamm(Württ)|Asperg|Ludwigsburg|Kornwestheim Pbf,8005778,Stuttgart-Zuffenhausen,Baden-Württemberg,Stuttgart,70435,9.167156375,48.82960884,3,2509041527,,2509041527,,,,,,,,,,,4.0,3.0
-4263108336817959130-2509041524-2,7640,2509041526,2509041527,12,,S,6,Stuttgart-Feuerbach,8005778,Stuttgart-Zuffenhausen,Baden-Württemberg,Stuttgart,70435,9.167156375,48.82960884,3,2509041526,,2509041527,,h,1,Bauarbeiten,,,,,,,0.0,0.0
7143365029900082015-2509041504-15,7041,2509041548,,11,,S,,Böblingen|Sindelfingen|Maichingen|Maichingen Nord|Magstadt|Renningen Süd|Renningen|Rutesheim|Leonberg|Höfingen|Ditzingen|Weilimdorf|Korntal|Neuwirtshaus(Porscheplatz),8005778,Stuttgart-Zuffenhausen,Baden-Württemberg,Stuttgart,70435,9.167156375,48.82960884,3,2509041548,,,,h,1,Bauarbeiten,,,,,,,0.0,0.0
-3747023062711209303-2509041434-15,7039,2509041518,,11,,S,,Böblingen|Sindelfingen|Maichingen|Maichingen Nord|Magstadt|Renningen Süd|Renningen|Rutesheim|Leonberg|Höfingen|Ditzingen|Weilimdorf|Korntal|Neuwirtshaus(Porscheplatz),8005778,Stuttgart-Zuffenhausen,Baden-Württemberg,Stuttgart,70435,9.167156375,48.82960884,3,2509041518,,,,h,1,Bauarbeiten,,,,,,,0.0,0.0
1564432240333127755-2509041507-2,7438,2509041516,2509041517,6,,S,4,Stuttgart Hbf,8005778,Stuttgart-Zuffenhausen,Baden-Württemberg,Stuttgart,70435,9.167156375,48.82960884,3,2509041516,,2509041517,,,,,,,,,,,0.0,0.0
4881326774039345551-2509041527-2,7542,2509041536,2509041537,6,,S,5,Stuttgart Hbf,8005778,Stuttgart-Zuffenhausen,Baden-Württemberg,Stuttgart,70435,9.167156375,48.82960884,3,2509041532,,2509041537,,,,,,,,,,,-4.0,0.0
-5396559512153605837-2509041554-2,7642,2509041556,2509041557,12,,S,6,Stuttgart-Feuerbach,8005778,Stuttgart-Zuffenhausen,Baden-Württemberg,Stuttgart,70435,9.167156375,48.82960884,3,2509041556,,2509041558,,h,1,Bauarbeiten,,,,,,,0.0,1.0
6801304589286144337-2509041537-6,7545,2509041553,2509041554,5,,S,5,Bietigheim-Bissingen|Tamm(Württ)|Asperg|Ludwigsburg|Kornwestheim Pbf,8005778,Stuttgart-Zuffenhausen,Baden-Württemberg,Stuttgart,70435,9.167156375,48.82960884,3,2509041556,,2509041556,,,,,,,,,,,3.0,2.0
-2365839264405796350-2509041537-2,7440,2509041546,2509041547,6,,S,4,Stuttgart Hbf,8005778,Stuttgart-Zuffenhausen,Baden-Württemberg,Stuttgart,70435,9.167156375,48.82960884,3,2509041544,,2509041547,,,,,,,,,,,-2.0,0.0
195941745446539029-2509041433-11,7441,2509041513,2509041514,5,,S,4,Backnang|Burgstall(Murr)|Kirchberg(Murr)|Erdmannhausen|Marbach(Neckar)|Benningen(Neckar)|Freiberg(Neckar)|Favoritepark|Ludwigsburg|Kornwestheim Pbf,8005778,Stuttgart-Zuffenhausen,Baden-Württemberg,Stuttgart,70435,9.167156375,48.82960884,3,2509041514,,2509041515,,,,,,,,,,,1.0,1.0
2868150562617045701-2509041542-1,7046,,2509041542,,,S,60,,8005778,Stuttgart-Zuffenhausen,Baden-Württemberg,Stuttgart,70435,9.167156375,48.82960884,3,,,2509041542,,h,1,Bauarbeiten,,,,,,,0.0,0.0
4648300142981777457-2509041512-1,7044,,2509041512,,,S,60,,8005778,Stuttgart-Zuffenhausen,Baden-Württemberg,Stuttgart,70435,9.167156375,48.82960884,3,,,2509041512,,h,1,Bauarbeiten,,,,,,,0.0,0.0
-4327327279162025655-2509041433-11,7641,2509041503,2509041504,12,,S,6,Weil der Stadt|Malmsheim|Renningen|Rutesheim|Leonberg|Höfingen|Ditzingen|Weilimdorf|Korntal|Neuwirtshaus(Porscheplatz),8005778,Stuttgart-Zuffenhausen,Baden-Württemberg,Stuttgart,70435,9.167156375,48.82960884,3,2509041503,,2509041504,,h,1,Bauarbeiten,,,,,,,0.0,0.0
-5444476258917657908-2509041503-11,7643,2509041533,2509041534,12,,S,6,Weil der Stadt|Malmsheim|Renningen|Rutesheim|Leonberg|Höfingen|Ditzingen|Weilimdorf|Korntal|Neuwirtshaus(Porscheplatz),8005778,Stuttgart-Zuffenhausen,Baden-Württemberg,Stuttgart,70435,9.167156375,48.82960884,3,2509041533,,2509041534,,h,1,Bauarbeiten,,,,,,,0.0,0.0
-8779513401122207470-2509041457-2,7540,2509041506,2509041507,6,,S,5,Stuttgart Hbf,8005778,Stuttgart-Zuffenhausen,Baden-Württemberg,Stuttgart,70435,9.167156375,48.82960884,3,2509041509,,2509041510,,,,,,,,,,,3.0,3.0
-4899815477540796252-2509041507-2,7543,2509041510,2509041510,2,,S,5,Bietigheim-Bissingen,8005820,Tamm (Württ),Baden-Württemberg,Tamm,71732,9.125288012,48.92187736,4,2509041511,,2509041512,,,,,,,,,,,1.0,2.0
4881326774039345551-2509041527-6,7542,2509041549,2509041550,3,,S,5,Stuttgart Hbf|Stuttgart-Zuffenhausen|Kornwestheim Pbf|Ludwigsburg|Asperg,8005820,Tamm (Württ),Baden-Württemberg,Tamm,71732,9.125288012,48.92187736,4,2509041550,,2509041551,,,,,,,,,,,1.0,1.0
6801304589286144337-2509041537-2,7545,2509041540,2509041540,2,,S,5,Bietigheim-Bissingen,8005820,Tamm (Württ),Baden-Württemberg,Tamm,71732,9.125288012,48.92187736,4,2509041541,,2509041541,,,,,,,,,,,1.0,1.0
-8779513401122207470-2509041457-6,7540,2509041519,2509041520,3,,S,5,Stuttgart Hbf|Stuttgart-Zuffenhausen|Kornwestheim Pbf|Ludwigsburg|Asperg,8005820,Tamm (Württ),Baden-Württemberg,Tamm,71732,9.125288012,48.92187736,4,2509041525,,2509041525,,,,,,,,,,,6.0,5.0
-8261116078888715749-2509041459-3,88621,2509041508,2509041508,3,,RE,90,Stuttgart Hbf|Stuttgart-Bad Cannstatt,8000180,Waiblingen,Baden-Württemberg,Waiblingen,71332,9.300476874,48.8262444,3,2509041516,,2509041517,,,,,,,,,,,8.0,9.0
-1015302136173583321-2509041520-4,7240,2509041534,2509041535,7,,S,2,Stuttgart Hbf|Stuttgart-Bad Cannstatt|Fellbach,8000180,Waiblingen,Baden-Württemberg,Waiblingen,71332,9.300476874,48.8262444,3,2509041544,,2509041544,,,,,,,,,,,10.0,9.0
-3934810304618796517-2509041503-10,7243,2509041524,2509041525,5,,S,2,Schorndorf|Weiler(Rems)|Winterbach(b Schorndorf)|Geradstetten|Grunbach|Beutelsbach|Endersbach|Stetten-Beinstein|Rommelshausen,8000180,Waiblingen,Baden-Württemberg,Waiblingen,71332,9.300476874,48.8262444,3,2509041527,,2509041528,,,,,,,,,,,3.0,3.0
-3574262159782319876-2509041533-10,7245,2509041554,2509041555,5,,S,2,Schorndorf|Weiler(Rems)|Winterbach(b Schorndorf)|Geradstetten|Grunbach|Beutelsbach|Endersbach|Stetten-Beinstein|Rommelshausen,8000180,Waiblingen,Baden-Württemberg,Waiblingen,71332,9.300476874,48.8262444,3,2509041555,,2509041556,,,,,,,,,,,1.0,1.0
-8962126915234620710-2509041441-7,7341,2509041459,2509041504,1,,S,3,Backnang|Maubach|Nellmersbach|Winnenden|Schwaikheim|Neustadt-Hohenacker,8000180,Waiblingen,Baden-Württemberg,Waiblingen,71332,9.300476874,48.8262444,3,2509041500,,2509041505,,,,,,,,,,,1.0,1.0
2975696052318252325-2509041534-3,19423,2509041545,2509041546,6,,MEX,13,Stuttgart Hbf|Stuttgart-Bad Cannstatt,8000180,Waiblingen,Baden-Württemberg,Waiblingen,71332,9.300476874,48.8262444,3,2509041550,,2509041555,,,,,,,,,,,5.0,9.0
-5344957365428715329-2509041422-10,56706,2509041512,2509041513,6,,MEX,13,Aalen Hbf|Mögglingen(Gmünd)|Böbingen(Rems)|Schwäbisch Gmünd|Lorch(Württ)|Waldhausen(b Schorndorf)|Plüderhausen|Urbach(b Schorndorf)|Schorndorf,8000180,Waiblingen,Baden-Württemberg,Waiblingen,71332,9.300476874,48.8262444,3,2509041512,,2509041513,,,,,,,,,,,0.0,0.0
-7289711712054290115-2509041511-7,7343,2509041529,2509041534,1,,S,3,Backnang|Maubach|Nellmersbach|Winnenden|Schwaikheim|Neustadt-Hohenacker,8000180,Waiblingen,Baden-Württemberg,Waiblingen,71332,9.300476874,48.8262444,3,2509041530,,2509041534,,,,,,,,,,,1.0,0.0
4170162271533042822-2509041555-2,7342,2509041558,2509041600,3,,S,3,Fellbach,8000180,Waiblingen,Baden-Württemberg,Waiblingen,71332,9.300476874,48.8262444,3,2509041558,,2509041600,,,,,,,,,,,0.0,0.0
-5212313388548223160-2509041450-4,7238,2509041504,2509041505,7,,S,2,Stuttgart Hbf|Stuttgart-Bad Cannstatt|Fellbach,8000180,Waiblingen,Baden-Württemberg,Waiblingen,71332,9.300476874,48.8262444,3,2509041505,,2509041506,,,,,,,,,,,1.0,1.0
7310944986471241948-2509041503-8,17544,2509041550,2509041551,1,,MEX,90,Schwäbisch Hall-Hessental|Gaildorf West|Murrhardt|Sulzbach(Murr)|Oppenweiler(Württ)|Backnang|Winnenden,8000180,Waiblingen,Baden-Württemberg,Waiblingen,71332,9.300476874,48.8262444,3,2509041556,,2509041558,,h,2,Information,,,,,,,6.0,7.0
-8045206744668014000-2509041455-2,7338,2509041458,2509041500,3,,S,3,Fellbach,8000180,Waiblingen,Baden-Württemberg,Waiblingen,71332,9.300476874,48.8262444,3,2509041458,,2509041500,,,,,,,,,,,0.0,0.0
-2631247204850333298-2509041525-2,7340,2509041528,2509041530,3,,S,3,Fellbach,8000180,Waiblingen,Baden-Württemberg,Waiblingen,71332,9.300476874,48.8262444,3,2509041528,,2509041530,,,,,,,,,,,0.0,0.0
-3924626970669458370-2509041541-7,7345,2509041559,2509041604,1,,S,3,Backnang|Maubach|Nellmersbach|Winnenden|Schwaikheim|Neustadt-Hohenacker,8000180,Waiblingen,Baden-Württemberg,Waiblingen,71332,9.300476874,48.8262444,3,2509041604,,2509041604,,,,,,,,,,,5.0,0.0
-4263108336817959130-2509041524-12,7640,2509041557,,2,,S,,Stuttgart-Feuerbach|Stuttgart-Zuffenhausen|Neuwirtshaus(Porscheplatz)|Korntal|Weilimdorf|Ditzingen|Höfingen|Leonberg|Rutesheim|Renningen|Malmsheim,8006271,Weil der Stadt,Baden-Württemberg,Weil der Stadt,71263,8.873189074,48.7557357,4,2509041557,1,,,h,1,Bauarbeiten,,,,,,,0.0,0.0
-3211478262182188991-2509041533-1,7645,,2509041533,,,S,6,,8006271,Weil der Stadt,Baden-Württemberg,Weil der Stadt,71263,8.873189074,48.7557357,4,,,2509041533,,h,1,Bauarbeiten,,,,,,,0.0,0.0
5272994574383755126-2509041454-12,7638,2509041527,,2,,S,,Stuttgart-Feuerbach|Stuttgart-Zuffenhausen|Neuwirtshaus(Porscheplatz)|Korntal|Weilimdorf|Ditzingen|Höfingen|Leonberg|Rutesheim|Renningen|Malmsheim,8006271,Weil der Stadt,Baden-Württemberg,Weil der Stadt,71263,8.873189074,48.7557357,4,2509041527,1,,,h,1,Bauarbeiten,,,,,,,0.0,0.0
-5444476258917657908-2509041503-1,7643,,2509041503,,,S,6,,8006271,Weil der Stadt,Baden-Württemberg,Weil der Stadt,71263,8.873189074,48.7557357,4,,,2509041503,,h,1,Bauarbeiten,,,,,,,0.0,0.0
-1015302136173583321-2509041520-12,7240,2509041552,2509041552,1,,S,2,Stuttgart Hbf|Stuttgart-Bad Cannstatt|Fellbach|Waiblingen|Rommelshausen|Stetten-Beinstein|Endersbach|Beutelsbach|Grunbach|Geradstetten|Winterbach(b Schorndorf),8006277,Weiler (Rems),Baden-Württemberg,Schorndorf,76314,9.501891172,48.80034585,5,2509041602,,2509041603,,,,,,,,,,,10.0,11.0
-3934810304618796517-2509041503-2,7243,2509041506,2509041506,2,,S,2,Schorndorf,8006277,Weiler (Rems),Baden-Württemberg,Schorndorf,76314,9.501891172,48.80034585,5,2509041505,,2509041506,,,,,,,,,,,-1.0,0.0
-3574262159782319876-2509041533-2,7245,2509041536,2509041536,2,,S,2,Schorndorf,8006277,Weiler (Rems),Baden-Württemberg,Schorndorf,76314,9.501891172,48.80034585,5,2509041536,,2509041536,,,,,,,,,,,0.0,0.0
-5212313388548223160-2509041450-12,7238,2509041522,2509041522,1,,S,2,Stuttgart Hbf|Stuttgart-Bad Cannstatt|Fellbach|Waiblingen|Rommelshausen|Stetten-Beinstein|Endersbach|Beutelsbach|Grunbach|Geradstetten|Winterbach(b Schorndorf),8006277,Weiler (Rems),Baden-Württemberg,Schorndorf,76314,9.501891172,48.80034585,5,2509041523,,2509041523,,,,,,,,,,,1.0,1.0
-7342276105848217719-2509041529-3,16062,2509041559,,3,,RE,,Ulm Hbf|Merklingen - Schwäbische Alb,8006331,Wendlingen (Neckar),Baden-Württemberg,Wendlingen am Neckar,73240,9.373662098,48.67368917,3,2509041558,,,,h,3,Information,,,,,,,-1.0,0.0
3654555183322043812-2509041432-4,19322,2509041456,2509041506,1,,MEX,18,Reutlingen Hbf|Metzingen(Württ)|Nürtingen,8006331,Wendlingen (Neckar),Baden-Württemberg,Wendlingen am Neckar,73240,9.373662098,48.67368917,3,2509041510,2,2509041512,2,c,,,,,,,,,14.0,6.0
-8664302989770225281-2509041351-21,19323,2509041550,2509041551,2,,MEX,18,Möckmühl|Züttlingen|Siglingen|Neudenau|Herbolzheim(Jagst)|Untergriesheim|Bad Friedrichshall Hbf|Neckarsulm|Heilbronn Sülmertor|Heilbronn Hbf|Nordheim(Württ)|Lauffen(Neckar)|Kirchheim(Neckar)|Walheim(Württ)|Besigheim|Bietigheim-Bissingen|Ludwigsburg|Kornwestheim Pbf|Esslingen(Neckar)|Plochingen,8006331,Wendlingen (Neckar),Baden-Württemberg,Wendlingen am Neckar,73240,9.373662098,48.67368917,3,2509041552,,2509041554,,,,,,,,,,,2.0,3.0
6830165283023982751-2509041520-3,7145,2509041527,2509041527,12,,S,1,Kirchheim(Teck)|Kirchheim(Teck)-Ötlingen,8006331,Wendlingen (Neckar),Baden-Württemberg,Wendlingen am Neckar,73240,9.373662098,48.67368917,3,2509041527,,2509041528,,,,,,,,,,,0.0,1.0
-442773149865894030-2509041506-5,19324,2509041529,2509041540,1,,MEX,18,Reutlingen Hbf|Metzingen(Württ)|Nürtingen|Oberboihingen,8006331,Wendlingen (Neckar),Baden-Württemberg,Wendlingen am Neckar,73240,9.373662098,48.67368917,3,2509041534,,2509041541,,,,,,,,,,,5.0,1.0
-7943516118168061046-2509041357-13,19227,2509041518,2509041518,2,,MEX,12,Heilbronn Hbf|Nordheim(Württ)|Lauffen(Neckar)|Kirchheim(Neckar)|Walheim(Württ)|Besigheim|Bietigheim-Bissingen|Ludwigsburg|Stuttgart Hbf|Stuttgart-Bad Cannstatt|Esslingen(Neckar)|Plochingen,8006331,Wendlingen (Neckar),Baden-Württemberg,Wendlingen am Neckar,73240,9.373662098,48.67368917,3,2509041520,,2509041521,,h,1,Bauarbeiten,,,,,,,2.0,3.0
-2778847334183048047-2509041524-1,16061,,2509041524,,,RE,200,,8006331,Wendlingen (Neckar),Baden-Württemberg,Wendlingen am Neckar,73240,9.373662098,48.67368917,3,,,2509041524,,h,3,Information,,,,,,,0.0,0.0
-6320769870137187760-2509041532-4,19326,2509041557,2509041606,1,,MEX,18,Reutlingen Hbf|Metzingen(Württ)|Nürtingen,8006331,Wendlingen (Neckar),Baden-Württemberg,Wendlingen am Neckar,73240,9.373662098,48.67368917,3,2509041602,,2509041606,,,,,,,,,,,5.0,0.0
353565874858451215-2509041455-11,7140,2509041532,2509041533,11,,S,1,Stuttgart Hbf|Stuttgart-Bad Cannstatt|Stuttgart-Untertürkheim|Esslingen-Mettingen|Esslingen(Neckar)|Oberesslingen|Esslingen-Zell|Altbach|Plochingen|Wernau(Neckar),8006331,Wendlingen (Neckar),Baden-Württemberg,Wendlingen am Neckar,73240,9.373662098,48.67368917,3,2509041532,,2509041535,,,,,,,,,,,0.0,2.0
-5286310659195805286-2509041425-11,7138,2509041502,2509041503,11,,S,1,Stuttgart Hbf|Stuttgart-Bad Cannstatt|Stuttgart-Untertürkheim|Esslingen-Mettingen|Esslingen(Neckar)|Oberesslingen|Esslingen-Zell|Altbach|Plochingen|Wernau(Neckar),8006331,Wendlingen (Neckar),Baden-Württemberg,Wendlingen am Neckar,73240,9.373662098,48.67368917,3,2509041502,,2509041503,,,,,,,,,,,0.0,0.0
9072809401414477062-2509041550-3,7147,2509041557,2509041557,12,,S,1,Kirchheim(Teck)|Kirchheim(Teck)-Ötlingen,8006331,Wendlingen (Neckar),Baden-Württemberg,Wendlingen am Neckar,73240,9.373662098,48.67368917,3,2509041557,,2509041558,,,,,,,,,,,0.0,1.0
6830165283023982751-2509041520-4,7145,2509041530,2509041531,1,,S,1,Kirchheim(Teck)|Kirchheim(Teck)-Ötlingen|Wendlingen(Neckar),8006346,Wernau (Neckar),Baden-Württemberg,Wernau (Neckar),73249,9.413654423,48.69417221,4,2509041531,,2509041532,,,,,,,,,,,1.0,1.0
-6176428807824195191-2509041525-10,7142,2509041558,2509041559,2,,S,1,Stuttgart Hbf|Stuttgart-Bad Cannstatt|Stuttgart-Untertürkheim|Esslingen-Mettingen|Esslingen(Neckar)|Oberesslingen|Esslingen-Zell|Altbach|Plochingen,8006346,Wernau (Neckar),Baden-Württemberg,Wernau (Neckar),73249,9.413654423,48.69417221,4,2509041558,,2509041559,,,,,,,,,,,0.0,0.0
353565874858451215-2509041455-10,7140,2509041528,2509041529,2,,S,1,Stuttgart Hbf|Stuttgart-Bad Cannstatt|Stuttgart-Untertürkheim|Esslingen-Mettingen|Esslingen(Neckar)|Oberesslingen|Esslingen-Zell|Altbach|Plochingen,8006346,Wernau (Neckar),Baden-Württemberg,Wernau (Neckar),73249,9.413654423,48.69417221,4,2509041528,,2509041529,,,,,,,,,,,0.0,0.0
-275229670537218485-2509041450-4,7143,2509041500,2509041501,1,,S,1,Kirchheim(Teck)|Kirchheim(Teck)-Ötlingen|Wendlingen(Neckar),8006346,Wernau (Neckar),Baden-Württemberg,Wernau (Neckar),73249,9.413654423,48.69417221,4,2509041501,,2509041502,,,,,,,,,,,1.0,1.0
-8261116078888715749-2509041459-4,88621,2509041515,2509041516,2,,RE,90,Stuttgart Hbf|Stuttgart-Bad Cannstatt|Waiblingen,8006479,Winnenden,Baden-Württemberg,Winnenden,71364,9.392155928,48.8795625,3,2509041523,,2509041525,,,,,,,,,,,8.0,9.0
-7289711712054290115-2509041511-4,7343,2509041519,2509041520,3,,S,3,Backnang|Maubach|Nellmersbach,8006479,Winnenden,Baden-Württemberg,Winnenden,71364,9.392155928,48.8795625,3,2509041520,,2509041521,,,,,,,,,,,1.0,1.0
7310944986471241948-2509041503-7,17544,2509041543,2509041544,3,,MEX,90,Schwäbisch Hall-Hessental|Gaildorf West|Murrhardt|Sulzbach(Murr)|Oppenweiler(Württ)|Backnang,8006479,Winnenden,Baden-Württemberg,Winnenden,71364,9.392155928,48.8795625,3,2509041548,,2509041550,,h,2,Information,,,,,,,5.0,6.0
-8045206744668014000-2509041455-5,7338,2509041509,2509041509,2,,S,3,Fellbach|Waiblingen|Neustadt-Hohenacker|Schwaikheim,8006479,Winnenden,Baden-Württemberg,Winnenden,71364,9.392155928,48.8795625,3,2509041509,,2509041509,,,,,,,,,,,0.0,0.0
-2631247204850333298-2509041525-5,7340,2509041539,2509041539,2,,S,3,Fellbach|Waiblingen|Neustadt-Hohenacker|Schwaikheim,8006479,Winnenden,Baden-Württemberg,Winnenden,71364,9.392155928,48.8795625,3,2509041539,,2509041539,,,,,,,,,,,0.0,0.0
-3924626970669458370-2509041541-4,7345,2509041549,2509041550,3,,S,3,Backnang|Maubach|Nellmersbach,8006479,Winnenden,Baden-Württemberg,Winnenden,71364,9.392155928,48.8795625,3,2509041554,,2509041554,,,,,,,,,,,5.0,4.0
-1015302136173583321-2509041520-11,7240,2509041550,2509041550,2,,S,2,Stuttgart Hbf|Stuttgart-Bad Cannstatt|Fellbach|Waiblingen|Rommelshausen|Stetten-Beinstein|Endersbach|Beutelsbach|Grunbach|Geradstetten,8006485,Winterbach (b Schorndorf),Baden-Württemberg,Winterbach,73650,9.481549751,48.79842743,4,2509041600,,2509041600,,,,,,,,,,,10.0,10.0
-3934810304618796517-2509041503-3,7243,2509041508,2509041508,1,,S,2,Schorndorf|Weiler(Rems),8006485,Winterbach (b Schorndorf),Baden-Württemberg,Winterbach,73650,9.481549751,48.79842743,4,2509041508,,2509041508,,,,,,,,,,,0.0,0.0
-3574262159782319876-2509041533-3,7245,2509041538,2509041538,1,,S,2,Schorndorf|Weiler(Rems),8006485,Winterbach (b Schorndorf),Baden-Württemberg,Winterbach,73650,9.481549751,48.79842743,4,2509041538,,2509041538,,,,,,,,,,,0.0,0.0
-5212313388548223160-2509041450-11,7238,2509041520,2509041520,2,,S,2,Stuttgart Hbf|Stuttgart-Bad Cannstatt|Fellbach|Waiblingen|Rommelshausen|Stetten-Beinstein|Endersbach|Beutelsbach|Grunbach|Geradstetten,8006485,Winterbach (b Schorndorf),Baden-Württemberg,Winterbach,73650,9.481549751,48.79842743,4,2509041521,,2509041521,,,,,,,,,,,1.0,1.0
7143365029900082015-2509041504-5,7041,2509041513,2509041514,1,,S,60,Böblingen|Sindelfingen|Maichingen|Maichingen Nord,8003807,Magstadt,Baden-Württemberg,Magstadt,71106,8.965315746,48.73616033,6,2509041513,,2509041514,,h,1,Bauarbeiten,,,,,,,0.0,0.0
5999531724712975762-2509041442-11,7042,2509041515,2509041515,2,,S,60,Stuttgart-Zuffenhausen|Neuwirtshaus(Porscheplatz)|Korntal|Weilimdorf|Ditzingen|Höfingen|Leonberg|Rutesheim|Renningen|Renningen Süd,8003807,Magstadt,Baden-Württemberg,Magstadt,71106,8.965315746,48.73616033,6,2509041515,,2509041516,,h,1,Bauarbeiten,,,,,,,0.0,1.0
-6317899099651385370-2509041534-5,7043,2509041543,2509041544,1,,S,60,Böblingen|Sindelfingen|Maichingen|Maichingen Nord,8003807,Magstadt,Baden-Württemberg,Magstadt,71106,8.965315746,48.73616033,6,2509041545,,2509041545,,h,1,Bauarbeiten,,,,,,,2.0,1.0
4648300142981777457-2509041512-11,7044,2509041545,2509041545,2,,S,60,Stuttgart-Zuffenhausen|Neuwirtshaus(Porscheplatz)|Korntal|Weilimdorf|Ditzingen|Höfingen|Leonberg|Rutesheim|Renningen|Renningen Süd,8003807,Magstadt,Baden-Württemberg,Magstadt,71106,8.965315746,48.73616033,6,2509041546,,2509041546,,h,1,Bauarbeiten,,,,,,,1.0,1.0
7143365029900082015-2509041504-4,7041,2509041511,2509041511,1,,S,60,Böblingen|Sindelfingen|Maichingen,8003834,Maichingen Nord,Baden-Württemberg,Sindelfingen,71069,8.979416996,48.72750392,5,2509041512,,2509041512,,h,1,Bauarbeiten,,,,,,,1.0,1.0
5999531724712975762-2509041442-12,7042,2509041517,2509041517,2,,S,60,Stuttgart-Zuffenhausen|Neuwirtshaus(Porscheplatz)|Korntal|Weilimdorf|Ditzingen|Höfingen|Leonberg|Rutesheim|Renningen|Renningen Süd|Magstadt,8003834,Maichingen Nord,Baden-Württemberg,Sindelfingen,71069,8.979416996,48.72750392,5,2509041517,,2509041518,,h,1,Bauarbeiten,,,,,,,0.0,1.0
-6317899099651385370-2509041534-4,7043,2509041541,2509041541,1,,S,60,Böblingen|Sindelfingen|Maichingen,8003834,Maichingen Nord,Baden-Württemberg,Sindelfingen,71069,8.979416996,48.72750392,5,2509041543,,2509041543,,h,1,Bauarbeiten,,,,,,,2.0,2.0
4648300142981777457-2509041512-12,7044,2509041547,2509041547,2,,S,60,Stuttgart-Zuffenhausen|Neuwirtshaus(Porscheplatz)|Korntal|Weilimdorf|Ditzingen|Höfingen|Leonberg|Rutesheim|Renningen|Renningen Süd|Magstadt,8003834,Maichingen Nord,Baden-Württemberg,Sindelfingen,71069,8.979416996,48.72750392,5,2509041548,,2509041548,,h,1,Bauarbeiten,,,,,,,1.0,1.0
7143365029900082015-2509041504-3,7041,2509041509,2509041510,1,,S,60,Böblingen|Sindelfingen,8003808,Maichingen,Baden-Württemberg,Sindelfingen,71069,8.969606704,48.72162074,6,2509041510,,2509041510,,h,1,Bauarbeiten,,,,,,,1.0,0.0
5999531724712975762-2509041442-13,7042,2509041519,2509041519,1,,S,60,Stuttgart-Zuffenhausen|Neuwirtshaus(Porscheplatz)|Korntal|Weilimdorf|Ditzingen|Höfingen|Leonberg|Rutesheim|Renningen|Renningen Süd|Magstadt|Maichingen Nord,8003808,Maichingen,Baden-Württemberg,Sindelfingen,71069,8.969606704,48.72162074,6,2509041519,,2509041519,,h,1,Bauarbeiten,,,,,,,0.0,0.0
-6317899099651385370-2509041534-3,7043,2509041539,2509041540,1,,S,60,Böblingen|Sindelfingen,8003808,Maichingen,Baden-Württemberg,Sindelfingen,71069,8.969606704,48.72162074,6,2509041541,,2509041542,,h,1,Bauarbeiten,,,,,,,2.0,2.0
4648300142981777457-2509041512-13,7044,2509041549,2509041549,1,,S,60,Stuttgart-Zuffenhausen|Neuwirtshaus(Porscheplatz)|Korntal|Weilimdorf|Ditzingen|Höfingen|Leonberg|Rutesheim|Renningen|Renningen Süd|Magstadt|Maichingen Nord,8003808,Maichingen,Baden-Württemberg,Sindelfingen,71069,8.969606704,48.72162074,6,2509041549,,2509041550,,h,1,Bauarbeiten,,,,,,,0.0,1.0
7143365029900082015-2509041504-6,7041,2509041517,2509041518,1,,S,60,Böblingen|Sindelfingen|Maichingen|Maichingen Nord|Magstadt,8005001,Renningen Süd,Baden-Württemberg,Renningen,71272,8.932068278,48.76261937,6,2509041517,,2509041518,,h,1,Bauarbeiten,,,,,,,0.0,0.0
5999531724712975762-2509041442-10,7042,2509041511,2509041511,2,,S,60,Stuttgart-Zuffenhausen|Neuwirtshaus(Porscheplatz)|Korntal|Weilimdorf|Ditzingen|Höfingen|Leonberg|Rutesheim|Renningen,8005001,Renningen Süd,Baden-Württemberg,Renningen,71272,8.932068278,48.76261937,6,2509041511,,2509041512,,h,1,Bauarbeiten,,,,,,,0.0,1.0
-6317899099651385370-2509041534-6,7043,2509041547,2509041548,1,,S,60,Böblingen|Sindelfingen|Maichingen|Maichingen Nord|Magstadt,8005001,Renningen Süd,Baden-Württemberg,Renningen,71272,8.932068278,48.76261937,6,2509041549,,2509041550,,h,1,Bauarbeiten,,,,,,,2.0,2.0
4648300142981777457-2509041512-10,7044,2509041541,2509041541,2,,S,60,Stuttgart-Zuffenhausen|Neuwirtshaus(Porscheplatz)|Korntal|Weilimdorf|Ditzingen|Höfingen|Leonberg|Rutesheim|Renningen,8005001,Renningen Süd,Baden-Württemberg,Renningen,71272,8.932068278,48.76261937,6,2509041541,,2509041542,,h,1,Bauarbeiten,,,,,,,0.0,1.0
