ID,train_number,planned_arrival,planned_departure,planned_platform,planned_status,category_train,train,path,eva_nr,station_name,station_state,station_city,station_zipcode,station_long,station_lat,station_category,changed_arrival,changed_platform_arrival,changed_departure,changed_platform_departure,message_status,priority,info,arrival_hidden,departure_hidden,arrival_path,departure_path,arrival_status,departure_status,arrival_delay_m,departure_delay_m
-1132138670766351831-2511160650-6,22011,2511160710,2511160710,3,,S,1,Kirchheim(Teck)|Kirchheim(Teck)-Ötlingen|Wendlingen(Neckar)|Wernau(Neckar)|Plochingen,8000508,Altbach,Baden-Württemberg,Altbach,73776,9.382434033,48.72031354,3,2511160710,,2511160710,,h,1,Bauarbeiten,,,,,,,0.0,0.0
7784021821560325221-2511160720-13,22010,2511160749,2511160749,4,,S,1,Stuttgart Schwabstr.|Stuttgart Feuersee|Stuttgart Stadtmitte|Stuttgart Hbf (tief)|Stuttgart-Bad Cannstatt|Stuttgart Neckarpark|Stuttgart-Untertürkheim|Stuttgart-Obertürkheim|Esslingen-Mettingen|Esslingen(Neckar)|Oberesslingen|Esslingen-Zell,8000508,Altbach,Baden-Württemberg,Altbach,73776,9.382434033,48.72031354,3,2511160749,,2511160749,,h,1,Bauarbeiten,,,,,,,0.0,0.0
-4585337940204157177-2511160720-6,22013,2511160740,2511160740,3,,S,1,Kirchheim(Teck)|Kirchheim(Teck)-Ötlingen|Wendlingen(Neckar)|Wernau(Neckar)|Plochingen,8000508,Altbach,Baden-Württemberg,Altbach,73776,9.382434033,48.72031354,3,2511160740,,2511160741,,h,1,Bauarbeiten,,,,,,,0.0,1.0
-3038835082820904347-2511160650-13,22008,2511160719,2511160719,4,,S,1,Stuttgart Schwabstr.|Stuttgart Feuersee|Stuttgart Stadtmitte|Stuttgart Hbf (tief)|Stuttgart-Bad Cannstatt|Stuttgart Neckarpark|Stuttgart-Untertürkheim|Stuttgart-Obertürkheim|Esslingen-Mettingen|Esslingen(Neckar)|Oberesslingen|Esslingen-Zell,8000508,Altbach,Baden-Württemberg,Altbach,73776,9.382434033,48.72031354,3,2511160719,,2511160720,,h,1,Bauarbeiten,,,,,,,0.0,1.0
-5856161558368495320-2511160737-3,7513,2511160742,2511160743,3,,S,5,Bietigheim-Bissingen|Tamm(Württ),8000630,Asperg,Baden-Württemberg,Asperg,71679,9.147977466,48.90725609,4,2511160743,,2511160743,,h,1,Bauarbeiten,,,,,,,1.0,0.0
-2856928912084347734-2511160722-10,7510,2511160747,2511160747,4,,S,5,Stuttgart Schwabstr.|Stuttgart Feuersee|Stuttgart Stadtmitte|Stuttgart Hbf (tief)|Stuttgart Nord|Stuttgart-Feuerbach|Stuttgart-Zuffenhausen|Kornwestheim Pbf|Ludwigsburg,8000630,Asperg,Baden-Württemberg,Asperg,71679,9.147977466,48.90725609,4,2511160747,,2511160747,,h,1,Bauarbeiten,,,,,,,0.0,0.0
7155033421118958991-2511160707-3,7511,2511160712,2511160713,3,,S,5,Bietigheim-Bissingen|Tamm(Württ),8000630,Asperg,Baden-Württemberg,Asperg,71679,9.147977466,48.90725609,4,2511160713,,2511160713,,h,1,Bauarbeiten,,,,,,,1.0,0.0
1183603668671718907-2511160741-1,7313,,2511160741,,,S,3,,8000016,Backnang,Baden-Württemberg,Backnang,71522,9.425986107,48.94264844,3,,,2511160741,1,h,1,Bauarbeiten,,,,,,,0.0,0.0
-769749627142904747-2511160653-5,88633,2511160723,2511160724,4,,RE,90,Stuttgart Hbf|Stuttgart-Bad Cannstatt|Waiblingen|Winnenden,8000016,Backnang,Baden-Württemberg,Backnang,71522,9.425986107,48.94264844,3,2511160721,,2511160724,,,,,,,,,,,-2.0,0.0
-2096809252009887696-2511160702-17,7406,2511160752,,1,,S,,Stuttgart Schwabstr.|Stuttgart Feuersee|Stuttgart Stadtmitte|Stuttgart Hbf (tief)|Stuttgart Nord|Stuttgart-Feuerbach|Stuttgart-Zuffenhausen|Kornwestheim Pbf|Ludwigsburg|Favoritepark|Freiberg(Neckar)|Benningen(Neckar)|Marbach(Neckar)|Erdmannhausen|Kirchberg(Murr)|Burgstall(Murr),8000016,Backnang,Baden-Württemberg,Backnang,71522,9.425986107,48.94264844,3,2511160753,,,,h,1,Bauarbeiten,,,,,,,1.0,0.0
-2915141727268180381-2511160711-1,7311,,2511160711,,,S,3,,8000016,Backnang,Baden-Württemberg,Backnang,71522,9.425986107,48.94264844,3,,,2511160711,,h,1,Bauarbeiten,,,,,,,0.0,0.0
8970610329466681156-2511160733-1,7413,,2511160733,,,S,4,,8000016,Backnang,Baden-Württemberg,Backnang,71522,9.425986107,48.94264844,3,,,2511160733,,h,1,Bauarbeiten,,,,,,,0.0,0.0
1174251127419777403-2511160703-1,7411,,2511160703,,,S,4,,8000016,Backnang,Baden-Württemberg,Backnang,71522,9.425986107,48.94264844,3,,,2511160703,,h,1,Bauarbeiten,,,,,,,0.0,0.0
-1954317019764357398-2511160635-10,26782,2511160736,2511160737,4,,RE,90,Crailsheim|Eckartshausen-Ilshofen|Schwäbisch Hall-Hessental|Gaildorf West|Fichtenberg|Fornsbach|Murrhardt|Sulzbach(Murr)|Oppenweiler(Württ),8000016,Backnang,Baden-Württemberg,Backnang,71522,9.425986107,48.94264844,3,2511160736,,2511160737,,,,,,,,,,,0.0,0.0
9019722792563896744-2511160719-11,7308,2511160748,,5,,S,,Stuttgart-Bad Cannstatt|Stuttgart Nürnberger Str.|Stuttgart-Sommerrain|Fellbach|Waiblingen|Neustadt-Hohenacker|Schwaikheim|Winnenden|Nellmersbach|Maubach,8000016,Backnang,Baden-Württemberg,Backnang,71522,9.425986107,48.94264844,3,2511160748,,,,h,1,Bauarbeiten,,,,,,,0.0,0.0
-2096809252009887696-2511160702-12,7406,2511160732,2511160733,1,,S,4,Stuttgart Schwabstr.|Stuttgart Feuersee|Stuttgart Stadtmitte|Stuttgart Hbf (tief)|Stuttgart Nord|Stuttgart-Feuerbach|Stuttgart-Zuffenhausen|Kornwestheim Pbf|Ludwigsburg|Favoritepark|Freiberg(Neckar),8000873,Benningen (Neckar),Baden-Württemberg,Benningen am Neckar,71726,9.244299075,48.94379773,5,2511160733,,2511160733,,h,1,Bauarbeiten,,,,,,,1.0,0.0
8970610329466681156-2511160733-6,7413,2511160757,2511160757,2,,S,4,Backnang|Burgstall(Murr)|Kirchberg(Murr)|Erdmannhausen|Marbach(Neckar),8000873,Benningen (Neckar),Baden-Württemberg,Benningen am Neckar,71726,9.244299075,48.94379773,5,2511160757,,2511160757,,h,1,Bauarbeiten,,,,,,,0.0,0.0
1174251127419777403-2511160703-6,7411,2511160727,2511160727,2,,S,4,Backnang|Burgstall(Murr)|Kirchberg(Murr)|Erdmannhausen|Marbach(Neckar),8000873,Benningen (Neckar),Baden-Württemberg,Benningen am Neckar,71726,9.244299075,48.94379773,5,2511160728,,2511160729,,h,1,Bauarbeiten,,,,,,,1.0,2.0
3888224273021493436-2511160718-6,7213,2511160730,2511160730,2,,S,2,Schorndorf|Weiler(Rems)|Winterbach(b Schorndorf)|Geradstetten|Grunbach,8000934,Beutelsbach,Baden-Württemberg,Weinstadt,71384,9.38551589,48.81038925,5,2511160731,,2511160731,,h,1,Bauarbeiten,,,,,,,1.0,1.0
-6595517868678510983-2511160648-6,7211,2511160700,2511160700,2,,S,2,Schorndorf|Weiler(Rems)|Winterbach(b Schorndorf)|Geradstetten|Grunbach,8000934,Beutelsbach,Baden-Württemberg,Weinstadt,71384,9.38551589,48.81038925,5,2511160700,,2511160701,,h,1,Bauarbeiten,,,,,,,0.0,1.0
-5260417069663625653-2511160735-10,7208,2511160758,2511160758,1,,S,2,Stuttgart Hbf|Stuttgart-Bad Cannstatt|Stuttgart Nürnberger Str.|Stuttgart-Sommerrain|Fellbach|Waiblingen|Rommelshausen|Stetten-Beinstein|Endersbach,8000934,Beutelsbach,Baden-Württemberg,Weinstadt,71384,9.38551589,48.81038925,5,2511160758,,2511160758,,h,1,Bauarbeiten,,,,,,,0.0,0.0
-8521059217999778352-2511160704-1,19548,,2511160704,,,MEX,17a,,8000038,Bietigheim-Bissingen,Baden-Württemberg,Bietigheim-Bissingen,74321,9.137217396,48.94794988,2,,,2511160705,,,,,,,,,,,0.0,1.0
-5856161558368495320-2511160737-1,7513,,2511160737,,,S,5,,8000038,Bietigheim-Bissingen,Baden-Württemberg,Bietigheim-Bissingen,74321,9.137217396,48.94794988,2,,,2511160737,,h,1,Bauarbeiten,,,,,,,0.0,0.0
-2856928912084347734-2511160722-12,7510,2511160754,,5,,S,,Stuttgart Schwabstr.|Stuttgart Feuersee|Stuttgart Stadtmitte|Stuttgart Hbf (tief)|Stuttgart Nord|Stuttgart-Feuerbach|Stuttgart-Zuffenhausen|Kornwestheim Pbf|Ludwigsburg|Asperg|Tamm(Württ),8000038,Bietigheim-Bissingen,Baden-Württemberg,Bietigheim-Bissingen,74321,9.137217396,48.94794988,2,2511160754,,,,h,1,Bauarbeiten,,,,,,,0.0,0.0
4283537752216491952-2511160635-24,19607,2511160752,2511160753,4,,MEX,17c,Bruchsal|Bruchsal Tunnelstraße|Bruchsal Schlachthof|Heidelsheim Nord|Heidelsheim|Helmsheim|Gondelsheim Schlossstadion|Gondelsheim(Baden)|Diedelsheim|Bretten|Bretten Rechberg|Bretten-Ruit|Knittlingen-Kleinvillars|Ölbronn-Dürrn|Maulbronn West|Ötisheim|Mühlacker|Mühlacker Rößlesweg|Illingen(Württ)|Vaihingen(Enz)|Sersheim|Sachsenheim|Ellental,8000038,Bietigheim-Bissingen,Baden-Württemberg,Bietigheim-Bissingen,74321,9.137217396,48.94794988,2,2511160754,,2511160755,,,,,,,,,,,2.0,2.0
-2264667008050815380-2511160657-7,21965,2511160724,2511160725,8,,RB,8,Heilbronn Hbf|Nordheim(Württ)|Lauffen(Neckar)|Kirchheim(Neckar)|Walheim(Württ)|Besigheim,8000038,Bietigheim-Bissingen,Baden-Württemberg,Bietigheim-Bissingen,74321,9.137217396,48.94794988,2,2511160724,,2511160725,,,,,,,,,,,0.0,0.0
7560878796546257264-2511160730-7,19213,2511160755,2511160757,8,,MEX,18,Heilbronn Hbf|Nordheim(Württ)|Lauffen(Neckar)|Kirchheim(Neckar)|Walheim(Württ)|Besigheim,8000038,Bietigheim-Bissingen,Baden-Württemberg,Bietigheim-Bissingen,74321,9.137217396,48.94794988,2,2511160807,,2511160809,,,,,,,,,,,12.0,12.0
7766654316456831025-2511160714-12,19507,2511160752,2511160753,4,,MEX,17a,Pforzheim Hbf|Eutingen(Baden)|Niefern|Enzberg|Mühlacker|Mühlacker Rößlesweg|Illingen(Württ)|Vaihingen(Enz)|Sersheim|Sachsenheim|Ellental,8000038,Bietigheim-Bissingen,Baden-Württemberg,Bietigheim-Bissingen,74321,9.137217396,48.94794988,2,2511160754,,2511160755,,,,,,,,,,,2.0,2.0
7155033421118958991-2511160707-1,7511,,2511160707,,,S,5,,8000038,Bietigheim-Bissingen,Baden-Württemberg,Bietigheim-Bissingen,74321,9.137217396,48.94794988,2,,,2511160707,,h,1,Bauarbeiten,,,,,,,0.0,0.0
2153068878853710440-2511160703-3,21942,2511160719,2511160721,10,,RE,8,Stuttgart Hbf|Ludwigsburg,8000038,Bietigheim-Bissingen,Baden-Württemberg,Bietigheim-Bissingen,74321,9.137217396,48.94794988,2,2511160724,,2511160725,,,,,,,,,,,5.0,4.0
7338980191191801365-2511160533-13,19214,2511160700,2511160700,10,,MEX,18,Tübingen Hbf|Reutlingen Hbf|Metzingen(Württ)|Bempflingen|Nürtingen|Oberboihingen|Wendlingen(Neckar)|Plochingen|Esslingen(Neckar)|Stuttgart-Bad Cannstatt|Stuttgart Hbf|Ludwigsburg,8000038,Bietigheim-Bissingen,Baden-Württemberg,Bietigheim-Bissingen,74321,9.137217396,48.94794988,2,2511160701,,2511160702,,,,,,,,,,,1.0,2.0
-8737122798425483295-2511160614-10,17620,2511160720,2511160721,2,,RE,14a,Rottweil|Oberndorf(Neckar)|Sulz(Neckar)|Horb|Eutingen im Gäu|Ergenzingen|Bondorf(b Herrenberg)|Gäufelden|Herrenberg,8001055,Böblingen,Baden-Württemberg,Böblingen,71034,9.004531864,48.68784871,3,2511160720,,2511160721,,h,2,Bauarbeiten,,,,,,,0.0,0.0
4435692740161152840-2511160750-4,7111,2511160759,2511160759,4,,S,1,Stuttgart-Vaihingen|Stuttgart-Rohr|Goldberg(Württ),8001055,Böblingen,Baden-Württemberg,Böblingen,71034,9.004531864,48.68784871,3,2511160759,,2511160759,,h,1,Bauarbeiten,,,,,,,0.0,0.0
6648849532750511592-2511160709-3,17695,2511160732,2511160738,4,,RE,4,Stuttgart Hbf|Stuttgart-Vaihingen,8001055,Böblingen,Baden-Württemberg,Böblingen,71034,9.004531864,48.68784871,3,2511160732,,2511160739,,,,,,,,,,,0.0,1.0
-4329481721077865051-2511160739-7,7012,2511160756,,5,,S,,Renningen|Renningen Süd|Magstadt|Maichingen Nord|Maichingen|Sindelfingen,8001055,Böblingen,Baden-Württemberg,Böblingen,71034,9.004531864,48.68784871,3,2511160756,,,,,,,,,,,,,0.0,0.0
-8108385215609287130-2511160646-6,7110,2511160700,2511160700,3,,S,1,Herrenberg|Nufringen|Gärtringen|Ehningen(b Böblingen)|Hulb,8001055,Böblingen,Baden-Württemberg,Böblingen,71034,9.004531864,48.68784871,3,2511160701,,2511160701,,h,1,Bauarbeiten,,,,,,,1.0,1.0
-2643490442022964578-2511160716-6,7112,2511160730,2511160730,3,,S,1,Herrenberg|Nufringen|Gärtringen|Ehningen(b Böblingen)|Hulb,8001055,Böblingen,Baden-Württemberg,Böblingen,71034,9.004531864,48.68784871,3,2511160730,,2511160731,,h,1,Bauarbeiten,,,,,,,0.0,1.0
1171775499323890807-2511160709-7,7010,2511160726,,5,,S,,Renningen|Renningen Süd|Magstadt|Maichingen Nord|Maichingen|Sindelfingen,8001055,Böblingen,Baden-Württemberg,Böblingen,71034,9.004531864,48.68784871,3,2511160726,,,,,,,,,,,,,0.0,0.0
3592955462745051107-2511160734-1,7011,,2511160734,,,S,60,,8001055,Böblingen,Baden-Württemberg,Böblingen,71034,9.004531864,48.68784871,3,,,2511160734,,,,,,,,,,,0.0,0.0
4337738354335824801-2511160720-4,7109,2511160729,2511160729,4,,S,1,Stuttgart-Vaihingen|Stuttgart-Rohr|Goldberg(Württ),8001055,Böblingen,Baden-Württemberg,Böblingen,71034,9.004531864,48.68784871,3,2511160729,,2511160730,,h,1,Bauarbeiten,,,,,,,0.0,1.0
-2096809252009887696-2511160702-16,7406,2511160747,2511160747,1,,S,4,Stuttgart Schwabstr.|Stuttgart Feuersee|Stuttgart Stadtmitte|Stuttgart Hbf (tief)|Stuttgart Nord|Stuttgart-Feuerbach|Stuttgart-Zuffenhausen|Kornwestheim Pbf|Ludwigsburg|Favoritepark|Freiberg(Neckar)|Benningen(Neckar)|Marbach(Neckar)|Erdmannhausen|Kirchberg(Murr),8001296,Burgstall (Murr),Baden-Württemberg,Burgstetten,71576,9.36973562,48.92851826,6,2511160748,,2511160748,,h,1,Bauarbeiten,,,,,,,1.0,1.0
8970610329466681156-2511160733-2,7413,2511160737,2511160738,1,,S,4,Backnang,8001296,Burgstall (Murr),Baden-Württemberg,Burgstetten,71576,9.36973562,48.92851826,6,2511160738,,2511160738,,h,1,Bauarbeiten,,,,,,,1.0,0.0
1174251127419777403-2511160703-2,7411,2511160707,2511160708,1,,S,4,Backnang,8001296,Burgstall (Murr),Baden-Württemberg,Burgstetten,71576,9.36973562,48.92851826,6,2511160708,,2511160708,,h,1,Bauarbeiten,,,,,,,1.0,0.0
3957411612578008716-2511160712-11,7608,2511160736,2511160736,2,,S,6,Stuttgart Schwabstr.|Stuttgart Feuersee|Stuttgart Stadtmitte|Stuttgart Hbf (tief)|Stuttgart Nord|Stuttgart-Feuerbach|Stuttgart-Zuffenhausen|Neuwirtshaus(Porscheplatz)|Korntal|Weilimdorf,8001476,Ditzingen,Baden-Württemberg,Ditzingen,71254,9.067095186,48.82358726,4,2511160737,,2511160737,,,,,,,,,,,1.0,1.0
4433222154122274025-2511160703-7,7611,2511160724,2511160724,3,,S,6,Weil der Stadt|Malmsheim|Renningen|Rutesheim|Leonberg|Höfingen,8001476,Ditzingen,Baden-Württemberg,Ditzingen,71254,9.067095186,48.82358726,4,2511160724,,2511160725,,,,,,,,,,,0.0,1.0
-1347709455583751185-2511160733-7,7613,2511160754,2511160754,3,,S,6,Weil der Stadt|Malmsheim|Renningen|Rutesheim|Leonberg|Höfingen,8001476,Ditzingen,Baden-Württemberg,Ditzingen,71254,9.067095186,48.82358726,4,2511160754,,2511160754,,,,,,,,,,,0.0,0.0
-586069085866150687-2511160746-4,7114,2511160755,2511160755,1,,S,1,Herrenberg|Nufringen|Gärtringen,8001689,Ehningen (b Böblingen),Baden-Württemberg,Ehningen,71139,8.944310368,48.66275549,4,2511160755,,2511160755,,h,1,Bauarbeiten,,,,,,,0.0,0.0
712905644780423167-2511160650-6,7107,2511160704,2511160704,2,,S,1,Stuttgart-Vaihingen|Stuttgart-Rohr|Goldberg(Württ)|Böblingen|Hulb,8001689,Ehningen (b Böblingen),Baden-Württemberg,Ehningen,71139,8.944310368,48.66275549,4,2511160704,,2511160704,,h,1,Bauarbeiten,,,,,,,0.0,0.0
-2643490442022964578-2511160716-4,7112,2511160725,2511160725,1,,S,1,Herrenberg|Nufringen|Gärtringen,8001689,Ehningen (b Böblingen),Baden-Württemberg,Ehningen,71139,8.944310368,48.66275549,4,2511160725,,2511160726,,h,1,Bauarbeiten,,,,,,,0.0,1.0
4337738354335824801-2511160720-6,7109,2511160734,2511160734,2,,S,1,Stuttgart-Vaihingen|Stuttgart-Rohr|Goldberg(Württ)|Böblingen|Hulb,8001689,Ehningen (b Böblingen),Baden-Württemberg,Ehningen,71139,8.944310368,48.66275549,4,2511160734,,2511160735,,h,1,Bauarbeiten,,,,,,,0.0,1.0
3888224273021493436-2511160718-7,7213,2511160732,2511160732,3,,S,2,Schorndorf|Weiler(Rems)|Winterbach(b Schorndorf)|Geradstetten|Grunbach|Beutelsbach,8001785,Endersbach,Baden-Württemberg,Weinstadt,71384,9.370192421,48.81317323,4,2511160733,,2511160733,,h,1,Bauarbeiten,,,,,,,1.0,1.0
-6595517868678510983-2511160648-7,7211,2511160702,2511160702,3,,S,2,Schorndorf|Weiler(Rems)|Winterbach(b Schorndorf)|Geradstetten|Grunbach|Beutelsbach,8001785,Endersbach,Baden-Württemberg,Weinstadt,71384,9.370192421,48.81317323,4,2511160702,,2511160703,,h,1,Bauarbeiten,,,,,,,0.0,1.0
-5260417069663625653-2511160735-9,7208,2511160756,2511160756,2,,S,2,Stuttgart Hbf|Stuttgart-Bad Cannstatt|Stuttgart Nürnberger Str.|Stuttgart-Sommerrain|Fellbach|Waiblingen|Rommelshausen|Stetten-Beinstein,8001785,Endersbach,Baden-Württemberg,Weinstadt,71384,9.370192421,48.81317323,4,2511160756,,2511160756,,h,1,Bauarbeiten,,,,,,,0.0,0.0
-2096809252009887696-2511160702-14,7406,2511160740,2511160740,1,,S,4,Stuttgart Schwabstr.|Stuttgart Feuersee|Stuttgart Stadtmitte|Stuttgart Hbf (tief)|Stuttgart Nord|Stuttgart-Feuerbach|Stuttgart-Zuffenhausen|Kornwestheim Pbf|Ludwigsburg|Favoritepark|Freiberg(Neckar)|Benningen(Neckar)|Marbach(Neckar),8001827,Erdmannhausen,Baden-Württemberg,Erdmannhausen,71729,9.298930848,48.9483447,6,2511160740,,2511160740,,h,1,Bauarbeiten,,,,,,,0.0,0.0
8970610329466681156-2511160733-4,7413,2511160747,2511160747,1,,S,4,Backnang|Burgstall(Murr)|Kirchberg(Murr),8001827,Erdmannhausen,Baden-Württemberg,Erdmannhausen,71729,9.298930848,48.9483447,6,2511160747,,2511160748,,h,1,Bauarbeiten,,,,,,,0.0,1.0
1174251127419777403-2511160703-4,7411,2511160717,2511160717,1,,S,4,Backnang|Burgstall(Murr)|Kirchberg(Murr),8001827,Erdmannhausen,Baden-Württemberg,Erdmannhausen,71729,9.298930848,48.9483447,6,2511160717,,2511160718,,h,1,Bauarbeiten,,,,,,,0.0,1.0
3435961797950740209-2511160703-3,63659,2511160715,2511160719,,,MEX,16,Stuttgart Hbf|Stuttgart-Bad Cannstatt,8001920,Esslingen (Neckar),Baden-Württemberg,Esslingen am Neckar,73728,9.300578149,48.73854148,3,2511160717,5,2511160719,5,,,,,,,,,,2.0,0.0
-1132138670766351831-2511160650-9,22011,2511160717,2511160718,,,S,1,Kirchheim(Teck)|Kirchheim(Teck)-Ötlingen|Wendlingen(Neckar)|Wernau(Neckar)|Plochingen|Altbach|Esslingen-Zell|Oberesslingen,8001920,Esslingen (Neckar),Baden-Württemberg,Esslingen am Neckar,73728,9.300578149,48.73854148,3,2511160717,7,2511160718,7,h,1,Bauarbeiten,,,,,,,0.0,0.0
-6035406151764555985-2511160633-9,19306,2511160723,2511160724,3,,MEX,18,Tübingen Hbf|Reutlingen Hbf|Metzingen(Württ)|Bempflingen|Nürtingen|Oberboihingen|Wendlingen(Neckar)|Plochingen,8001920,Esslingen (Neckar),Baden-Württemberg,Esslingen am Neckar,73728,9.300578149,48.73854148,3,2511160727,,2511160728,,,,,,,,,,,4.0,4.0
7784021821560325221-2511160720-10,22010,2511160742,2511160742,8,,S,1,Stuttgart Schwabstr.|Stuttgart Feuersee|Stuttgart Stadtmitte|Stuttgart Hbf (tief)|Stuttgart-Bad Cannstatt|Stuttgart Neckarpark|Stuttgart-Untertürkheim|Stuttgart-Obertürkheim|Esslingen-Mettingen,8001920,Esslingen (Neckar),Baden-Württemberg,Esslingen am Neckar,73728,9.300578149,48.73854148,3,2511160742,,2511160742,,h,1,Bauarbeiten,,,,,,,0.0,0.0
-4585337940204157177-2511160720-9,22013,2511160747,2511160748,,,S,1,Kirchheim(Teck)|Kirchheim(Teck)-Ötlingen|Wendlingen(Neckar)|Wernau(Neckar)|Plochingen|Altbach|Esslingen-Zell|Oberesslingen,8001920,Esslingen (Neckar),Baden-Württemberg,Esslingen am Neckar,73728,9.300578149,48.73854148,3,2511160748,7,2511160748,7,h,1,Bauarbeiten,,,,,,,1.0,0.0
7447640299994719946-2511160656-3,19237,2511160706,2511160707,5,,MEX,12,Stuttgart Hbf|Stuttgart-Bad Cannstatt,8001920,Esslingen (Neckar),Baden-Württemberg,Esslingen am Neckar,73728,9.300578149,48.73854148,3,2511160708,6,2511160709,6,,,,,,,,,,2.0,2.0
-3554823186709797948-2511160630-11,19211,2511160734,2511160735,6,,MEX,18,Heilbronn Hbf|Nordheim(Württ)|Lauffen(Neckar)|Kirchheim(Neckar)|Walheim(Württ)|Besigheim|Bietigheim-Bissingen|Ludwigsburg|Stuttgart Hbf|Stuttgart-Bad Cannstatt,8001920,Esslingen (Neckar),Baden-Württemberg,Esslingen am Neckar,73728,9.300578149,48.73854148,3,2511160734,,2511160735,,,,,,,,,,,0.0,0.0
7546006478287310609-2511160735-2,28058,2511160745,2511160745,,,RE,5,Stuttgart Hbf,8001920,Esslingen (Neckar),Baden-Württemberg,Esslingen am Neckar,73728,9.300578149,48.73854148,3,2511160745,5,2511160745,5,h,2,Information,,,,,,,0.0,0.0
-3038835082820904347-2511160650-10,22008,2511160712,2511160712,8,,S,1,Stuttgart Schwabstr.|Stuttgart Feuersee|Stuttgart Stadtmitte|Stuttgart Hbf (tief)|Stuttgart-Bad Cannstatt|Stuttgart Neckarpark|Stuttgart-Untertürkheim|Stuttgart-Obertürkheim|Esslingen-Mettingen,8001920,Esslingen (Neckar),Baden-Württemberg,Esslingen am Neckar,73728,9.300578149,48.73854148,3,2511160712,,2511160712,,h,1,Bauarbeiten,,,,,,,0.0,0.0
-7380988178208701678-2511160734-2,63658,2511160740,2511160740,,,MEX,16,Plochingen,8001920,Esslingen (Neckar),Baden-Württemberg,Esslingen am Neckar,73728,9.300578149,48.73854148,3,2511160749,3,2511160749,3,,,,,,,,,,9.0,9.0
-1132138670766351831-2511160650-10,22011,2511160720,2511160720,,,S,1,Kirchheim(Teck)|Kirchheim(Teck)-Ötlingen|Wendlingen(Neckar)|Wernau(Neckar)|Plochingen|Altbach|Esslingen-Zell|Oberesslingen|Esslingen(Neckar),8001921,Esslingen-Mettingen,Baden-Württemberg,Esslingen am Neckar,73733,9.275799007,48.74696655,3,2511160720,3,2511160720,3,h,1,Bauarbeiten,,,,,,,0.0,0.0
7784021821560325221-2511160720-9,22010,2511160739,2511160739,4,,S,1,Stuttgart Schwabstr.|Stuttgart Feuersee|Stuttgart Stadtmitte|Stuttgart Hbf (tief)|Stuttgart-Bad Cannstatt|Stuttgart Neckarpark|Stuttgart-Untertürkheim|Stuttgart-Obertürkheim,8001921,Esslingen-Mettingen,Baden-Württemberg,Esslingen am Neckar,73733,9.275799007,48.74696655,3,2511160739,,2511160739,,h,1,Bauarbeiten,,,,,,,0.0,0.0
-4585337940204157177-2511160720-10,22013,2511160750,2511160750,,,S,1,Kirchheim(Teck)|Kirchheim(Teck)-Ötlingen|Wendlingen(Neckar)|Wernau(Neckar)|Plochingen|Altbach|Esslingen-Zell|Oberesslingen|Esslingen(Neckar),8001921,Esslingen-Mettingen,Baden-Württemberg,Esslingen am Neckar,73733,9.275799007,48.74696655,3,2511160750,3,2511160751,3,h,1,Bauarbeiten,,,,,,,0.0,1.0
-3038835082820904347-2511160650-9,22008,2511160709,2511160709,4,,S,1,Stuttgart Schwabstr.|Stuttgart Feuersee|Stuttgart Stadtmitte|Stuttgart Hbf (tief)|Stuttgart-Bad Cannstatt|Stuttgart Neckarpark|Stuttgart-Untertürkheim|Stuttgart-Obertürkheim,8001921,Esslingen-Mettingen,Baden-Württemberg,Esslingen am Neckar,73733,9.275799007,48.74696655,3,2511160709,,2511160710,,h,1,Bauarbeiten,,,,,,,0.0,1.0
-1132138670766351831-2511160650-7,22011,2511160712,2511160712,3,,S,1,Kirchheim(Teck)|Kirchheim(Teck)-Ötlingen|Wendlingen(Neckar)|Wernau(Neckar)|Plochingen|Altbach,8006642,Esslingen-Zell,Baden-Württemberg,Esslingen am Neckar,73730,9.359739507,48.72436142,3,2511160712,,2511160713,,h,1,Bauarbeiten,,,,,,,0.0,1.0
7784021821560325221-2511160720-12,22010,2511160747,2511160747,4,,S,1,Stuttgart Schwabstr.|Stuttgart Feuersee|Stuttgart Stadtmitte|Stuttgart Hbf (tief)|Stuttgart-Bad Cannstatt|Stuttgart Neckarpark|Stuttgart-Untertürkheim|Stuttgart-Obertürkheim|Esslingen-Mettingen|Esslingen(Neckar)|Oberesslingen,8006642,Esslingen-Zell,Baden-Württemberg,Esslingen am Neckar,73730,9.359739507,48.72436142,3,2511160747,,2511160747,,h,1,Bauarbeiten,,,,,,,0.0,0.0
-4585337940204157177-2511160720-7,22013,2511160742,2511160742,3,,S,1,Kirchheim(Teck)|Kirchheim(Teck)-Ötlingen|Wendlingen(Neckar)|Wernau(Neckar)|Plochingen|Altbach,8006642,Esslingen-Zell,Baden-Württemberg,Esslingen am Neckar,73730,9.359739507,48.72436142,3,2511160742,,2511160743,,h,1,Bauarbeiten,,,,,,,0.0,1.0
-3038835082820904347-2511160650-12,22008,2511160717,2511160717,4,,S,1,Stuttgart Schwabstr.|Stuttgart Feuersee|Stuttgart Stadtmitte|Stuttgart Hbf (tief)|Stuttgart-Bad Cannstatt|Stuttgart Neckarpark|Stuttgart-Untertürkheim|Stuttgart-Obertürkheim|Esslingen-Mettingen|Esslingen(Neckar)|Oberesslingen,8006642,Esslingen-Zell,Baden-Württemberg,Esslingen am Neckar,73730,9.359739507,48.72436142,3,2511160717,,2511160717,,h,1,Bauarbeiten,,,,,,,0.0,0.0
-2096809252009887696-2511160702-10,7406,2511160726,2511160726,1,,S,4,Stuttgart Schwabstr.|Stuttgart Feuersee|Stuttgart Stadtmitte|Stuttgart Hbf (tief)|Stuttgart Nord|Stuttgart-Feuerbach|Stuttgart-Zuffenhausen|Kornwestheim Pbf|Ludwigsburg,8001967,Favoritepark,Baden-Württemberg,Ludwigsburg,71634,9.180574277,48.90948451,5,2511160726,,2511160726,,h,1,Bauarbeiten,,,,,,,0.0,0.0
1174251127419777403-2511160703-8,7411,2511160733,2511160733,2,,S,4,Backnang|Burgstall(Murr)|Kirchberg(Murr)|Erdmannhausen|Marbach(Neckar)|Benningen(Neckar)|Freiberg(Neckar),8001967,Favoritepark,Baden-Württemberg,Ludwigsburg,71634,9.180574277,48.90948451,5,2511160735,,2511160736,,h,1,Bauarbeiten,,,,,,,2.0,3.0
3888224273021493436-2511160718-11,7213,2511160742,2511160743,4,,S,2,Schorndorf|Weiler(Rems)|Winterbach(b Schorndorf)|Geradstetten|Grunbach|Beutelsbach|Endersbach|Stetten-Beinstein|Rommelshausen|Waiblingen,8001974,Fellbach,Baden-Württemberg,Fellbach,70736,9.270645988,48.8202936,3,2511160744,,2511160744,,h,1,Bauarbeiten,,,,,,,2.0,1.0
-2915141727268180381-2511160711-8,7311,2511160732,2511160733,4,,S,3,Backnang|Maubach|Nellmersbach|Winnenden|Schwaikheim|Neustadt-Hohenacker|Waiblingen,8001974,Fellbach,Baden-Württemberg,Fellbach,70736,9.270645988,48.8202936,3,2511160733,,2511160734,,h,1,Bauarbeiten,,,,,,,1.0,1.0
-6595517868678510983-2511160648-11,7211,2511160712,2511160713,4,,S,2,Schorndorf|Weiler(Rems)|Winterbach(b Schorndorf)|Geradstetten|Grunbach|Beutelsbach|Endersbach|Stetten-Beinstein|Rommelshausen|Waiblingen,8001974,Fellbach,Baden-Württemberg,Fellbach,70736,9.270645988,48.8202936,3,2511160713,,2511160714,,h,1,Bauarbeiten,,,,,,,1.0,1.0
-5260417069663625653-2511160735-5,7208,2511160746,2511160747,1,,S,2,Stuttgart Hbf|Stuttgart-Bad Cannstatt|Stuttgart Nürnberger Str.|Stuttgart-Sommerrain,8001974,Fellbach,Baden-Württemberg,Fellbach,70736,9.270645988,48.8202936,3,2511160746,,2511160747,,h,1,Bauarbeiten,,,,,,,0.0,0.0
5378560859801041236-2511160749-4,7310,2511160756,2511160757,1,,S,3,Stuttgart-Bad Cannstatt|Stuttgart Nürnberger Str.|Stuttgart-Sommerrain,8001974,Fellbach,Baden-Württemberg,Fellbach,70736,9.270645988,48.8202936,3,2511160757,,2511160757,,h,1,Bauarbeiten,,,,,,,1.0,0.0
9019722792563896744-2511160719-4,7308,2511160726,2511160727,1,,S,3,Stuttgart-Bad Cannstatt|Stuttgart Nürnberger Str.|Stuttgart-Sommerrain,8001974,Fellbach,Baden-Württemberg,Fellbach,70736,9.270645988,48.8202936,3,2511160726,,2511160727,,h,1,Bauarbeiten,,,,,,,0.0,0.0
-2096809252009887696-2511160702-11,7406,2511160729,2511160729,3,,S,4,Stuttgart Schwabstr.|Stuttgart Feuersee|Stuttgart Stadtmitte|Stuttgart Hbf (tief)|Stuttgart Nord|Stuttgart-Feuerbach|Stuttgart-Zuffenhausen|Kornwestheim Pbf|Ludwigsburg|Favoritepark,8002065,Freiberg (Neckar),Baden-Württemberg,Freiberg am Neckar,71691,9.197530085,48.92994974,5,2511160729,,2511160729,,h,1,Bauarbeiten,,,,,,,0.0,0.0
1174251127419777403-2511160703-7,7411,2511160730,2511160731,2,,S,4,Backnang|Burgstall(Murr)|Kirchberg(Murr)|Erdmannhausen|Marbach(Neckar)|Benningen(Neckar),8002065,Freiberg (Neckar),Baden-Württemberg,Freiberg am Neckar,71691,9.197530085,48.92994974,5,2511160732,,2511160732,,h,1,Bauarbeiten,,,,,,,2.0,1.0
-586069085866150687-2511160746-3,7114,2511160752,2511160752,2,,S,1,Herrenberg|Nufringen,8002165,Gärtringen,Baden-Württemberg,Gärtringen,71116,8.908864487,48.64080021,5,2511160752,,2511160752,,h,1,Bauarbeiten,,,,,,,0.0,0.0
712905644780423167-2511160650-7,7107,2511160707,2511160707,1,,S,1,Stuttgart-Vaihingen|Stuttgart-Rohr|Goldberg(Württ)|Böblingen|Hulb|Ehningen(b Böblingen),8002165,Gärtringen,Baden-Württemberg,Gärtringen,71116,8.908864487,48.64080021,5,2511160707,,2511160708,,h,1,Bauarbeiten,,,,,,,0.0,1.0
-2643490442022964578-2511160716-3,7112,2511160722,2511160722,2,,S,1,Herrenberg|Nufringen,8002165,Gärtringen,Baden-Württemberg,Gärtringen,71116,8.908864487,48.64080021,5,2511160722,,2511160723,,h,1,Bauarbeiten,,,,,,,0.0,1.0
4337738354335824801-2511160720-7,7109,2511160737,2511160737,1,,S,1,Stuttgart-Vaihingen|Stuttgart-Rohr|Goldberg(Württ)|Böblingen|Hulb|Ehningen(b Böblingen),8002165,Gärtringen,Baden-Württemberg,Gärtringen,71116,8.908864487,48.64080021,5,2511160738,,2511160738,,h,1,Bauarbeiten,,,,,,,1.0,1.0
-5804237943130712983-2511160748-4,7215,2511160755,2511160756,1,,S,2,Schorndorf|Weiler(Rems)|Winterbach(b Schorndorf),8002240,Geradstetten,Baden-Württemberg,Remshalden,73630,9.439522346,48.80527689,5,2511160757,2,2511160757,2,h,1,Bauarbeiten,,,,,,,2.0,1.0
3888224273021493436-2511160718-4,7213,2511160725,2511160726,1,,S,2,Schorndorf|Weiler(Rems)|Winterbach(b Schorndorf),8002240,Geradstetten,Baden-Württemberg,Remshalden,73630,9.439522346,48.80527689,5,2511160727,2,2511160727,2,h,1,Bauarbeiten,,,,,,,2.0,1.0
-7596434955654923825-2511160635-12,7204,2511160702,2511160702,2,,S,2,Stuttgart Hbf|Stuttgart-Bad Cannstatt|Stuttgart Nürnberger Str.|Stuttgart-Sommerrain|Fellbach|Waiblingen|Rommelshausen|Stetten-Beinstein|Endersbach|Beutelsbach|Grunbach,8002240,Geradstetten,Baden-Württemberg,Remshalden,73630,9.439522346,48.80527689,5,2511160704,,2511160705,,h,1,Bauarbeiten,,,,,,,2.0,3.0
4435692740161152840-2511160750-3,7111,2511160757,2511160757,1,,S,1,Stuttgart-Vaihingen|Stuttgart-Rohr,8005201,Goldberg,Baden-Württemberg,Böblingen,71032,9.019733387,48.69651581,5,2511160757,,2511160758,,h,1,Bauarbeiten,,,,,,,0.0,1.0
-8108385215609287130-2511160646-7,7110,2511160702,2511160702,2,,S,1,Herrenberg|Nufringen|Gärtringen|Ehningen(b Böblingen)|Hulb|Böblingen,8005201,Goldberg,Baden-Württemberg,Böblingen,71032,9.019733387,48.69651581,5,2511160703,,2511160703,,h,1,Bauarbeiten,,,,,,,1.0,1.0
-2643490442022964578-2511160716-7,7112,2511160732,2511160732,2,,S,1,Herrenberg|Nufringen|Gärtringen|Ehningen(b Böblingen)|Hulb|Böblingen,8005201,Goldberg,Baden-Württemberg,Böblingen,71032,9.019733387,48.69651581,5,2511160732,,2511160733,,h,1,Bauarbeiten,,,,,,,0.0,1.0
4337738354335824801-2511160720-3,7109,2511160727,2511160727,1,,S,1,Stuttgart-Vaihingen|Stuttgart-Rohr,8005201,Goldberg,Baden-Württemberg,Böblingen,71032,9.019733387,48.69651581,5,2511160727,,2511160728,,h,1,Bauarbeiten,,,,,,,0.0,1.0
-5804237943130712983-2511160748-5,7215,2511160757,2511160758,2,,S,2,Schorndorf|Weiler(Rems)|Winterbach(b Schorndorf)|Geradstetten,8002448,Grunbach,Baden-Württemberg,Remshalden,73630,9.419580601,48.810414,4,2511160800,,2511160800,,h,1,Bauarbeiten,,,,,,,3.0,2.0
3888224273021493436-2511160718-5,7213,2511160727,2511160728,2,,S,2,Schorndorf|Weiler(Rems)|Winterbach(b Schorndorf)|Geradstetten,8002448,Grunbach,Baden-Württemberg,Remshalden,73630,9.419580601,48.810414,4,2511160729,,2511160729,,h,1,Bauarbeiten,,,,,,,2.0,1.0
-7596434955654923825-2511160635-11,7204,2511160700,2511160700,3,,S,2,Stuttgart Hbf|Stuttgart-Bad Cannstatt|Stuttgart Nürnberger Str.|Stuttgart-Sommerrain|Fellbach|Waiblingen|Rommelshausen|Stetten-Beinstein|Endersbach|Beutelsbach,8002448,Grunbach,Baden-Württemberg,Remshalden,73630,9.419580601,48.810414,4,2511160702,,2511160703,,h,1,Bauarbeiten,,,,,,,2.0,3.0
451087863372234504-2511160549-14,17692,2511160757,2511160758,1,,RE,4,Konstanz|Allensbach|Radolfzell|Singen(Hohentwiel)|Engen|Tuttlingen|Spaichingen|Rottweil|Oberndorf(Neckar)|Sulz(Neckar)|Horb|Bondorf(b Herrenberg)|Gäufelden,8002785,Herrenberg,Baden-Württemberg,Herrenberg,71083,8.862625253,48.59395697,3,2511160757,,2511160758,,,,,,,,,,,0.0,0.0
-8737122798425483295-2511160614-9,17620,2511160710,2511160711,1,,RE,14a,Rottweil|Oberndorf(Neckar)|Sulz(Neckar)|Horb|Eutingen im Gäu|Ergenzingen|Bondorf(b Herrenberg)|Gäufelden,8002785,Herrenberg,Baden-Württemberg,Herrenberg,71083,8.862625253,48.59395697,3,2511160710,,2511160711,,h,2,Bauarbeiten,,,,,,,0.0,0.0
-586069085866150687-2511160746-1,7114,,2511160746,,,S,1,,8002785,Herrenberg,Baden-Württemberg,Herrenberg,71083,8.862625253,48.59395697,3,,,2511160746,,h,1,Bauarbeiten,,,,,,,0.0,0.0
6648849532750511592-2511160709-4,17695,2511160746,2511160747,4,,RE,4,Stuttgart Hbf|Stuttgart-Vaihingen|Böblingen,8002785,Herrenberg,Baden-Württemberg,Herrenberg,71083,8.862625253,48.59395697,3,2511160748,,2511160749,,,,,,,,,,,2.0,2.0
-1026156903770485442-2511160711-10,22731,2511160741,,102,,RB,,Tübingen Hbf|Tübingen West|Unterjesingen Sandäcker|Unterjesingen Mitte|Pfäffingen|Entringen|Altingen(Württ)|Gültstein|Herrenberg Zwerchweg,8002785,Herrenberg,Baden-Württemberg,Herrenberg,71083,8.862625253,48.59395697,3,2511160741,,,,,,,,,,,,,0.0,0.0
712905644780423167-2511160650-9,7107,2511160714,,3,,S,,Stuttgart-Vaihingen|Stuttgart-Rohr|Goldberg(Württ)|Böblingen|Hulb|Ehningen(b Böblingen)|Gärtringen|Nufringen,8002785,Herrenberg,Baden-Württemberg,Herrenberg,71083,8.862625253,48.59395697,3,2511160714,,,,h,1,Bauarbeiten,,,,,,,0.0,0.0
-2643490442022964578-2511160716-1,7112,,2511160716,,,S,1,,8002785,Herrenberg,Baden-Württemberg,Herrenberg,71083,8.862625253,48.59395697,3,,,2511160716,,h,1,Bauarbeiten,,,,,,,0.0,0.0
-7509958474437704940-2511160719-1,22726,,2511160719,,,RB,63,,8002785,Herrenberg,Baden-Württemberg,Herrenberg,71083,8.862625253,48.59395697,3,,,2511160719,,,,,,,,,,,0.0,0.0
4337738354335824801-2511160720-9,7109,2511160744,,3,,S,,Stuttgart-Vaihingen|Stuttgart-Rohr|Goldberg(Württ)|Böblingen|Hulb|Ehningen(b Böblingen)|Gärtringen|Nufringen,8002785,Herrenberg,Baden-Württemberg,Herrenberg,71083,8.862625253,48.59395697,3,2511160745,,,,h,1,Bauarbeiten,,,,,,,1.0,0.0
3957411612578008716-2511160712-12,7608,2511160739,2511160739,2,,S,6,Stuttgart Schwabstr.|Stuttgart Feuersee|Stuttgart Stadtmitte|Stuttgart Hbf (tief)|Stuttgart Nord|Stuttgart-Feuerbach|Stuttgart-Zuffenhausen|Neuwirtshaus(Porscheplatz)|Korntal|Weilimdorf|Ditzingen,8002892,Höfingen,Baden-Württemberg,Leonberg,71229,9.026180834,48.81503436,5,2511160740,,2511160740,,,,,,,,,,,1.0,1.0
4433222154122274025-2511160703-6,7611,2511160720,2511160721,1,,S,6,Weil der Stadt|Malmsheim|Renningen|Rutesheim|Leonberg,8002892,Höfingen,Baden-Württemberg,Leonberg,71229,9.026180834,48.81503436,5,2511160721,,2511160721,,,,,,,,,,,1.0,0.0
-1347709455583751185-2511160733-6,7613,2511160750,2511160751,1,,S,6,Weil der Stadt|Malmsheim|Renningen|Rutesheim|Leonberg,8002892,Höfingen,Baden-Württemberg,Leonberg,71229,9.026180834,48.81503436,5,2511160751,,2511160751,,,,,,,,,,,1.0,0.0
-586069085866150687-2511160746-5,7114,2511160758,2511160758,2,,S,1,Herrenberg|Nufringen|Gärtringen|Ehningen(b Böblingen),8003022,Hulb,Baden-Württemberg,Böblingen-Hulb,71032,8.982396429,48.67924173,5,2511160758,,2511160758,,h,1,Bauarbeiten,,,,,,,0.0,0.0
712905644780423167-2511160650-5,7107,2511160701,2511160701,1,,S,1,Stuttgart-Vaihingen|Stuttgart-Rohr|Goldberg(Württ)|Böblingen,8003022,Hulb,Baden-Württemberg,Böblingen-Hulb,71032,8.982396429,48.67924173,5,2511160701,,2511160701,,h,1,Bauarbeiten,,,,,,,0.0,0.0
-2643490442022964578-2511160716-5,7112,2511160728,2511160728,2,,S,1,Herrenberg|Nufringen|Gärtringen|Ehningen(b Böblingen),8003022,Hulb,Baden-Württemberg,Böblingen-Hulb,71032,8.982396429,48.67924173,5,2511160728,,2511160729,,h,1,Bauarbeiten,,,,,,,0.0,1.0
4337738354335824801-2511160720-5,7109,2511160731,2511160731,1,,S,1,Stuttgart-Vaihingen|Stuttgart-Rohr|Goldberg(Württ)|Böblingen,8003022,Hulb,Baden-Württemberg,Böblingen-Hulb,71032,8.982396429,48.67924173,5,2511160731,,2511160732,,h,1,Bauarbeiten,,,,,,,0.0,1.0
-2096809252009887696-2511160702-15,7406,2511160743,2511160743,2,,S,4,Stuttgart Schwabstr.|Stuttgart Feuersee|Stuttgart Stadtmitte|Stuttgart Hbf (tief)|Stuttgart Nord|Stuttgart-Feuerbach|Stuttgart-Zuffenhausen|Kornwestheim Pbf|Ludwigsburg|Favoritepark|Freiberg(Neckar)|Benningen(Neckar)|Marbach(Neckar)|Erdmannhausen,8003266,Kirchberg (Murr),Baden-Württemberg,Kirchberg an der Murr,71737,9.328210283,48.93928182,6,2511160743,,2511160743,,h,1,Bauarbeiten,,,,,,,0.0,0.0
8970610329466681156-2511160733-3,7413,2511160741,2511160744,1,,S,4,Backnang|Burgstall(Murr),8003266,Kirchberg (Murr),Baden-Württemberg,Kirchberg an der Murr,71737,9.328210283,48.93928182,6,2511160742,,2511160744,,h,1,Bauarbeiten,,,,,,,1.0,0.0
1174251127419777403-2511160703-3,7411,2511160711,2511160714,1,,S,4,Backnang|Burgstall(Murr),8003266,Kirchberg (Murr),Baden-Württemberg,Kirchberg an der Murr,71737,9.328210283,48.93928182,6,2511160713,,2511160714,,h,1,Bauarbeiten,,,,,,,2.0,0.0
-6949424465889864321-2511160620-18,22006,2511160709,,,,S,,Stuttgart Schwabstr.|Stuttgart Feuersee|Stuttgart Stadtmitte|Stuttgart Hbf (tief)|Stuttgart-Bad Cannstatt|Stuttgart Neckarpark|Stuttgart-Untertürkheim|Stuttgart-Obertürkheim|Esslingen-Mettingen|Esslingen(Neckar)|Oberesslingen|Esslingen-Zell|Altbach|Plochingen|Wernau(Neckar)|Wendlingen(Neckar)|Kirchheim(Teck)-Ötlingen,8003280,Kirchheim (Teck),Baden-Württemberg,Kirchheim unter Teck,73230,9.443872422,48.64415981,4,2511160709,2,,,h,1,Bauarbeiten,,,,,,,0.0,0.0
-4585337940204157177-2511160720-1,22013,,2511160720,,,S,1,,8003280,Kirchheim (Teck),Baden-Württemberg,Kirchheim unter Teck,73230,9.443872422,48.64415981,4,,,2511160720,2,h,1,Bauarbeiten,,,,,,,0.0,0.0
-3038835082820904347-2511160650-18,22008,2511160739,,,,S,,Stuttgart Schwabstr.|Stuttgart Feuersee|Stuttgart Stadtmitte|Stuttgart Hbf (tief)|Stuttgart-Bad Cannstatt|Stuttgart Neckarpark|Stuttgart-Untertürkheim|Stuttgart-Obertürkheim|Esslingen-Mettingen|Esslingen(Neckar)|Oberesslingen|Esslingen-Zell|Altbach|Plochingen|Wernau(Neckar)|Wendlingen(Neckar)|Kirchheim(Teck)-Ötlingen,8003280,Kirchheim (Teck),Baden-Württemberg,Kirchheim unter Teck,73230,9.443872422,48.64415981,4,2511160741,2,,,h,1,Bauarbeiten,,,,,,,2.0,0.0
-8784785230449587880-2511160750-1,22015,,2511160750,,,S,1,,8003280,Kirchheim (Teck),Baden-Württemberg,Kirchheim unter Teck,73230,9.443872422,48.64415981,4,,,2511160750,2,h,1,Bauarbeiten,,,,,,,0.0,0.0
3044219475439536122-2511160717-1,37955,,2511160717,,,N,RB64,,8003280,Kirchheim (Teck),Baden-Württemberg,Kirchheim unter Teck,73230,9.443872422,48.64415981,4,,,2511160720,,,,,,,,,,,0.0,3.0
-6949424465889864321-2511160620-17,22006,2511160706,2511160707,1,,S,1,Stuttgart Schwabstr.|Stuttgart Feuersee|Stuttgart Stadtmitte|Stuttgart Hbf (tief)|Stuttgart-Bad Cannstatt|Stuttgart Neckarpark|Stuttgart-Untertürkheim|Stuttgart-Obertürkheim|Esslingen-Mettingen|Esslingen(Neckar)|Oberesslingen|Esslingen-Zell|Altbach|Plochingen|Wernau(Neckar)|Wendlingen(Neckar),8003282,Kirchheim (Teck)-Ötlingen,Baden-Württemberg,Kirchheim unter Teck,73230,9.416261302,48.65782388,5,2511160706,,2511160707,,h,1,Bauarbeiten,,,,,,,0.0,0.0
-4585337940204157177-2511160720-2,22013,2511160723,2511160723,1,,S,1,Kirchheim(Teck),8003282,Kirchheim (Teck)-Ötlingen,Baden-Württemberg,Kirchheim unter Teck,73230,9.416261302,48.65782388,5,2511160723,,2511160723,,h,1,Bauarbeiten,,,,,,,0.0,0.0
-3038835082820904347-2511160650-17,22008,2511160736,2511160737,1,,S,1,Stuttgart Schwabstr.|Stuttgart Feuersee|Stuttgart Stadtmitte|Stuttgart Hbf (tief)|Stuttgart-Bad Cannstatt|Stuttgart Neckarpark|Stuttgart-Untertürkheim|Stuttgart-Obertürkheim|Esslingen-Mettingen|Esslingen(Neckar)|Oberesslingen|Esslingen-Zell|Altbach|Plochingen|Wernau(Neckar)|Wendlingen(Neckar),8003282,Kirchheim (Teck)-Ötlingen,Baden-Württemberg,Kirchheim unter Teck,73230,9.416261302,48.65782388,5,2511160737,,2511160738,,h,1,Bauarbeiten,,,,,,,1.0,1.0
-8784785230449587880-2511160750-2,22015,2511160753,2511160753,1,,S,1,Kirchheim(Teck),8003282,Kirchheim (Teck)-Ötlingen,Baden-Württemberg,Kirchheim unter Teck,73230,9.416261302,48.65782388,5,2511160753,,2511160753,,h,1,Bauarbeiten,,,,,,,0.0,0.0
3957411612578008716-2511160712-9,7608,2511160731,2511160731,1,,S,6,Stuttgart Schwabstr.|Stuttgart Feuersee|Stuttgart Stadtmitte|Stuttgart Hbf (tief)|Stuttgart Nord|Stuttgart-Feuerbach|Stuttgart-Zuffenhausen|Neuwirtshaus(Porscheplatz),8003409,Korntal,Baden-Württemberg,Korntal,70825,9.121099128,48.82640246,4,2511160732,,2511160732,,,,,,,,,,,1.0,1.0
4433222154122274025-2511160703-9,7611,2511160728,2511160729,3,,S,6,Weil der Stadt|Malmsheim|Renningen|Rutesheim|Leonberg|Höfingen|Ditzingen|Weilimdorf,8003409,Korntal,Baden-Württemberg,Korntal,70825,9.121099128,48.82640246,4,2511160729,,2511160729,,,,,,,,,,,1.0,0.0
6650938090751927613-2511160731-7,1091,2511160754,,7,,WEG,,Heimerdingen|Hemmingen|Schwieberdingen|Münchingen|Münchingen Rührberg|Korntal Gymnasium,8003409,Korntal,Baden-Württemberg,Korntal,70825,9.121099128,48.82640246,4,2511160754,,,,,,,,,,,,,0.0,0.0
-2260655768859987107-2511160705-1,1084,,2511160705,,,WEG,RB47,,8003409,Korntal,Baden-Württemberg,Korntal,70825,9.121099128,48.82640246,4,,,2511160705,,,,,,,,,,,0.0,0.0
-1347709455583751185-2511160733-9,7613,2511160758,2511160759,3,,S,6,Weil der Stadt|Malmsheim|Renningen|Rutesheim|Leonberg|Höfingen|Ditzingen|Weilimdorf,8003409,Korntal,Baden-Württemberg,Korntal,70825,9.121099128,48.82640246,4,2511160759,,2511160800,,,,,,,,,,,1.0,1.0
-2096809252009887696-2511160702-8,7406,2511160720,2511160720,4,,S,4,Stuttgart Schwabstr.|Stuttgart Feuersee|Stuttgart Stadtmitte|Stuttgart Hbf (tief)|Stuttgart Nord|Stuttgart-Feuerbach|Stuttgart-Zuffenhausen,8003411,Kornwestheim Pbf,Baden-Württemberg,Kornwestheim,70806,9.179967278,48.86215948,3,2511160720,,2511160720,,h,1,Bauarbeiten,,,,,,,0.0,0.0
-5856161558368495320-2511160737-5,7513,2511160749,2511160750,3,,S,5,Bietigheim-Bissingen|Tamm(Württ)|Asperg|Ludwigsburg,8003411,Kornwestheim Pbf,Baden-Württemberg,Kornwestheim,70806,9.179967278,48.86215948,3,2511160750,,2511160751,,h,1,Bauarbeiten,,,,,,,1.0,1.0
-2856928912084347734-2511160722-8,7510,2511160740,2511160740,4,,S,5,Stuttgart Schwabstr.|Stuttgart Feuersee|Stuttgart Stadtmitte|Stuttgart Hbf (tief)|Stuttgart Nord|Stuttgart-Feuerbach|Stuttgart-Zuffenhausen,8003411,Kornwestheim Pbf,Baden-Württemberg,Kornwestheim,70806,9.179967278,48.86215948,3,2511160740,,2511160741,,h,1,Bauarbeiten,,,,,,,0.0,1.0
1174251127419777403-2511160703-10,7411,2511160739,2511160740,3,,S,4,Backnang|Burgstall(Murr)|Kirchberg(Murr)|Erdmannhausen|Marbach(Neckar)|Benningen(Neckar)|Freiberg(Neckar)|Favoritepark|Ludwigsburg,8003411,Kornwestheim Pbf,Baden-Württemberg,Kornwestheim,70806,9.179967278,48.86215948,3,2511160741,,2511160742,,h,1,Bauarbeiten,,,,,,,2.0,2.0
7155033421118958991-2511160707-5,7511,2511160719,2511160720,3,,S,5,Bietigheim-Bissingen|Tamm(Württ)|Asperg|Ludwigsburg,8003411,Kornwestheim Pbf,Baden-Württemberg,Kornwestheim,70806,9.179967278,48.86215948,3,2511160720,,2511160721,,h,1,Bauarbeiten,,,,,,,1.0,1.0
3957411612578008716-2511160712-13,7608,2511160743,2511160743,2,,S,6,Stuttgart Schwabstr.|Stuttgart Feuersee|Stuttgart Stadtmitte|Stuttgart Hbf (tief)|Stuttgart Nord|Stuttgart-Feuerbach|Stuttgart-Zuffenhausen|Neuwirtshaus(Porscheplatz)|Korntal|Weilimdorf|Ditzingen|Höfingen,8003652,Leonberg,Baden-Württemberg,Leonberg,71229,9.004025993,48.79970547,3,2511160743,,2511160743,,,,,,,,,,,0.0,0.0
4433222154122274025-2511160703-5,7611,2511160717,2511160717,1,,S,6,Weil der Stadt|Malmsheim|Renningen|Rutesheim,8003652,Leonberg,Baden-Württemberg,Leonberg,71229,9.004025993,48.79970547,3,2511160717,,2511160717,,,,,,,,,,,0.0,0.0
-1347709455583751185-2511160733-5,7613,2511160747,2511160747,1,,S,6,Weil der Stadt|Malmsheim|Renningen|Rutesheim,8003652,Leonberg,Baden-Württemberg,Leonberg,71229,9.004025993,48.79970547,3,2511160747,,2511160747,,,,,,,,,,,0.0,0.0
-911319629498153735-2511160747-2,19504,2511160756,2511160757,1,,MEX,17a,Stuttgart Hbf,8000235,Ludwigsburg,Baden-Württemberg,Ludwigsburg,71638,9.185229823,48.89208622,3,2511160800,,2511160802,,,,,,,,,,,4.0,5.0
-6035406151764555985-2511160633-12,19306,2511160753,2511160753,1,,MEX,18,Tübingen Hbf|Reutlingen Hbf|Metzingen(Württ)|Bempflingen|Nürtingen|Oberboihingen|Wendlingen(Neckar)|Plochingen|Esslingen(Neckar)|Stuttgart-Bad Cannstatt|Stuttgart Hbf,8000235,Ludwigsburg,Baden-Württemberg,Ludwigsburg,71638,9.185229823,48.89208622,3,2511160756,,2511160757,,,,,,,,,,,3.0,4.0
-2096809252009887696-2511160702-9,7406,2511160723,2511160724,2,,S,4,Stuttgart Schwabstr.|Stuttgart Feuersee|Stuttgart Stadtmitte|Stuttgart Hbf (tief)|Stuttgart Nord|Stuttgart-Feuerbach|Stuttgart-Zuffenhausen|Kornwestheim Pbf,8000235,Ludwigsburg,Baden-Württemberg,Ludwigsburg,71638,9.185229823,48.89208622,3,2511160723,,2511160724,,h,1,Bauarbeiten,,,,,,,0.0,0.0
-5856161558368495320-2511160737-4,7513,2511160746,2511160746,3,,S,5,Bietigheim-Bissingen|Tamm(Württ)|Asperg,8000235,Ludwigsburg,Baden-Württemberg,Ludwigsburg,71638,9.185229823,48.89208622,3,2511160747,,2511160747,,h,1,Bauarbeiten,,,,,,,1.0,1.0
-2856928912084347734-2511160722-9,7510,2511160743,2511160744,2,,S,5,Stuttgart Schwabstr.|Stuttgart Feuersee|Stuttgart Stadtmitte|Stuttgart Hbf (tief)|Stuttgart Nord|Stuttgart-Feuerbach|Stuttgart-Zuffenhausen|Kornwestheim Pbf,8000235,Ludwigsburg,Baden-Württemberg,Ludwigsburg,71638,9.185229823,48.89208622,3,2511160744,,2511160744,,h,1,Bauarbeiten,,,,,,,1.0,0.0
1174251127419777403-2511160703-9,7411,2511160736,2511160736,3,,S,4,Backnang|Burgstall(Murr)|Kirchberg(Murr)|Erdmannhausen|Marbach(Neckar)|Benningen(Neckar)|Freiberg(Neckar)|Favoritepark,8000235,Ludwigsburg,Baden-Württemberg,Ludwigsburg,71638,9.185229823,48.89208622,3,2511160738,,2511160738,,h,1,Bauarbeiten,,,,,,,2.0,2.0
443201353460676242-2511160611-13,19369,2511160700,2511160701,4,,MEX,17a,Pforzheim Hbf|Eutingen(Baden)|Niefern|Enzberg|Mühlacker|Mühlacker Rößlesweg|Illingen(Württ)|Vaihingen(Enz)|Sersheim|Sachsenheim|Ellental|Bietigheim-Bissingen,8000235,Ludwigsburg,Baden-Württemberg,Ludwigsburg,71638,9.185229823,48.89208622,3,2511160701,,2511160702,,,,,,,,,,,1.0,1.0
-2264667008050815380-2511160657-8,21965,2511160732,2511160733,4,,RB,8,Heilbronn Hbf|Nordheim(Württ)|Lauffen(Neckar)|Kirchheim(Neckar)|Walheim(Württ)|Besigheim|Bietigheim-Bissingen,8000235,Ludwigsburg,Baden-Württemberg,Ludwigsburg,71638,9.185229823,48.89208622,3,2511160732,,2511160733,,,,,,,,,,,0.0,0.0
7155033421118958991-2511160707-4,7511,2511160716,2511160716,3,,S,5,Bietigheim-Bissingen|Tamm(Württ)|Asperg,8000235,Ludwigsburg,Baden-Württemberg,Ludwigsburg,71638,9.185229823,48.89208622,3,2511160717,,2511160717,,h,1,Bauarbeiten,,,,,,,1.0,1.0
-3554823186709797948-2511160630-8,19211,2511160704,2511160705,4,,MEX,18,Heilbronn Hbf|Nordheim(Württ)|Lauffen(Neckar)|Kirchheim(Neckar)|Walheim(Württ)|Besigheim|Bietigheim-Bissingen,8000235,Ludwigsburg,Baden-Württemberg,Ludwigsburg,71638,9.185229823,48.89208622,3,2511160704,,2511160705,,,,,,,,,,,0.0,0.0
2153068878853710440-2511160703-2,21942,2511160712,2511160713,1,,RE,8,Stuttgart Hbf,8000235,Ludwigsburg,Baden-Württemberg,Ludwigsburg,71638,9.185229823,48.89208622,3,2511160717,,2511160718,,,,,,,,,,,5.0,5.0
3957411612578008716-2511160712-16,7608,2511160754,2511160754,1,,S,6,Stuttgart Schwabstr.|Stuttgart Feuersee|Stuttgart Stadtmitte|Stuttgart Hbf (tief)|Stuttgart Nord|Stuttgart-Feuerbach|Stuttgart-Zuffenhausen|Neuwirtshaus(Porscheplatz)|Korntal|Weilimdorf|Ditzingen|Höfingen|Leonberg|Rutesheim|Renningen,8003831,Malmsheim,Baden-Württemberg,Renningen,71272,8.905105557,48.77183564,5,2511160755,,2511160755,,,,,,,,,,,1.0,1.0
4433222154122274025-2511160703-2,7611,2511160705,2511160705,2,,S,6,Weil der Stadt,8003831,Malmsheim,Baden-Württemberg,Renningen,71272,8.905105557,48.77183564,5,2511160706,,2511160707,,,,,,,,,,,1.0,2.0
-1347709455583751185-2511160733-2,7613,2511160735,2511160735,2,,S,6,Weil der Stadt,8003831,Malmsheim,Baden-Württemberg,Renningen,71272,8.905105557,48.77183564,5,2511160735,,2511160735,,,,,,,,,,,0.0,0.0
-2096809252009887696-2511160702-13,7406,2511160735,2511160738,1,,S,4,Stuttgart Schwabstr.|Stuttgart Feuersee|Stuttgart Stadtmitte|Stuttgart Hbf (tief)|Stuttgart Nord|Stuttgart-Feuerbach|Stuttgart-Zuffenhausen|Kornwestheim Pbf|Ludwigsburg|Favoritepark|Freiberg(Neckar)|Benningen(Neckar),8003853,Marbach (Neckar),Baden-Württemberg,Marbach am Neckar,71672,9.264611825,48.9437708,3,2511160735,,2511160738,,h,1,Bauarbeiten,,,,,,,0.0,0.0
8970610329466681156-2511160733-5,7413,2511160751,2511160755,2,,S,4,Backnang|Burgstall(Murr)|Kirchberg(Murr)|Erdmannhausen,8003853,Marbach (Neckar),Baden-Württemberg,Marbach am Neckar,71672,9.264611825,48.9437708,3,2511160751,,2511160755,,h,1,Bauarbeiten,,,,,,,0.0,0.0
1174251127419777403-2511160703-5,7411,2511160721,2511160725,2,,S,4,Backnang|Burgstall(Murr)|Kirchberg(Murr)|Erdmannhausen,8003853,Marbach (Neckar),Baden-Württemberg,Marbach am Neckar,71672,9.264611825,48.9437708,3,2511160721,,2511160726,,h,1,Bauarbeiten,,,,,,,0.0,1.0
1183603668671718907-2511160741-2,7313,2511160743,2511160744,1,,S,3,Backnang,8003913,Maubach,Baden-Württemberg,Backnang,71522,9.419487062,48.92623463,4,2511160744,,2511160745,,h,1,Bauarbeiten,,,,,,,1.0,1.0
-2915141727268180381-2511160711-2,7311,2511160713,2511160714,1,,S,3,Backnang,8003913,Maubach,Baden-Württemberg,Backnang,71522,9.419487062,48.92623463,4,2511160714,,2511160714,,h,1,Bauarbeiten,,,,,,,1.0,0.0
9019722792563896744-2511160719-10,7308,2511160744,2511160745,2,,S,3,Stuttgart-Bad Cannstatt|Stuttgart Nürnberger Str.|Stuttgart-Sommerrain|Fellbach|Waiblingen|Neustadt-Hohenacker|Schwaikheim|Winnenden|Nellmersbach,8003913,Maubach,Baden-Württemberg,Backnang,71522,9.419487062,48.92623463,4,2511160745,,2511160745,,h,1,Bauarbeiten,,,,,,,1.0,0.0
1183603668671718907-2511160741-3,7313,2511160746,2511160746,1,,S,3,Backnang|Maubach,8004233,Nellmersbach,Baden-Württemberg,Leutenbach,71397,9.415421538,48.90336425,5,2511160747,,2511160748,,h,1,Bauarbeiten,,,,,,,1.0,2.0
-2915141727268180381-2511160711-3,7311,2511160716,2511160716,1,,S,3,Backnang|Maubach,8004233,Nellmersbach,Baden-Württemberg,Leutenbach,71397,9.415421538,48.90336425,5,2511160717,,2511160717,,h,1,Bauarbeiten,,,,,,,1.0,1.0
9019722792563896744-2511160719-9,7308,2511160741,2511160742,2,,S,3,Stuttgart-Bad Cannstatt|Stuttgart Nürnberger Str.|Stuttgart-Sommerrain|Fellbach|Waiblingen|Neustadt-Hohenacker|Schwaikheim|Winnenden,8004233,Nellmersbach,Baden-Württemberg,Leutenbach,71397,9.415421538,48.90336425,5,2511160742,,2511160742,,h,1,Bauarbeiten,,,,,,,1.0,0.0
1183603668671718907-2511160741-6,7313,2511160755,2511160755,2,,S,3,Backnang|Maubach|Nellmersbach|Winnenden|Schwaikheim,8004333,Neustadt-Hohenacker,Baden-Württemberg,Waiblingen,71336,9.32455106,48.85921668,5,2511160756,,2511160756,,h,1,Bauarbeiten,,,,,,,1.0,1.0
-2915141727268180381-2511160711-6,7311,2511160725,2511160725,2,,S,3,Backnang|Maubach|Nellmersbach|Winnenden|Schwaikheim,8004333,Neustadt-Hohenacker,Baden-Württemberg,Waiblingen,71336,9.32455106,48.85921668,5,2511160726,,2511160727,,h,1,Bauarbeiten,,,,,,,1.0,2.0
9019722792563896744-2511160719-6,7308,2511160733,2511160733,1,,S,3,Stuttgart-Bad Cannstatt|Stuttgart Nürnberger Str.|Stuttgart-Sommerrain|Fellbach|Waiblingen,8004333,Neustadt-Hohenacker,Baden-Württemberg,Waiblingen,71336,9.32455106,48.85921668,5,2511160733,,2511160734,,h,1,Bauarbeiten,,,,,,,0.0,1.0
3957411612578008716-2511160712-8,7608,2511160728,2511160728,1,,S,6,Stuttgart Schwabstr.|Stuttgart Feuersee|Stuttgart Stadtmitte|Stuttgart Hbf (tief)|Stuttgart Nord|Stuttgart-Feuerbach|Stuttgart-Zuffenhausen,8004338,Neuwirtshaus (Porscheplatz),Baden-Württemberg,Stuttgart,70435,9.151955614,48.83384734,4,2511160729,,2511160730,,,,,,,,,,,1.0,2.0
4433222154122274025-2511160703-10,7611,2511160731,2511160731,2,,S,6,Weil der Stadt|Malmsheim|Renningen|Rutesheim|Leonberg|Höfingen|Ditzingen|Weilimdorf|Korntal,8004338,Neuwirtshaus (Porscheplatz),Baden-Württemberg,Stuttgart,70435,9.151955614,48.83384734,4,2511160732,,2511160732,,,,,,,,,,,1.0,1.0
-586069085866150687-2511160746-2,7114,2511160749,2511160749,2,,S,1,Herrenberg,8004490,Nufringen,Baden-Württemberg,Nufringen,71154,8.889817485,48.62010967,5,2511160749,,2511160749,,h,1,Bauarbeiten,,,,,,,0.0,0.0
712905644780423167-2511160650-8,7107,2511160710,2511160710,1,,S,1,Stuttgart-Vaihingen|Stuttgart-Rohr|Goldberg(Württ)|Böblingen|Hulb|Ehningen(b Böblingen)|Gärtringen,8004490,Nufringen,Baden-Württemberg,Nufringen,71154,8.889817485,48.62010967,5,2511160710,,2511160710,,h,1,Bauarbeiten,,,,,,,0.0,0.0
-2643490442022964578-2511160716-2,7112,2511160719,2511160719,2,,S,1,Herrenberg,8004490,Nufringen,Baden-Württemberg,Nufringen,71154,8.889817485,48.62010967,5,2511160719,,2511160720,,h,1,Bauarbeiten,,,,,,,0.0,1.0
4337738354335824801-2511160720-8,7109,2511160740,2511160740,1,,S,1,Stuttgart-Vaihingen|Stuttgart-Rohr|Goldberg(Württ)|Böblingen|Hulb|Ehningen(b Böblingen)|Gärtringen,8004490,Nufringen,Baden-Württemberg,Nufringen,71154,8.889817485,48.62010967,5,2511160740,,2511160741,,h,1,Bauarbeiten,,,,,,,0.0,1.0
-1132138670766351831-2511160650-8,22011,2511160715,2511160715,3,,S,1,Kirchheim(Teck)|Kirchheim(Teck)-Ötlingen|Wendlingen(Neckar)|Wernau(Neckar)|Plochingen|Altbach|Esslingen-Zell,8004528,Oberesslingen,Baden-Württemberg,Esslingen am Neckar,73730,9.327277435,48.72983585,3,2511160715,,2511160715,,h,1,Bauarbeiten,,,,,,,0.0,0.0
7784021821560325221-2511160720-11,22010,2511160744,2511160744,4,,S,1,Stuttgart Schwabstr.|Stuttgart Feuersee|Stuttgart Stadtmitte|Stuttgart Hbf (tief)|Stuttgart-Bad Cannstatt|Stuttgart Neckarpark|Stuttgart-Untertürkheim|Stuttgart-Obertürkheim|Esslingen-Mettingen|Esslingen(Neckar),8004528,Oberesslingen,Baden-Württemberg,Esslingen am Neckar,73730,9.327277435,48.72983585,3,2511160744,,2511160744,,h,1,Bauarbeiten,,,,,,,0.0,0.0
-4585337940204157177-2511160720-8,22013,2511160745,2511160745,3,,S,1,Kirchheim(Teck)|Kirchheim(Teck)-Ötlingen|Wendlingen(Neckar)|Wernau(Neckar)|Plochingen|Altbach|Esslingen-Zell,8004528,Oberesslingen,Baden-Württemberg,Esslingen am Neckar,73730,9.327277435,48.72983585,3,2511160745,,2511160746,,h,1,Bauarbeiten,,,,,,,0.0,1.0
-3038835082820904347-2511160650-11,22008,2511160714,2511160714,4,,S,1,Stuttgart Schwabstr.|Stuttgart Feuersee|Stuttgart Stadtmitte|Stuttgart Hbf (tief)|Stuttgart-Bad Cannstatt|Stuttgart Neckarpark|Stuttgart-Untertürkheim|Stuttgart-Obertürkheim|Esslingen-Mettingen|Esslingen(Neckar),8004528,Oberesslingen,Baden-Württemberg,Esslingen am Neckar,73730,9.327277435,48.72983585,3,2511160714,,2511160715,,h,1,Bauarbeiten,,,,,,,0.0,1.0
9079955891838799546-2511160717-1,28031,,2511160717,,,RE,200,,8000302,Plochingen,Baden-Württemberg,Plochingen,73207,9.411294578,48.71293906,2,,,2511160720,7,h,2,Information,,,,,,,0.0,3.0
3435961797950740209-2511160703-4,63659,2511160726,,,,MEX,,Stuttgart Hbf|Stuttgart-Bad Cannstatt|Esslingen(Neckar),8000302,Plochingen,Baden-Württemberg,Plochingen,73207,9.411294578,48.71293906,2,2511160726,6,,,,,,,,,,,,0.0,0.0
-1132138670766351831-2511160650-5,22011,2511160705,2511160708,,,S,1,Kirchheim(Teck)|Kirchheim(Teck)-Ötlingen|Wendlingen(Neckar)|Wernau(Neckar),8000302,Plochingen,Baden-Württemberg,Plochingen,73207,9.411294578,48.71293906,2,2511160705,9,2511160708,9,h,1,Bauarbeiten,,,,,,,0.0,0.0
-6035406151764555985-2511160633-8,19306,2511160714,2511160717,6,,MEX,18,Tübingen Hbf|Reutlingen Hbf|Metzingen(Württ)|Bempflingen|Nürtingen|Oberboihingen|Wendlingen(Neckar),8000302,Plochingen,Baden-Württemberg,Plochingen,73207,9.411294578,48.71293906,2,2511160715,,2511160721,,,,,,,,,,,1.0,4.0
7784021821560325221-2511160720-14,22010,2511160752,2511160755,9,,S,1,Stuttgart Schwabstr.|Stuttgart Feuersee|Stuttgart Stadtmitte|Stuttgart Hbf (tief)|Stuttgart-Bad Cannstatt|Stuttgart Neckarpark|Stuttgart-Untertürkheim|Stuttgart-Obertürkheim|Esslingen-Mettingen|Esslingen(Neckar)|Oberesslingen|Esslingen-Zell|Altbach,8000302,Plochingen,Baden-Württemberg,Plochingen,73207,9.411294578,48.71293906,2,2511160752,,2511160755,,h,1,Bauarbeiten,,,,,,,0.0,0.0
-318333243297911651-2511160629-4,28030,2511160706,,,,RE,,Ulm Hbf|Merklingen - Schwäbische Alb|Wendlingen(Neckar),8000302,Plochingen,Baden-Württemberg,Plochingen,73207,9.411294578,48.71293906,2,2511160709,7,,,h,2,Information,,,,,,,3.0,0.0
-4585337940204157177-2511160720-5,22013,2511160735,2511160738,,,S,1,Kirchheim(Teck)|Kirchheim(Teck)-Ötlingen|Wendlingen(Neckar)|Wernau(Neckar),8000302,Plochingen,Baden-Württemberg,Plochingen,73207,9.411294578,48.71293906,2,2511160736,9,2511160738,9,h,1,Bauarbeiten,,,,,,,1.0,0.0
7447640299994719946-2511160656-4,19237,2511160713,2511160714,9,,MEX,12,Stuttgart Hbf|Stuttgart-Bad Cannstatt|Esslingen(Neckar),8000302,Plochingen,Baden-Württemberg,Plochingen,73207,9.411294578,48.71293906,2,2511160716,,2511160717,,,,,,,,,,,3.0,3.0
-3554823186709797948-2511160630-12,19211,2511160742,2511160745,9,,MEX,18,Heilbronn Hbf|Nordheim(Württ)|Lauffen(Neckar)|Kirchheim(Neckar)|Walheim(Württ)|Besigheim|Bietigheim-Bissingen|Ludwigsburg|Stuttgart Hbf|Stuttgart-Bad Cannstatt|Esslingen(Neckar),8000302,Plochingen,Baden-Württemberg,Plochingen,73207,9.411294578,48.71293906,2,2511160742,,2511160745,,,,,,,,,,,0.0,0.0
7546006478287310609-2511160735-3,28058,2511160751,,,,RE,,Stuttgart Hbf|Esslingen(Neckar),8000302,Plochingen,Baden-Württemberg,Plochingen,73207,9.411294578,48.71293906,2,2511160751,6,,,h,2,Information,,,,,,,0.0,0.0
-3038835082820904347-2511160650-14,22008,2511160722,2511160725,9,,S,1,Stuttgart Schwabstr.|Stuttgart Feuersee|Stuttgart Stadtmitte|Stuttgart Hbf (tief)|Stuttgart-Bad Cannstatt|Stuttgart Neckarpark|Stuttgart-Untertürkheim|Stuttgart-Obertürkheim|Esslingen-Mettingen|Esslingen(Neckar)|Oberesslingen|Esslingen-Zell|Altbach,8000302,Plochingen,Baden-Württemberg,Plochingen,73207,9.411294578,48.71293906,2,2511160722,,2511160725,,h,1,Bauarbeiten,,,,,,,0.0,0.0
-7380988178208701678-2511160734-1,63658,,2511160734,,,MEX,16,,8000302,Plochingen,Baden-Württemberg,Plochingen,73207,9.411294578,48.71293906,2,,,2511160738,6,,,,,,,,,,0.0,4.0
3957411612578008716-2511160712-15,7608,2511160749,2511160752,3,,S,6,Stuttgart Schwabstr.|Stuttgart Feuersee|Stuttgart Stadtmitte|Stuttgart Hbf (tief)|Stuttgart Nord|Stuttgart-Feuerbach|Stuttgart-Zuffenhausen|Neuwirtshaus(Porscheplatz)|Korntal|Weilimdorf|Ditzingen|Höfingen|Leonberg|Rutesheim,8000313,Renningen,Baden-Württemberg,Renningen,71272,8.932650148,48.77515509,3,2511160749,,2511160753,,,,,,,,,,,0.0,1.0
4433222154122274025-2511160703-3,7611,2511160707,2511160711,2,,S,6,Weil der Stadt|Malmsheim,8000313,Renningen,Baden-Württemberg,Renningen,71272,8.932650148,48.77515509,3,2511160709,,2511160711,,,,,,,,,,,2.0,0.0
-4329481721077865051-2511160739-1,7012,,2511160739,,,S,60,,8000313,Renningen,Baden-Württemberg,Renningen,71272,8.932650148,48.77515509,3,,,2511160740,,,,,,,,,,,0.0,1.0
1171775499323890807-2511160709-1,7010,,2511160709,,,S,60,,8000313,Renningen,Baden-Württemberg,Renningen,71272,8.932650148,48.77515509,3,,,2511160709,,,,,,,,,,,0.0,0.0
3592955462745051107-2511160734-7,7011,2511160750,,2,,S,,Böblingen|Sindelfingen|Maichingen|Maichingen Nord|Magstadt|Renningen Süd,8000313,Renningen,Baden-Württemberg,Renningen,71272,8.932650148,48.77515509,3,2511160752,,,,,,,,,,,,,2.0,0.0
-1347709455583751185-2511160733-3,7613,2511160737,2511160741,2,,S,6,Weil der Stadt|Malmsheim,8000313,Renningen,Baden-Württemberg,Renningen,71272,8.932650148,48.77515509,3,2511160738,,2511160741,,,,,,,,,,,1.0,0.0
3888224273021493436-2511160718-9,7213,2511160736,2511160737,2,,S,2,Schorndorf|Weiler(Rems)|Winterbach(b Schorndorf)|Geradstetten|Grunbach|Beutelsbach|Endersbach|Stetten-Beinstein,8005157,Rommelshausen,Baden-Württemberg,Kernen,71394,9.319175885,48.81552017,4,2511160738,,2511160739,,h,1,Bauarbeiten,,,,,,,2.0,2.0
-6595517868678510983-2511160648-9,7211,2511160706,2511160707,2,,S,2,Schorndorf|Weiler(Rems)|Winterbach(b Schorndorf)|Geradstetten|Grunbach|Beutelsbach|Endersbach|Stetten-Beinstein,8005157,Rommelshausen,Baden-Württemberg,Kernen,71394,9.319175885,48.81552017,4,2511160707,,2511160708,,h,1,Bauarbeiten,,,,,,,1.0,1.0
-5260417069663625653-2511160735-7,7208,2511160752,2511160752,1,,S,2,Stuttgart Hbf|Stuttgart-Bad Cannstatt|Stuttgart Nürnberger Str.|Stuttgart-Sommerrain|Fellbach|Waiblingen,8005157,Rommelshausen,Baden-Württemberg,Kernen,71394,9.319175885,48.81552017,4,2511160752,,2511160752,,h,1,Bauarbeiten,,,,,,,0.0,0.0
3957411612578008716-2511160712-14,7608,2511160746,2511160746,2,,S,6,Stuttgart Schwabstr.|Stuttgart Feuersee|Stuttgart Stadtmitte|Stuttgart Hbf (tief)|Stuttgart Nord|Stuttgart-Feuerbach|Stuttgart-Zuffenhausen|Neuwirtshaus(Porscheplatz)|Korntal|Weilimdorf|Ditzingen|Höfingen|Leonberg,8005236,Rutesheim,Baden-Württemberg,Leonberg,71229,8.960325242,48.79031093,5,2511160747,,2511160747,,,,,,,,,,,1.0,1.0
4433222154122274025-2511160703-4,7611,2511160713,2511160714,1,,S,6,Weil der Stadt|Malmsheim|Renningen,8005236,Rutesheim,Baden-Württemberg,Leonberg,71229,8.960325242,48.79031093,5,2511160714,,2511160714,,,,,,,,,,,1.0,0.0
-1347709455583751185-2511160733-4,7613,2511160743,2511160744,1,,S,6,Weil der Stadt|Malmsheim|Renningen,8005236,Rutesheim,Baden-Württemberg,Leonberg,71229,8.960325242,48.79031093,5,2511160744,,2511160744,,,,,,,,,,,1.0,0.0
-5804237943130712983-2511160748-1,7215,,2511160748,,,S,2,,8005424,Schorndorf,Baden-Württemberg,Schorndorf,73614,9.525686251,48.80693898,3,,,2511160748,,h,1,Bauarbeiten,,,,,,,0.0,0.0
3888224273021493436-2511160718-1,7213,,2511160718,,,S,2,,8005424,Schorndorf,Baden-Württemberg,Schorndorf,73614,9.525686251,48.80693898,3,,,2511160718,,h,1,Bauarbeiten,,,,,,,0.0,0.0
-1590497965188234876-2511160635-9,19410,2511160713,2511160714,3,,MEX,13,Aalen Hbf|Mögglingen(Gmünd)|Böbingen(Rems)|Schwäbisch Gmünd|Lorch(Württ)|Waldhausen(b Schorndorf)|Plüderhausen|Urbach(b Schorndorf),8005424,Schorndorf,Baden-Württemberg,Schorndorf,73614,9.525686251,48.80693898,3,2511160713,,2511160714,,,,,,,,,,,0.0,0.0
-7596434955654923825-2511160635-15,7204,2511160710,,1,,S,,Stuttgart Hbf|Stuttgart-Bad Cannstatt|Stuttgart Nürnberger Str.|Stuttgart-Sommerrain|Fellbach|Waiblingen|Rommelshausen|Stetten-Beinstein|Endersbach|Beutelsbach|Grunbach|Geradstetten|Winterbach(b Schorndorf)|Weiler(Rems),8005424,Schorndorf,Baden-Württemberg,Schorndorf,73614,9.525686251,48.80693898,3,2511160713,,,,h,1,Bauarbeiten,,,,,,,3.0,0.0
-4938448443899110877-2511160720-4,19457,2511160743,2511160744,2,,MEX,13,Stuttgart Hbf|Stuttgart-Bad Cannstatt|Waiblingen,8005424,Schorndorf,Baden-Württemberg,Schorndorf,73614,9.525686251,48.80693898,3,2511160743,,2511160744,,,,,,,,,,,0.0,0.0
1183603668671718907-2511160741-5,7313,2511160752,2511160753,1,,S,3,Backnang|Maubach|Nellmersbach|Winnenden,8005454,Schwaikheim,Baden-Württemberg,Schwaikheim,71409,9.354747358,48.86832665,4,2511160753,,2511160754,,h,1,Bauarbeiten,,,,,,,1.0,1.0
-2915141727268180381-2511160711-5,7311,2511160722,2511160723,1,,S,3,Backnang|Maubach|Nellmersbach|Winnenden,8005454,Schwaikheim,Baden-Württemberg,Schwaikheim,71409,9.354747358,48.86832665,4,2511160723,,2511160724,,h,1,Bauarbeiten,,,,,,,1.0,1.0
9019722792563896744-2511160719-7,7308,2511160736,2511160736,2,,S,3,Stuttgart-Bad Cannstatt|Stuttgart Nürnberger Str.|Stuttgart-Sommerrain|Fellbach|Waiblingen|Neustadt-Hohenacker,8005454,Schwaikheim,Baden-Württemberg,Schwaikheim,71409,9.354747358,48.86832665,4,2511160736,,2511160736,,h,1,Bauarbeiten,,,,,,,0.0,0.0
-4329481721077865051-2511160739-6,7012,2511160752,2511160753,1,,S,60,Renningen|Renningen Süd|Magstadt|Maichingen Nord|Maichingen,8005574,Sindelfingen,Baden-Württemberg,Sindelfingen,71063,8.999262079,48.70387346,6,2511160753,,2511160753,,,,,,,,,,,1.0,0.0
1171775499323890807-2511160709-6,7010,2511160722,2511160723,1,,S,60,Renningen|Renningen Süd|Magstadt|Maichingen Nord|Maichingen,8005574,Sindelfingen,Baden-Württemberg,Sindelfingen,71063,8.999262079,48.70387346,6,2511160723,,2511160723,,,,,,,,,,,1.0,0.0
3592955462745051107-2511160734-2,7011,2511160736,2511160737,1,,S,60,Böblingen,8005574,Sindelfingen,Baden-Württemberg,Sindelfingen,71063,8.999262079,48.70387346,6,2511160737,,2511160738,,,,,,,,,,,1.0,1.0
3888224273021493436-2511160718-8,7213,2511160734,2511160734,2,,S,2,Schorndorf|Weiler(Rems)|Winterbach(b Schorndorf)|Geradstetten|Grunbach|Beutelsbach|Endersbach,8005726,Stetten-Beinstein,Baden-Württemberg,Weinstadt,71384,9.352769725,48.81199601,5,2511160735,,2511160735,,h,1,Bauarbeiten,,,,,,,1.0,1.0
-6595517868678510983-2511160648-8,7211,2511160704,2511160704,2,,S,2,Schorndorf|Weiler(Rems)|Winterbach(b Schorndorf)|Geradstetten|Grunbach|Beutelsbach|Endersbach,8005726,Stetten-Beinstein,Baden-Württemberg,Weinstadt,71384,9.352769725,48.81199601,5,2511160704,,2511160705,,h,1,Bauarbeiten,,,,,,,0.0,1.0
-5260417069663625653-2511160735-8,7208,2511160754,2511160754,1,,S,2,Stuttgart Hbf|Stuttgart-Bad Cannstatt|Stuttgart Nürnberger Str.|Stuttgart-Sommerrain|Fellbach|Waiblingen|Rommelshausen,8005726,Stetten-Beinstein,Baden-Württemberg,Weinstadt,71384,9.352769725,48.81199601,5,2511160754,,2511160754,,h,1,Bauarbeiten,,,,,,,0.0,0.0
-911319629498153735-2511160747-1,19504,,2511160747,,,MEX,17a,,8000096,Stuttgart Hbf,Baden-Württemberg,Stuttgart,70173,9.183172973,48.78473069,1,,,2511160750,,,,,,,,,,,0.0,3.0
3435961797950740209-2511160703-1,63659,,2511160703,,,MEX,16,,8000096,Stuttgart Hbf,Baden-Württemberg,Stuttgart,70173,9.183172973,48.78473069,1,,,2511160704,,,,,,,,,,,0.0,1.0
-8737122798425483295-2511160614-12,17620,2511160746,,2,,RE,,Rottweil|Oberndorf(Neckar)|Sulz(Neckar)|Horb|Eutingen im Gäu|Ergenzingen|Bondorf(b Herrenberg)|Gäufelden|Herrenberg|Böblingen|Stuttgart-Vaihingen,8000096,Stuttgart Hbf,Baden-Württemberg,Stuttgart,70173,9.183172973,48.78473069,1,2511160747,,,,h,2,Bauarbeiten,,,,,,,1.0,0.0
3888224273021493436-2511160718-15,7213,2511160755,,1,,S,,Schorndorf|Weiler(Rems)|Winterbach(b Schorndorf)|Geradstetten|Grunbach|Beutelsbach|Endersbach|Stetten-Beinstein|Rommelshausen|Waiblingen|Fellbach|Stuttgart-Sommerrain|Stuttgart Nürnberger Str.|Stuttgart-Bad Cannstatt,8000096,Stuttgart Hbf,Baden-Württemberg,Stuttgart,70173,9.183172973,48.78473069,1,2511160757,,,,h,1,Bauarbeiten,,,,,,,2.0,0.0
6196150776231145512-2511160736-1,2541,,2511160736,,,IC,,,8000096,Stuttgart Hbf,Baden-Württemberg,Stuttgart,70173,9.183172973,48.78473069,1,,,2511160742,,,,,,,,,,,0.0,6.0
4178793572863103484-2511160526-5,991,2511160708,2511160715,15,,ICE,,Wiesbaden Hbf|Mainz Hbf|Worms Hbf|Mannheim Hbf,8000096,Stuttgart Hbf,Baden-Württemberg,Stuttgart,70173,9.183172973,48.78473069,1,2511160705,,2511160715,,,,,,,,,,,-3.0,0.0
-6035406151764555985-2511160633-11,19306,2511160736,2511160743,8,,MEX,18,Tübingen Hbf|Reutlingen Hbf|Metzingen(Württ)|Bempflingen|Nürtingen|Oberboihingen|Wendlingen(Neckar)|Plochingen|Esslingen(Neckar)|Stuttgart-Bad Cannstatt,8000096,Stuttgart Hbf,Baden-Württemberg,Stuttgart,70173,9.183172973,48.78473069,1,2511160738,,2511160747,,,,,,,,,,,2.0,4.0
7951042695241635765-2511160712-1,963,,2511160712,,,WB,,,8000096,Stuttgart Hbf,Baden-Württemberg,Stuttgart,70173,9.183172973,48.78473069,1,,,2511160712,,,,,,,,,,,0.0,0.0
6648849532750511592-2511160709-1,17695,,2511160709,,,RE,4,,8000096,Stuttgart Hbf,Baden-Württemberg,Stuttgart,70173,9.183172973,48.78473069,1,,,2511160710,,,,,,,,,,,0.0,1.0
-1590497965188234876-2511160635-12,19410,2511160739,,14,,MEX,,Aalen Hbf|Mögglingen(Gmünd)|Böbingen(Rems)|Schwäbisch Gmünd|Lorch(Württ)|Waldhausen(b Schorndorf)|Plüderhausen|Urbach(b Schorndorf)|Schorndorf|Waiblingen|Stuttgart-Bad Cannstatt,8000096,Stuttgart Hbf,Baden-Württemberg,Stuttgart,70173,9.183172973,48.78473069,1,2511160741,,,,,,,,,,,,,2.0,0.0
67517114520381301-2511160532-5,614,2511160745,2511160751,9,,ICE,,München Hbf|München-Pasing|Augsburg Hbf|Ulm Hbf,8000096,Stuttgart Hbf,Baden-Württemberg,Stuttgart,70173,9.183172973,48.78473069,1,2511160736,10,2511160752,10,h,2,Information,,,,,,,-9.0,1.0
-4938448443899110877-2511160720-1,19457,,2511160720,,,MEX,13,,8000096,Stuttgart Hbf,Baden-Württemberg,Stuttgart,70173,9.183172973,48.78473069,1,,,2511160720,11,,,,,,,,,,0.0,0.0
-1618433914809757000-2511160724-1,772,,2511160724,,,ICE,,,8000096,Stuttgart Hbf,Baden-Württemberg,Stuttgart,70173,9.183172973,48.78473069,1,,,2511160724,,h,2,Information,,,,,,,0.0,0.0
1513085013914856695-2511160732-1,19004,,2511160732,,,RE,1,,8000096,Stuttgart Hbf,Baden-Württemberg,Stuttgart,70173,9.183172973,48.78473069,1,,,2511160733,,,,,,,,,,,0.0,1.0
443201353460676242-2511160611-14,19369,2511160712,,7,,MEX,,Pforzheim Hbf|Eutingen(Baden)|Niefern|Enzberg|Mühlacker|Mühlacker Rößlesweg|Illingen(Württ)|Vaihingen(Enz)|Sersheim|Sachsenheim|Ellental|Bietigheim-Bissingen|Ludwigsburg,8000096,Stuttgart Hbf,Baden-Württemberg,Stuttgart,70173,9.183172973,48.78473069,1,2511160712,,,,,,,,,,,,,0.0,0.0
-6595517868678510983-2511160648-15,7211,2511160725,,1,,S,,Schorndorf|Weiler(Rems)|Winterbach(b Schorndorf)|Geradstetten|Grunbach|Beutelsbach|Endersbach|Stetten-Beinstein|Rommelshausen|Waiblingen|Fellbach|Stuttgart-Sommerrain|Stuttgart Nürnberger Str.|Stuttgart-Bad Cannstatt,8000096,Stuttgart Hbf,Baden-Württemberg,Stuttgart,70173,9.183172973,48.78473069,1,2511160726,,,,h,1,Bauarbeiten,,,,,,,1.0,0.0
-2264667008050815380-2511160657-9,21965,2511160743,,6,,RB,,Heilbronn Hbf|Nordheim(Württ)|Lauffen(Neckar)|Kirchheim(Neckar)|Walheim(Württ)|Besigheim|Bietigheim-Bissingen|Ludwigsburg,8000096,Stuttgart Hbf,Baden-Württemberg,Stuttgart,70173,9.183172973,48.78473069,1,2511160746,,,,,,,,,,,,,3.0,0.0
-5260417069663625653-2511160735-1,7208,,2511160735,,,S,2,,8000096,Stuttgart Hbf,Baden-Württemberg,Stuttgart,70173,9.183172973,48.78473069,1,,,2511160735,,h,1,Bauarbeiten,,,,,,,0.0,0.0
8473955909455212375-2511160752-1,19351,,2511160752,,,MEX,12,,8000096,Stuttgart Hbf,Baden-Württemberg,Stuttgart,70173,9.183172973,48.78473069,1,,,2511160752,,,,,,,,,,,0.0,0.0
3773791154994578660-2511160700-3,3268,2511160742,,12,,RE,,Tübingen Hbf|Reutlingen Hbf,8000096,Stuttgart Hbf,Baden-Württemberg,Stuttgart,70173,9.183172973,48.78473069,1,2511160752,,,,,,,,,,,,,10.0,0.0
-3554823186709797948-2511160630-9,19211,2511160715,2511160723,16,,MEX,18,Heilbronn Hbf|Nordheim(Württ)|Lauffen(Neckar)|Kirchheim(Neckar)|Walheim(Württ)|Besigheim|Bietigheim-Bissingen|Ludwigsburg,8000096,Stuttgart Hbf,Baden-Württemberg,Stuttgart,70173,9.183172973,48.78473069,1,2511160715,,2511160723,,,,,,,,,,,0.0,0.0
7546006478287310609-2511160735-1,28058,,2511160735,,,RE,5,,8000096,Stuttgart Hbf,Baden-Württemberg,Stuttgart,70173,9.183172973,48.78473069,1,,,2511160735,,h,2,Information,,,,,,,0.0,0.0
2153068878853710440-2511160703-1,21942,,2511160703,,,RE,8,,8000096,Stuttgart Hbf,Baden-Württemberg,Stuttgart,70173,9.183172973,48.78473069,1,,,2511160707,,,,,,,,,,,0.0,4.0
-7380988178208701678-2511160734-4,63658,2511160750,,13,,MEX,,Plochingen|Esslingen(Neckar)|Stuttgart-Bad Cannstatt,8000096,Stuttgart Hbf,Baden-Württemberg,Stuttgart,70173,9.183172973,48.78473069,1,2511160800,,,,,,,,,,,,,10.0,0.0
-5966078767791701879-2511160757-1,21964,,2511160757,,,RE,8,,8000096,Stuttgart Hbf,Baden-Württemberg,Stuttgart,70173,9.183172973,48.78473069,1,,,2511160757,,,,,,,,,,,0.0,0.0
-9082308221834480313-2511160752-1,17513,,2511160752,,,MEX,90,,8000096,Stuttgart Hbf,Baden-Württemberg,Stuttgart,70173,9.183172973,48.78473069,1,,,2511160752,,h,2,Bauarbeiten,,,,,,,0.0,0.0
-1132138670766351831-2511160650-13,22011,2511160727,2511160727,1,,S,1,Kirchheim(Teck)|Kirchheim(Teck)-Ötlingen|Wendlingen(Neckar)|Wernau(Neckar)|Plochingen|Altbach|Esslingen-Zell|Oberesslingen|Esslingen(Neckar)|Esslingen-Mettingen|Stuttgart-Obertürkheim|Stuttgart-Untertürkheim,8006743,Stuttgart Neckarpark,Baden-Württemberg,Stuttgart,70372,9.24106855,48.79194362,4,2511160727,,2511160727,,h,1,Bauarbeiten,,,,,,,0.0,0.0
7784021821560325221-2511160720-6,22010,2511160732,2511160732,2,,S,1,Stuttgart Schwabstr.|Stuttgart Feuersee|Stuttgart Stadtmitte|Stuttgart Hbf (tief)|Stuttgart-Bad Cannstatt,8006743,Stuttgart Neckarpark,Baden-Württemberg,Stuttgart,70372,9.24106855,48.79194362,4,2511160732,,2511160732,,h,1,Bauarbeiten,,,,,,,0.0,0.0
-4585337940204157177-2511160720-13,22013,2511160757,2511160757,1,,S,1,Kirchheim(Teck)|Kirchheim(Teck)-Ötlingen|Wendlingen(Neckar)|Wernau(Neckar)|Plochingen|Altbach|Esslingen-Zell|Oberesslingen|Esslingen(Neckar)|Esslingen-Mettingen|Stuttgart-Obertürkheim|Stuttgart-Untertürkheim,8006743,Stuttgart Neckarpark,Baden-Württemberg,Stuttgart,70372,9.24106855,48.79194362,4,2511160758,,2511160758,,h,1,Bauarbeiten,,,,,,,1.0,1.0
-3038835082820904347-2511160650-6,22008,2511160702,2511160702,2,,S,1,Stuttgart Schwabstr.|Stuttgart Feuersee|Stuttgart Stadtmitte|Stuttgart Hbf (tief)|Stuttgart-Bad Cannstatt,8006743,Stuttgart Neckarpark,Baden-Württemberg,Stuttgart,70372,9.24106855,48.79194362,4,2511160702,,2511160703,,h,1,Bauarbeiten,,,,,,,0.0,1.0
3957411612578008716-2511160712-5,7608,2511160721,2511160721,3,,S,6,Stuttgart Schwabstr.|Stuttgart Feuersee|Stuttgart Stadtmitte|Stuttgart Hbf (tief),8005767,Stuttgart Nord,Baden-Württemberg,Stuttgard-Nord,70174,9.188061449,48.80374161,5,2511160721,,2511160722,,,,,,,,,,,0.0,1.0
4433222154122274025-2511160703-13,7611,2511160738,2511160739,4,,S,6,Weil der Stadt|Malmsheim|Renningen|Rutesheim|Leonberg|Höfingen|Ditzingen|Weilimdorf|Korntal|Neuwirtshaus(Porscheplatz)|Stuttgart-Zuffenhausen|Stuttgart-Feuerbach,8005767,Stuttgart Nord,Baden-Württemberg,Stuttgard-Nord,70174,9.188061449,48.80374161,5,2511160739,,2511160739,,,,,,,,,,,1.0,0.0
-2096809252009887696-2511160702-5,7406,2511160711,2511160711,3,,S,4,Stuttgart Schwabstr.|Stuttgart Feuersee|Stuttgart Stadtmitte|Stuttgart Hbf (tief),8005767,Stuttgart Nord,Baden-Württemberg,Stuttgard-Nord,70174,9.188061449,48.80374161,5,2511160712,,2511160712,,h,1,Bauarbeiten,,,,,,,1.0,1.0
-5856161558368495320-2511160737-8,7513,2511160758,2511160759,4,,S,5,Bietigheim-Bissingen|Tamm(Württ)|Asperg|Ludwigsburg|Kornwestheim Pbf|Stuttgart-Zuffenhausen|Stuttgart-Feuerbach,8005767,Stuttgart Nord,Baden-Württemberg,Stuttgard-Nord,70174,9.188061449,48.80374161,5,2511160759,,2511160759,,h,1,Bauarbeiten,,,,,,,1.0,0.0
-2856928912084347734-2511160722-5,7510,2511160731,2511160731,3,,S,5,Stuttgart Schwabstr.|Stuttgart Feuersee|Stuttgart Stadtmitte|Stuttgart Hbf (tief),8005767,Stuttgart Nord,Baden-Württemberg,Stuttgard-Nord,70174,9.188061449,48.80374161,5,2511160732,,2511160732,,h,1,Bauarbeiten,,,,,,,1.0,1.0
1174251127419777403-2511160703-13,7411,2511160748,2511160749,4,,S,4,Backnang|Burgstall(Murr)|Kirchberg(Murr)|Erdmannhausen|Marbach(Neckar)|Benningen(Neckar)|Freiberg(Neckar)|Favoritepark|Ludwigsburg|Kornwestheim Pbf|Stuttgart-Zuffenhausen|Stuttgart-Feuerbach,8005767,Stuttgart Nord,Baden-Württemberg,Stuttgard-Nord,70174,9.188061449,48.80374161,5,2511160750,,2511160751,,h,1,Bauarbeiten,,,,,,,2.0,2.0
7155033421118958991-2511160707-8,7511,2511160728,2511160729,4,,S,5,Bietigheim-Bissingen|Tamm(Württ)|Asperg|Ludwigsburg|Kornwestheim Pbf|Stuttgart-Zuffenhausen|Stuttgart-Feuerbach,8005767,Stuttgart Nord,Baden-Württemberg,Stuttgard-Nord,70174,9.188061449,48.80374161,5,2511160730,,2511160730,,h,1,Bauarbeiten,,,,,,,2.0,1.0
3888224273021493436-2511160718-13,7213,2511160747,2511160748,1,,S,2,Schorndorf|Weiler(Rems)|Winterbach(b Schorndorf)|Geradstetten|Grunbach|Beutelsbach|Endersbach|Stetten-Beinstein|Rommelshausen|Waiblingen|Fellbach|Stuttgart-Sommerrain,8004357,Stuttgart Nürnberger Straße,Baden-Württemberg,Stuttgart,70374,9.234576905,48.80656062,5,2511160748,,2511160749,,h,1,Bauarbeiten,,,,,,,1.0,1.0
-2915141727268180381-2511160711-10,7311,2511160737,2511160738,1,,S,3,Backnang|Maubach|Nellmersbach|Winnenden|Schwaikheim|Neustadt-Hohenacker|Waiblingen|Fellbach|Stuttgart-Sommerrain,8004357,Stuttgart Nürnberger Straße,Baden-Württemberg,Stuttgart,70374,9.234576905,48.80656062,5,2511160738,,2511160739,,h,1,Bauarbeiten,,,,,,,1.0,1.0
-6595517868678510983-2511160648-13,7211,2511160717,2511160718,1,,S,2,Schorndorf|Weiler(Rems)|Winterbach(b Schorndorf)|Geradstetten|Grunbach|Beutelsbach|Endersbach|Stetten-Beinstein|Rommelshausen|Waiblingen|Fellbach|Stuttgart-Sommerrain,8004357,Stuttgart Nürnberger Straße,Baden-Württemberg,Stuttgart,70374,9.234576905,48.80656062,5,2511160718,,2511160719,,h,1,Bauarbeiten,,,,,,,1.0,1.0
-5260417069663625653-2511160735-3,7208,2511160742,2511160742,4,,S,2,Stuttgart Hbf|Stuttgart-Bad Cannstatt,8004357,Stuttgart Nürnberger Straße,Baden-Württemberg,Stuttgart,70374,9.234576905,48.80656062,5,2511160742,,2511160743,,h,1,Bauarbeiten,,,,,,,0.0,1.0
5378560859801041236-2511160749-2,7310,2511160752,2511160752,4,,S,3,Stuttgart-Bad Cannstatt,8004357,Stuttgart Nürnberger Straße,Baden-Württemberg,Stuttgart,70374,9.234576905,48.80656062,5,2511160753,,2511160753,,h,1,Bauarbeiten,,,,,,,1.0,1.0
9019722792563896744-2511160719-2,7308,2511160722,2511160722,4,,S,3,Stuttgart-Bad Cannstatt,8004357,Stuttgart Nürnberger Straße,Baden-Württemberg,Stuttgart,70374,9.234576905,48.80656062,5,2511160722,,2511160722,,h,1,Bauarbeiten,,,,,,,0.0,0.0
3435961797950740209-2511160703-2,63659,2511160706,2511160707,8,,MEX,16,Stuttgart Hbf,8005769,Stuttgart-Bad Cannstatt,Baden-Württemberg,Stuttgart,70372,9.217468636,48.80127978,3,2511160707,,2511160708,,,,,,,,,,,1.0,1.0
3888224273021493436-2511160718-14,7213,2511160750,2511160751,1,,S,2,Schorndorf|Weiler(Rems)|Winterbach(b Schorndorf)|Geradstetten|Grunbach|Beutelsbach|Endersbach|Stetten-Beinstein|Rommelshausen|Waiblingen|Fellbach|Stuttgart-Sommerrain|Stuttgart Nürnberger Str.,8005769,Stuttgart-Bad Cannstatt,Baden-Württemberg,Stuttgart,70372,9.217468636,48.80127978,3,2511160752,,2511160753,,h,1,Bauarbeiten,,,,,,,2.0,2.0
-1132138670766351831-2511160650-14,22011,2511160730,2511160731,1,,S,1,Kirchheim(Teck)|Kirchheim(Teck)-Ötlingen|Wendlingen(Neckar)|Wernau(Neckar)|Plochingen|Altbach|Esslingen-Zell|Oberesslingen|Esslingen(Neckar)|Esslingen-Mettingen|Stuttgart-Obertürkheim|Stuttgart-Untertürkheim|Stuttgart Neckarpark,8005769,Stuttgart-Bad Cannstatt,Baden-Württemberg,Stuttgart,70372,9.217468636,48.80127978,3,2511160730,,2511160731,,h,1,Bauarbeiten,,,,,,,0.0,0.0
-6035406151764555985-2511160633-10,19306,2511160731,2511160732,5,,MEX,18,Tübingen Hbf|Reutlingen Hbf|Metzingen(Württ)|Bempflingen|Nürtingen|Oberboihingen|Wendlingen(Neckar)|Plochingen|Esslingen(Neckar),8005769,Stuttgart-Bad Cannstatt,Baden-Württemberg,Stuttgart,70372,9.217468636,48.80127978,3,2511160734,,2511160735,,,,,,,,,,,3.0,3.0
-1590497965188234876-2511160635-11,19410,2511160734,2511160735,6,,MEX,13,Aalen Hbf|Mögglingen(Gmünd)|Böbingen(Rems)|Schwäbisch Gmünd|Lorch(Württ)|Waldhausen(b Schorndorf)|Plüderhausen|Urbach(b Schorndorf)|Schorndorf|Waiblingen,8005769,Stuttgart-Bad Cannstatt,Baden-Württemberg,Stuttgart,70372,9.217468636,48.80127978,3,2511160735,,2511160737,,,,,,,,,,,1.0,2.0
-2915141727268180381-2511160711-11,7311,2511160740,,2,,S,,Backnang|Maubach|Nellmersbach|Winnenden|Schwaikheim|Neustadt-Hohenacker|Waiblingen|Fellbach|Stuttgart-Sommerrain|Stuttgart Nürnberger Str.,8005769,Stuttgart-Bad Cannstatt,Baden-Württemberg,Stuttgart,70372,9.217468636,48.80127978,3,2511160742,,,,h,1,Bauarbeiten,,,,,,,2.0,0.0
7784021821560325221-2511160720-5,22010,2511160729,2511160729,3,,S,1,Stuttgart Schwabstr.|Stuttgart Feuersee|Stuttgart Stadtmitte|Stuttgart Hbf (tief),8005769,Stuttgart-Bad Cannstatt,Baden-Württemberg,Stuttgart,70372,9.217468636,48.80127978,3,2511160729,,2511160729,,h,1,Bauarbeiten,,,,,,,0.0,0.0
-4938448443899110877-2511160720-2,19457,2511160724,2511160725,7,,MEX,13,Stuttgart Hbf,8005769,Stuttgart-Bad Cannstatt,Baden-Württemberg,Stuttgart,70372,9.217468636,48.80127978,3,2511160724,,2511160725,,,,,,,,,,,0.0,0.0
7447640299994719946-2511160656-2,19237,2511160659,2511160700,8,,MEX,12,Stuttgart Hbf,8005769,Stuttgart-Bad Cannstatt,Baden-Württemberg,Stuttgart,70372,9.217468636,48.80127978,3,2511160700,,2511160701,,,,,,,,,,,1.0,1.0
-6595517868678510983-2511160648-14,7211,2511160720,2511160721,1,,S,2,Schorndorf|Weiler(Rems)|Winterbach(b Schorndorf)|Geradstetten|Grunbach|Beutelsbach|Endersbach|Stetten-Beinstein|Rommelshausen|Waiblingen|Fellbach|Stuttgart-Sommerrain|Stuttgart Nürnberger Str.,8005769,Stuttgart-Bad Cannstatt,Baden-Württemberg,Stuttgart,70372,9.217468636,48.80127978,3,2511160722,,2511160722,,h,1,Bauarbeiten,,,,,,,2.0,1.0
-5260417069663625653-2511160735-2,7208,2511160739,2511160739,3,,S,2,Stuttgart Hbf,8005769,Stuttgart-Bad Cannstatt,Baden-Württemberg,Stuttgart,70372,9.217468636,48.80127978,3,2511160739,,2511160740,,h,1,Bauarbeiten,,,,,,,0.0,1.0
8473955909455212375-2511160752-2,19351,2511160755,2511160756,8,,MEX,12,Stuttgart Hbf,8005769,Stuttgart-Bad Cannstatt,Baden-Württemberg,Stuttgart,70372,9.217468636,48.80127978,3,2511160755,,2511160756,,,,,,,,,,,0.0,0.0
-1954317019764357398-2511160635-13,26782,2511160759,2511160800,6,,RE,90,Crailsheim|Eckartshausen-Ilshofen|Schwäbisch Hall-Hessental|Gaildorf West|Fichtenberg|Fornsbach|Murrhardt|Sulzbach(Murr)|Oppenweiler(Württ)|Backnang|Winnenden|Waiblingen,8005769,Stuttgart-Bad Cannstatt,Baden-Württemberg,Stuttgart,70372,9.217468636,48.80127978,3,2511160759,,2511160800,,,,,,,,,,,0.0,0.0
-3554823186709797948-2511160630-10,19211,2511160727,2511160727,8,,MEX,18,Heilbronn Hbf|Nordheim(Württ)|Lauffen(Neckar)|Kirchheim(Neckar)|Walheim(Württ)|Besigheim|Bietigheim-Bissingen|Ludwigsburg|Stuttgart Hbf,8005769,Stuttgart-Bad Cannstatt,Baden-Württemberg,Stuttgart,70372,9.217468636,48.80127978,3,2511160727,,2511160727,,,,,,,,,,,0.0,0.0
-7380988178208701678-2511160734-3,63658,2511160746,2511160747,5,,MEX,16,Plochingen|Esslingen(Neckar),8005769,Stuttgart-Bad Cannstatt,Baden-Württemberg,Stuttgart,70372,9.217468636,48.80127978,3,2511160756,,2511160757,,,,,,,,,,,10.0,10.0
-1788283687130210169-2511160750-5,22012,2511160759,2511160759,3,,S,1,Stuttgart Schwabstr.|Stuttgart Feuersee|Stuttgart Stadtmitte|Stuttgart Hbf (tief),8005769,Stuttgart-Bad Cannstatt,Baden-Württemberg,Stuttgart,70372,9.217468636,48.80127978,3,2511160800,,2511160801,,h,1,Bauarbeiten,,,,,,,1.0,2.0
5378560859801041236-2511160749-1,7310,,2511160749,,,S,3,,8005769,Stuttgart-Bad Cannstatt,Baden-Württemberg,Stuttgart,70372,9.217468636,48.80127978,3,,,2511160751,,h,1,Bauarbeiten,,,,,,,0.0,2.0
-9082308221834480313-2511160752-2,17513,2511160757,2511160758,4,,MEX,90,Stuttgart Hbf,8005769,Stuttgart-Bad Cannstatt,Baden-Württemberg,Stuttgart,70372,9.217468636,48.80127978,3,2511160758,,2511160758,,h,2,Bauarbeiten,,,,,,,1.0,0.0
3054573649136033089-2511160620-14,22009,2511160700,2511160701,1,,S,1,Kirchheim(Teck)|Kirchheim(Teck)-Ötlingen|Wendlingen(Neckar)|Wernau(Neckar)|Plochingen|Altbach|Esslingen-Zell|Oberesslingen|Esslingen(Neckar)|Esslingen-Mettingen|Stuttgart-Obertürkheim|Stuttgart-Untertürkheim|Stuttgart Neckarpark,8005769,Stuttgart-Bad Cannstatt,Baden-Württemberg,Stuttgart,70372,9.217468636,48.80127978,3,2511160700,,2511160701,,h,1,Bauarbeiten,,,,,,,0.0,0.0
9019722792563896744-2511160719-1,7308,,2511160719,,,S,3,,8005769,Stuttgart-Bad Cannstatt,Baden-Württemberg,Stuttgart,70372,9.217468636,48.80127978,3,,,2511160719,,h,1,Bauarbeiten,,,,,,,0.0,0.0
3957411612578008716-2511160712-6,7608,2511160723,2511160724,2,,S,6,Stuttgart Schwabstr.|Stuttgart Feuersee|Stuttgart Stadtmitte|Stuttgart Hbf (tief)|Stuttgart Nord,8005770,Stuttgart-Feuerbach,Baden-Württemberg,Feuerbach,70469,9.169186287,48.81363554,3,2511160724,,2511160724,,,,,,,,,,,1.0,0.0
4433222154122274025-2511160703-12,7611,2511160736,2511160736,1,,S,6,Weil der Stadt|Malmsheim|Renningen|Rutesheim|Leonberg|Höfingen|Ditzingen|Weilimdorf|Korntal|Neuwirtshaus(Porscheplatz)|Stuttgart-Zuffenhausen,8005770,Stuttgart-Feuerbach,Baden-Württemberg,Feuerbach,70469,9.169186287,48.81363554,3,2511160737,,2511160736,,,,,,,,,,,1.0,0.0
-2096809252009887696-2511160702-6,7406,2511160713,2511160714,2,,S,4,Stuttgart Schwabstr.|Stuttgart Feuersee|Stuttgart Stadtmitte|Stuttgart Hbf (tief)|Stuttgart Nord,8005770,Stuttgart-Feuerbach,Baden-Württemberg,Feuerbach,70469,9.169186287,48.81363554,3,2511160714,,2511160714,,h,1,Bauarbeiten,,,,,,,1.0,0.0
-5856161558368495320-2511160737-7,7513,2511160756,2511160756,1,,S,5,Bietigheim-Bissingen|Tamm(Württ)|Asperg|Ludwigsburg|Kornwestheim Pbf|Stuttgart-Zuffenhausen,8005770,Stuttgart-Feuerbach,Baden-Württemberg,Feuerbach,70469,9.169186287,48.81363554,3,2511160757,,2511160756,,h,1,Bauarbeiten,,,,,,,1.0,0.0
-2856928912084347734-2511160722-6,7510,2511160733,2511160734,2,,S,5,Stuttgart Schwabstr.|Stuttgart Feuersee|Stuttgart Stadtmitte|Stuttgart Hbf (tief)|Stuttgart Nord,8005770,Stuttgart-Feuerbach,Baden-Württemberg,Feuerbach,70469,9.169186287,48.81363554,3,2511160734,,2511160734,,h,1,Bauarbeiten,,,,,,,1.0,0.0
1174251127419777403-2511160703-12,7411,2511160746,2511160746,1,,S,4,Backnang|Burgstall(Murr)|Kirchberg(Murr)|Erdmannhausen|Marbach(Neckar)|Benningen(Neckar)|Freiberg(Neckar)|Favoritepark|Ludwigsburg|Kornwestheim Pbf|Stuttgart-Zuffenhausen,8005770,Stuttgart-Feuerbach,Baden-Württemberg,Feuerbach,70469,9.169186287,48.81363554,3,2511160748,,2511160748,,h,1,Bauarbeiten,,,,,,,2.0,2.0
7155033421118958991-2511160707-7,7511,2511160726,2511160726,1,,S,5,Bietigheim-Bissingen|Tamm(Württ)|Asperg|Ludwigsburg|Kornwestheim Pbf|Stuttgart-Zuffenhausen,8005770,Stuttgart-Feuerbach,Baden-Württemberg,Feuerbach,70469,9.169186287,48.81363554,3,2511160727,,2511160727,,h,1,Bauarbeiten,,,,,,,1.0,1.0
3957411612578008716-2511160712-2,7608,2511160714,2511160714,2,,S,6,Stuttgart Schwabstr.,8006699,Stuttgart Feuersee,Baden-Württemberg,Stuttgart,70176,9.165850846,48.7726173,3,2511160714,,2511160714,,,,,,,,,,,0.0,0.0
4433222154122274025-2511160703-16,7611,2511160746,2511160746,1,,S,6,Weil der Stadt|Malmsheim|Renningen|Rutesheim|Leonberg|Höfingen|Ditzingen|Weilimdorf|Korntal|Neuwirtshaus(Porscheplatz)|Stuttgart-Zuffenhausen|Stuttgart-Feuerbach|Stuttgart Nord|Stuttgart Hbf (tief)|Stuttgart Stadtmitte,8006699,Stuttgart Feuersee,Baden-Württemberg,Stuttgart,70176,9.165850846,48.7726173,3,2511160746,,2511160746,,,,,,,,,,,0.0,0.0
-1132138670766351831-2511160650-17,22011,2511160738,2511160739,1,,S,1,Kirchheim(Teck)|Kirchheim(Teck)-Ötlingen|Wendlingen(Neckar)|Wernau(Neckar)|Plochingen|Altbach|Esslingen-Zell|Oberesslingen|Esslingen(Neckar)|Esslingen-Mettingen|Stuttgart-Obertürkheim|Stuttgart-Untertürkheim|Stuttgart Neckarpark|Stuttgart-Bad Cannstatt|Stuttgart Hbf (tief)|Stuttgart Stadtmitte,8006699,Stuttgart Feuersee,Baden-Württemberg,Stuttgart,70176,9.165850846,48.7726173,3,2511160739,,2511160739,,h,1,Bauarbeiten,,,,,,,1.0,0.0
-2096809252009887696-2511160702-2,7406,2511160704,2511160704,2,,S,4,Stuttgart Schwabstr.,8006699,Stuttgart Feuersee,Baden-Württemberg,Stuttgart,70176,9.165850846,48.7726173,3,2511160704,,2511160704,,h,1,Bauarbeiten,,,,,,,0.0,0.0
7784021821560325221-2511160720-2,22010,2511160721,2511160722,2,,S,1,Stuttgart Schwabstr.,8006699,Stuttgart Feuersee,Baden-Württemberg,Stuttgart,70176,9.165850846,48.7726173,3,2511160721,,2511160722,,h,1,Bauarbeiten,,,,,,,0.0,0.0
-2856928912084347734-2511160722-2,7510,2511160724,2511160724,2,,S,5,Stuttgart Schwabstr.,8006699,Stuttgart Feuersee,Baden-Württemberg,Stuttgart,70176,9.165850846,48.7726173,3,2511160724,,2511160724,,h,1,Bauarbeiten,,,,,,,0.0,0.0
-4089337278431447837-2511160752-2,7512,2511160754,2511160754,2,,S,5,Stuttgart Schwabstr.,8006699,Stuttgart Feuersee,Baden-Württemberg,Stuttgart,70176,9.165850846,48.7726173,3,2511160754,,2511160754,,h,1,Bauarbeiten,,,,,,,0.0,0.0
1174251127419777403-2511160703-16,7411,2511160756,2511160756,1,,S,4,Backnang|Burgstall(Murr)|Kirchberg(Murr)|Erdmannhausen|Marbach(Neckar)|Benningen(Neckar)|Freiberg(Neckar)|Favoritepark|Ludwigsburg|Kornwestheim Pbf|Stuttgart-Zuffenhausen|Stuttgart-Feuerbach|Stuttgart Nord|Stuttgart Hbf (tief)|Stuttgart Stadtmitte,8006699,Stuttgart Feuersee,Baden-Württemberg,Stuttgart,70176,9.165850846,48.7726173,3,2511160758,,2511160758,,h,1,Bauarbeiten,,,,,,,2.0,2.0
7155033421118958991-2511160707-11,7511,2511160741,2511160741,1,,S,5,Bietigheim-Bissingen|Tamm(Württ)|Asperg|Ludwigsburg|Kornwestheim Pbf|Stuttgart-Zuffenhausen|Stuttgart-Feuerbach|Stuttgart Nord|Stuttgart Hbf (tief)|Stuttgart Stadtmitte,8006699,Stuttgart Feuersee,Baden-Württemberg,Stuttgart,70176,9.165850846,48.7726173,3,2511160738,,2511160738,,h,1,Bauarbeiten,,,,,,,-3.0,-3.0
-1788283687130210169-2511160750-2,22012,2511160751,2511160752,2,,S,1,Stuttgart Schwabstr.,8006699,Stuttgart Feuersee,Baden-Württemberg,Stuttgart,70176,9.165850846,48.7726173,3,2511160751,,2511160752,,h,1,Bauarbeiten,,,,,,,0.0,0.0
3054573649136033089-2511160620-17,22009,2511160708,2511160709,1,,S,1,Kirchheim(Teck)|Kirchheim(Teck)-Ötlingen|Wendlingen(Neckar)|Wernau(Neckar)|Plochingen|Altbach|Esslingen-Zell|Oberesslingen|Esslingen(Neckar)|Esslingen-Mettingen|Stuttgart-Obertürkheim|Stuttgart-Untertürkheim|Stuttgart Neckarpark|Stuttgart-Bad Cannstatt|Stuttgart Hbf (tief)|Stuttgart Stadtmitte,8006699,Stuttgart Feuersee,Baden-Württemberg,Stuttgart,70176,9.165850846,48.7726173,3,2511160708,,2511160709,,h,1,Bauarbeiten,,,,,,,0.0,0.0
-1132138670766351831-2511160650-11,22011,2511160722,2511160722,5,,S,1,Kirchheim(Teck)|Kirchheim(Teck)-Ötlingen|Wendlingen(Neckar)|Wernau(Neckar)|Plochingen|Altbach|Esslingen-Zell|Oberesslingen|Esslingen(Neckar)|Esslingen-Mettingen,8005772,Stuttgart-Obertürkheim,Baden-Württemberg,Stuttgart,70329,9.268167932,48.76175015,4,2511160722,,2511160722,,h,1,Bauarbeiten,,,,,,,0.0,0.0
7784021821560325221-2511160720-8,22010,2511160737,2511160737,6,,S,1,Stuttgart Schwabstr.|Stuttgart Feuersee|Stuttgart Stadtmitte|Stuttgart Hbf (tief)|Stuttgart-Bad Cannstatt|Stuttgart Neckarpark|Stuttgart-Untertürkheim,8005772,Stuttgart-Obertürkheim,Baden-Württemberg,Stuttgart,70329,9.268167932,48.76175015,4,2511160737,,2511160737,,h,1,Bauarbeiten,,,,,,,0.0,0.0
-4585337940204157177-2511160720-11,22013,2511160752,2511160752,5,,S,1,Kirchheim(Teck)|Kirchheim(Teck)-Ötlingen|Wendlingen(Neckar)|Wernau(Neckar)|Plochingen|Altbach|Esslingen-Zell|Oberesslingen|Esslingen(Neckar)|Esslingen-Mettingen,8005772,Stuttgart-Obertürkheim,Baden-Württemberg,Stuttgart,70329,9.268167932,48.76175015,4,2511160753,,2511160753,,h,1,Bauarbeiten,,,,,,,1.0,1.0
-3038835082820904347-2511160650-8,22008,2511160707,2511160707,6,,S,1,Stuttgart Schwabstr.|Stuttgart Feuersee|Stuttgart Stadtmitte|Stuttgart Hbf (tief)|Stuttgart-Bad Cannstatt|Stuttgart Neckarpark|Stuttgart-Untertürkheim,8005772,Stuttgart-Obertürkheim,Baden-Württemberg,Stuttgart,70329,9.268167932,48.76175015,4,2511160707,,2511160707,,h,1,Bauarbeiten,,,,,,,0.0,0.0
4435692740161152840-2511160750-2,7111,2511160751,2511160752,2,,S,1,Stuttgart-Vaihingen,8005773,Stuttgart-Rohr,Baden-Württemberg,Stuttgart,70565,9.108158025,48.71799427,4,2511160751,,2511160752,,h,1,Bauarbeiten,,,,,,,0.0,0.0
-8108385215609287130-2511160646-8,7110,2511160707,2511160708,3,,S,1,Herrenberg|Nufringen|Gärtringen|Ehningen(b Böblingen)|Hulb|Böblingen|Goldberg(Württ),8005773,Stuttgart-Rohr,Baden-Württemberg,Stuttgart,70565,9.108158025,48.71799427,4,2511160709,,2511160709,,h,1,Bauarbeiten,,,,,,,2.0,1.0
-2643490442022964578-2511160716-8,7112,2511160737,2511160738,3,,S,1,Herrenberg|Nufringen|Gärtringen|Ehningen(b Böblingen)|Hulb|Böblingen|Goldberg(Württ),8005773,Stuttgart-Rohr,Baden-Württemberg,Stuttgart,70565,9.108158025,48.71799427,4,2511160738,,2511160738,,h,1,Bauarbeiten,,,,,,,1.0,0.0
4337738354335824801-2511160720-2,7109,2511160721,2511160722,2,,S,1,Stuttgart-Vaihingen,8005773,Stuttgart-Rohr,Baden-Württemberg,Stuttgart,70565,9.108158025,48.71799427,4,2511160721,,2511160722,,h,1,Bauarbeiten,,,,,,,0.0,0.0
3957411612578008716-2511160712-1,7608,,2511160712,,,S,6,,8006698,Stuttgart Schwabstraße,Baden-Württemberg,Stuttgart,70197,9.156496717,48.77013954,3,,,2511160712,,,,,,,,,,,0.0,0.0
4433222154122274025-2511160703-17,7611,2511160748,,1,,S,,Weil der Stadt|Malmsheim|Renningen|Rutesheim|Leonberg|Höfingen|Ditzingen|Weilimdorf|Korntal|Neuwirtshaus(Porscheplatz)|Stuttgart-Zuffenhausen|Stuttgart-Feuerbach|Stuttgart Nord|Stuttgart Hbf (tief)|Stuttgart Stadtmitte|Stuttgart Feuersee,8006698,Stuttgart Schwabstraße,Baden-Württemberg,Stuttgart,70197,9.156496717,48.77013954,3,2511160748,,,,,,,,,,,,,0.0,0.0
-1132138670766351831-2511160650-18,22011,2511160740,,1,,S,,Kirchheim(Teck)|Kirchheim(Teck)-Ötlingen|Wendlingen(Neckar)|Wernau(Neckar)|Plochingen|Altbach|Esslingen-Zell|Oberesslingen|Esslingen(Neckar)|Esslingen-Mettingen|Stuttgart-Obertürkheim|Stuttgart-Untertürkheim|Stuttgart Neckarpark|Stuttgart-Bad Cannstatt|Stuttgart Hbf (tief)|Stuttgart Stadtmitte|Stuttgart Feuersee,8006698,Stuttgart Schwabstraße,Baden-Württemberg,Stuttgart,70197,9.156496717,48.77013954,3,2511160741,,,,h,1,Bauarbeiten,,,,,,,1.0,0.0
-2096809252009887696-2511160702-1,7406,,2511160702,,,S,4,,8006698,Stuttgart Schwabstraße,Baden-Württemberg,Stuttgart,70197,9.156496717,48.77013954,3,,,2511160702,,h,1,Bauarbeiten,,,,,,,0.0,0.0
7784021821560325221-2511160720-1,22010,,2511160720,,,S,1,,8006698,Stuttgart Schwabstraße,Baden-Württemberg,Stuttgart,70197,9.156496717,48.77013954,3,,,2511160720,,h,1,Bauarbeiten,,,,,,,0.0,0.0
-2856928912084347734-2511160722-1,7510,,2511160722,,,S,5,,8006698,Stuttgart Schwabstraße,Baden-Württemberg,Stuttgart,70197,9.156496717,48.77013954,3,,,2511160722,,h,1,Bauarbeiten,,,,,,,0.0,0.0
-4089337278431447837-2511160752-1,7512,,2511160752,,,S,5,,8006698,Stuttgart Schwabstraße,Baden-Württemberg,Stuttgart,70197,9.156496717,48.77013954,3,,,2511160752,,h,1,Bauarbeiten,,,,,,,0.0,0.0
1174251127419777403-2511160703-17,7411,2511160758,,1,,S,,Backnang|Burgstall(Murr)|Kirchberg(Murr)|Erdmannhausen|Marbach(Neckar)|Benningen(Neckar)|Freiberg(Neckar)|Favoritepark|Ludwigsburg|Kornwestheim Pbf|Stuttgart-Zuffenhausen|Stuttgart-Feuerbach|Stuttgart Nord|Stuttgart Hbf (tief)|Stuttgart Stadtmitte|Stuttgart Feuersee,8006698,Stuttgart Schwabstraße,Baden-Württemberg,Stuttgart,70197,9.156496717,48.77013954,3,2511160759,,,,h,1,Bauarbeiten,,,,,,,1.0,0.0
7155033421118958991-2511160707-12,7511,2511160743,,1,,S,,Bietigheim-Bissingen|Tamm(Württ)|Asperg|Ludwigsburg|Kornwestheim Pbf|Stuttgart-Zuffenhausen|Stuttgart-Feuerbach|Stuttgart Nord|Stuttgart Hbf (tief)|Stuttgart Stadtmitte|Stuttgart Feuersee,8006698,Stuttgart Schwabstraße,Baden-Württemberg,Stuttgart,70197,9.156496717,48.77013954,3,2511160739,,,,h,1,Bauarbeiten,,,,,,,-4.0,0.0
-1788283687130210169-2511160750-1,22012,,2511160750,,,S,1,,8006698,Stuttgart Schwabstraße,Baden-Württemberg,Stuttgart,70197,9.156496717,48.77013954,3,,,2511160750,,h,1,Bauarbeiten,,,,,,,0.0,0.0
3054573649136033089-2511160620-18,22009,2511160710,,1,,S,,Kirchheim(Teck)|Kirchheim(Teck)-Ötlingen|Wendlingen(Neckar)|Wernau(Neckar)|Plochingen|Altbach|Esslingen-Zell|Oberesslingen|Esslingen(Neckar)|Esslingen-Mettingen|Stuttgart-Obertürkheim|Stuttgart-Untertürkheim|Stuttgart Neckarpark|Stuttgart-Bad Cannstatt|Stuttgart Hbf (tief)|Stuttgart Stadtmitte|Stuttgart Feuersee,8006698,Stuttgart Schwabstraße,Baden-Württemberg,Stuttgart,70197,9.156496717,48.77013954,3,2511160710,,,,h,1,Bauarbeiten,,,,,,,0.0,0.0
3888224273021493436-2511160718-12,7213,2511160745,2511160745,1,,S,2,Schorndorf|Weiler(Rems)|Winterbach(b Schorndorf)|Geradstetten|Grunbach|Beutelsbach|Endersbach|Stetten-Beinstein|Rommelshausen|Waiblingen|Fellbach,8005774,Stuttgart-Sommerrain,Baden-Württemberg,Stuttgart,70374,9.248369749,48.81521824,5,2511160746,,2511160746,,h,1,Bauarbeiten,,,,,,,1.0,1.0
-2915141727268180381-2511160711-9,7311,2511160735,2511160735,1,,S,3,Backnang|Maubach|Nellmersbach|Winnenden|Schwaikheim|Neustadt-Hohenacker|Waiblingen|Fellbach,8005774,Stuttgart-Sommerrain,Baden-Württemberg,Stuttgart,70374,9.248369749,48.81521824,5,2511160735,,2511160736,,h,1,Bauarbeiten,,,,,,,0.0,1.0
-6595517868678510983-2511160648-12,7211,2511160715,2511160715,1,,S,2,Schorndorf|Weiler(Rems)|Winterbach(b Schorndorf)|Geradstetten|Grunbach|Beutelsbach|Endersbach|Stetten-Beinstein|Rommelshausen|Waiblingen|Fellbach,8005774,Stuttgart-Sommerrain,Baden-Württemberg,Stuttgart,70374,9.248369749,48.81521824,5,2511160715,,2511160716,,h,1,Bauarbeiten,,,,,,,0.0,1.0
-5260417069663625653-2511160735-4,7208,2511160744,2511160744,4,,S,2,Stuttgart Hbf|Stuttgart-Bad Cannstatt|Stuttgart Nürnberger Str.,8005774,Stuttgart-Sommerrain,Baden-Württemberg,Stuttgart,70374,9.248369749,48.81521824,5,2511160744,,2511160745,,h,1,Bauarbeiten,,,,,,,0.0,1.0
5378560859801041236-2511160749-3,7310,2511160754,2511160754,4,,S,3,Stuttgart-Bad Cannstatt|Stuttgart Nürnberger Str.,8005774,Stuttgart-Sommerrain,Baden-Württemberg,Stuttgart,70374,9.248369749,48.81521824,5,2511160755,,2511160755,,h,1,Bauarbeiten,,,,,,,1.0,1.0
9019722792563896744-2511160719-3,7308,2511160724,2511160724,4,,S,3,Stuttgart-Bad Cannstatt|Stuttgart Nürnberger Str.,8005774,Stuttgart-Sommerrain,Baden-Württemberg,Stuttgart,70374,9.248369749,48.81521824,5,2511160724,,2511160725,,h,1,Bauarbeiten,,,,,,,0.0,1.0
3957411612578008716-2511160712-3,7608,2511160715,2511160716,2,,S,6,Stuttgart Schwabstr.|Stuttgart Feuersee,8006700,Stuttgart Stadtmitte,Baden-Württemberg,Stuttgart,70173,9.173046906,48.77632953,3,2511160715,,2511160716,,,,,,,,,,,0.0,0.0
4433222154122274025-2511160703-15,7611,2511160744,2511160745,1,,S,6,Weil der Stadt|Malmsheim|Renningen|Rutesheim|Leonberg|Höfingen|Ditzingen|Weilimdorf|Korntal|Neuwirtshaus(Porscheplatz)|Stuttgart-Zuffenhausen|Stuttgart-Feuerbach|Stuttgart Nord|Stuttgart Hbf (tief),8006700,Stuttgart Stadtmitte,Baden-Württemberg,Stuttgart,70173,9.173046906,48.77632953,3,2511160744,,2511160745,,,,,,,,,,,0.0,0.0
-1132138670766351831-2511160650-16,22011,2511160737,2511160737,1,,S,1,Kirchheim(Teck)|Kirchheim(Teck)-Ötlingen|Wendlingen(Neckar)|Wernau(Neckar)|Plochingen|Altbach|Esslingen-Zell|Oberesslingen|Esslingen(Neckar)|Esslingen-Mettingen|Stuttgart-Obertürkheim|Stuttgart-Untertürkheim|Stuttgart Neckarpark|Stuttgart-Bad Cannstatt|Stuttgart Hbf (tief),8006700,Stuttgart Stadtmitte,Baden-Württemberg,Stuttgart,70173,9.173046906,48.77632953,3,2511160737,,2511160738,,h,1,Bauarbeiten,,,,,,,0.0,1.0
-2096809252009887696-2511160702-3,7406,2511160705,2511160706,2,,S,4,Stuttgart Schwabstr.|Stuttgart Feuersee,8006700,Stuttgart Stadtmitte,Baden-Württemberg,Stuttgart,70173,9.173046906,48.77632953,3,2511160705,,2511160706,,h,1,Bauarbeiten,,,,,,,0.0,0.0
7784021821560325221-2511160720-3,22010,2511160723,2511160723,2,,S,1,Stuttgart Schwabstr.|Stuttgart Feuersee,8006700,Stuttgart Stadtmitte,Baden-Württemberg,Stuttgart,70173,9.173046906,48.77632953,3,2511160723,,2511160723,,h,1,Bauarbeiten,,,,,,,0.0,0.0
-2856928912084347734-2511160722-3,7510,2511160725,2511160726,2,,S,5,Stuttgart Schwabstr.|Stuttgart Feuersee,8006700,Stuttgart Stadtmitte,Baden-Württemberg,Stuttgart,70173,9.173046906,48.77632953,3,2511160725,,2511160726,,h,1,Bauarbeiten,,,,,,,0.0,0.0
-4089337278431447837-2511160752-3,7512,2511160755,2511160756,2,,S,5,Stuttgart Schwabstr.|Stuttgart Feuersee,8006700,Stuttgart Stadtmitte,Baden-Württemberg,Stuttgart,70173,9.173046906,48.77632953,3,2511160755,,2511160756,,h,1,Bauarbeiten,,,,,,,0.0,0.0
1174251127419777403-2511160703-15,7411,2511160754,2511160755,1,,S,4,Backnang|Burgstall(Murr)|Kirchberg(Murr)|Erdmannhausen|Marbach(Neckar)|Benningen(Neckar)|Freiberg(Neckar)|Favoritepark|Ludwigsburg|Kornwestheim Pbf|Stuttgart-Zuffenhausen|Stuttgart-Feuerbach|Stuttgart Nord|Stuttgart Hbf (tief),8006700,Stuttgart Stadtmitte,Baden-Württemberg,Stuttgart,70173,9.173046906,48.77632953,3,2511160756,,2511160757,,h,1,Bauarbeiten,,,,,,,2.0,2.0
7155033421118958991-2511160707-10,7511,2511160739,2511160740,1,,S,5,Bietigheim-Bissingen|Tamm(Württ)|Asperg|Ludwigsburg|Kornwestheim Pbf|Stuttgart-Zuffenhausen|Stuttgart-Feuerbach|Stuttgart Nord|Stuttgart Hbf (tief),8006700,Stuttgart Stadtmitte,Baden-Württemberg,Stuttgart,70173,9.173046906,48.77632953,3,2511160736,,2511160737,,h,1,Bauarbeiten,,,,,,,-3.0,-3.0
-1788283687130210169-2511160750-3,22012,2511160753,2511160753,2,,S,1,Stuttgart Schwabstr.|Stuttgart Feuersee,8006700,Stuttgart Stadtmitte,Baden-Württemberg,Stuttgart,70173,9.173046906,48.77632953,3,2511160753,,2511160753,,h,1,Bauarbeiten,,,,,,,0.0,0.0
3054573649136033089-2511160620-16,22009,2511160707,2511160707,1,,S,1,Kirchheim(Teck)|Kirchheim(Teck)-Ötlingen|Wendlingen(Neckar)|Wernau(Neckar)|Plochingen|Altbach|Esslingen-Zell|Oberesslingen|Esslingen(Neckar)|Esslingen-Mettingen|Stuttgart-Obertürkheim|Stuttgart-Untertürkheim|Stuttgart Neckarpark|Stuttgart-Bad Cannstatt|Stuttgart Hbf (tief),8006700,Stuttgart Stadtmitte,Baden-Württemberg,Stuttgart,70173,9.173046906,48.77632953,3,2511160707,,2511160707,,h,1,Bauarbeiten,,,,,,,0.0,0.0
-1132138670766351831-2511160650-12,22011,2511160725,2511160725,5,,S,1,Kirchheim(Teck)|Kirchheim(Teck)-Ötlingen|Wendlingen(Neckar)|Wernau(Neckar)|Plochingen|Altbach|Esslingen-Zell|Oberesslingen|Esslingen(Neckar)|Esslingen-Mettingen|Stuttgart-Obertürkheim,8005775,Stuttgart-Untertürkheim Pbf,Baden-Württemberg,Stuttgart,70327,9.250467074,48.77984679,3,2511160725,,2511160725,,h,1,Bauarbeiten,,,,,,,0.0,0.0
7784021821560325221-2511160720-7,22010,2511160734,2511160734,6,,S,1,Stuttgart Schwabstr.|Stuttgart Feuersee|Stuttgart Stadtmitte|Stuttgart Hbf (tief)|Stuttgart-Bad Cannstatt|Stuttgart Neckarpark,8005775,Stuttgart-Untertürkheim Pbf,Baden-Württemberg,Stuttgart,70327,9.250467074,48.77984679,3,2511160734,,2511160734,,h,1,Bauarbeiten,,,,,,,0.0,0.0
-4585337940204157177-2511160720-12,22013,2511160755,2511160755,5,,S,1,Kirchheim(Teck)|Kirchheim(Teck)-Ötlingen|Wendlingen(Neckar)|Wernau(Neckar)|Plochingen|Altbach|Esslingen-Zell|Oberesslingen|Esslingen(Neckar)|Esslingen-Mettingen|Stuttgart-Obertürkheim,8005775,Stuttgart-Untertürkheim Pbf,Baden-Württemberg,Stuttgart,70327,9.250467074,48.77984679,3,2511160755,,2511160756,,h,1,Bauarbeiten,,,,,,,0.0,1.0
-3038835082820904347-2511160650-7,22008,2511160704,2511160704,6,,S,1,Stuttgart Schwabstr.|Stuttgart Feuersee|Stuttgart Stadtmitte|Stuttgart Hbf (tief)|Stuttgart-Bad Cannstatt|Stuttgart Neckarpark,8005775,Stuttgart-Untertürkheim Pbf,Baden-Württemberg,Stuttgart,70327,9.250467074,48.77984679,3,2511160704,,2511160705,,h,1,Bauarbeiten,,,,,,,0.0,1.0
-8737122798425483295-2511160614-11,17620,2511160731,2511160732,1,,RE,14a,Rottweil|Oberndorf(Neckar)|Sulz(Neckar)|Horb|Eutingen im Gäu|Ergenzingen|Bondorf(b Herrenberg)|Gäufelden|Herrenberg|Böblingen,8005776,Stuttgart-Vaihingen,Baden-Württemberg,Stuttgart,70563,9.113913368,48.72698116,3,2511160729,,2511160732,,h,2,Bauarbeiten,,,,,,,-2.0,0.0
4435692740161152840-2511160750-1,7111,,2511160750,,,S,1,,8005776,Stuttgart-Vaihingen,Baden-Württemberg,Stuttgart,70563,9.113913368,48.72698116,3,,,2511160750,,h,1,Bauarbeiten,,,,,,,0.0,0.0
6648849532750511592-2511160709-2,17695,2511160723,2511160724,1,,RE,4,Stuttgart Hbf,8005776,Stuttgart-Vaihingen,Baden-Württemberg,Stuttgart,70563,9.113913368,48.72698116,3,2511160723,,2511160724,,,,,,,,,,,0.0,0.0
-8108385215609287130-2511160646-9,7110,2511160710,,2,,S,,Herrenberg|Nufringen|Gärtringen|Ehningen(b Böblingen)|Hulb|Böblingen|Goldberg(Württ)|Stuttgart-Rohr,8005776,Stuttgart-Vaihingen,Baden-Württemberg,Stuttgart,70563,9.113913368,48.72698116,3,2511160710,,,,h,1,Bauarbeiten,,,,,,,0.0,0.0
-2643490442022964578-2511160716-9,7112,2511160740,,2,,S,,Herrenberg|Nufringen|Gärtringen|Ehningen(b Böblingen)|Hulb|Böblingen|Goldberg(Württ)|Stuttgart-Rohr,8005776,Stuttgart-Vaihingen,Baden-Württemberg,Stuttgart,70563,9.113913368,48.72698116,3,2511160740,,,,h,1,Bauarbeiten,,,,,,,0.0,0.0
4337738354335824801-2511160720-1,7109,,2511160720,,,S,1,,8005776,Stuttgart-Vaihingen,Baden-Württemberg,Stuttgart,70563,9.113913368,48.72698116,3,,,2511160720,,h,1,Bauarbeiten,,,,,,,0.0,0.0
3957411612578008716-2511160712-10,7608,2511160733,2511160733,1,,S,6,Stuttgart Schwabstr.|Stuttgart Feuersee|Stuttgart Stadtmitte|Stuttgart Hbf (tief)|Stuttgart Nord|Stuttgart-Feuerbach|Stuttgart-Zuffenhausen|Neuwirtshaus(Porscheplatz)|Korntal,8006268,Stuttgart-Weilimdorf,Baden-Württemberg,Stuttgart,70499,9.094370086,48.82208429,5,2511160734,,2511160735,,,,,,,,,,,1.0,2.0
4433222154122274025-2511160703-8,7611,2511160726,2511160726,2,,S,6,Weil der Stadt|Malmsheim|Renningen|Rutesheim|Leonberg|Höfingen|Ditzingen,8006268,Stuttgart-Weilimdorf,Baden-Württemberg,Stuttgart,70499,9.094370086,48.82208429,5,2511160726,,2511160727,,,,,,,,,,,0.0,1.0
-1347709455583751185-2511160733-8,7613,2511160756,2511160756,2,,S,6,Weil der Stadt|Malmsheim|Renningen|Rutesheim|Leonberg|Höfingen|Ditzingen,8006268,Stuttgart-Weilimdorf,Baden-Württemberg,Stuttgart,70499,9.094370086,48.82208429,5,2511160756,,2511160758,,,,,,,,,,,0.0,2.0
3957411612578008716-2511160712-7,7608,2511160726,2511160727,11,,S,6,Stuttgart Schwabstr.|Stuttgart Feuersee|Stuttgart Stadtmitte|Stuttgart Hbf (tief)|Stuttgart Nord|Stuttgart-Feuerbach,8005778,Stuttgart-Zuffenhausen,Baden-Württemberg,Stuttgart,70435,9.167156375,48.82960884,3,2511160726,,2511160728,,,,,,,,,,,0.0,1.0
4433222154122274025-2511160703-11,7611,2511160733,2511160734,12,,S,6,Weil der Stadt|Malmsheim|Renningen|Rutesheim|Leonberg|Höfingen|Ditzingen|Weilimdorf|Korntal|Neuwirtshaus(Porscheplatz),8005778,Stuttgart-Zuffenhausen,Baden-Württemberg,Stuttgart,70435,9.167156375,48.82960884,3,2511160734,,2511160734,,,,,,,,,,,1.0,0.0
-2096809252009887696-2511160702-7,7406,2511160716,2511160717,4,,S,4,Stuttgart Schwabstr.|Stuttgart Feuersee|Stuttgart Stadtmitte|Stuttgart Hbf (tief)|Stuttgart Nord|Stuttgart-Feuerbach,8005778,Stuttgart-Zuffenhausen,Baden-Württemberg,Stuttgart,70435,9.167156375,48.82960884,3,2511160716,,2511160717,,h,1,Bauarbeiten,,,,,,,0.0,0.0
-5856161558368495320-2511160737-6,7513,2511160753,2511160754,2,,S,5,Bietigheim-Bissingen|Tamm(Württ)|Asperg|Ludwigsburg|Kornwestheim Pbf,8005778,Stuttgart-Zuffenhausen,Baden-Württemberg,Stuttgart,70435,9.167156375,48.82960884,3,2511160754,,2511160754,,h,1,Bauarbeiten,,,,,,,1.0,0.0
-2856928912084347734-2511160722-7,7510,2511160736,2511160737,4,,S,5,Stuttgart Schwabstr.|Stuttgart Feuersee|Stuttgart Stadtmitte|Stuttgart Hbf (tief)|Stuttgart Nord|Stuttgart-Feuerbach,8005778,Stuttgart-Zuffenhausen,Baden-Württemberg,Stuttgart,70435,9.167156375,48.82960884,3,2511160736,,2511160737,,h,1,Bauarbeiten,,,,,,,0.0,0.0
1174251127419777403-2511160703-11,7411,2511160743,2511160744,2,,S,4,Backnang|Burgstall(Murr)|Kirchberg(Murr)|Erdmannhausen|Marbach(Neckar)|Benningen(Neckar)|Freiberg(Neckar)|Favoritepark|Ludwigsburg|Kornwestheim Pbf,8005778,Stuttgart-Zuffenhausen,Baden-Württemberg,Stuttgart,70435,9.167156375,48.82960884,3,2511160745,,2511160745,,h,1,Bauarbeiten,,,,,,,2.0,1.0
7155033421118958991-2511160707-6,7511,2511160723,2511160724,2,,S,5,Bietigheim-Bissingen|Tamm(Württ)|Asperg|Ludwigsburg|Kornwestheim Pbf,8005778,Stuttgart-Zuffenhausen,Baden-Württemberg,Stuttgart,70435,9.167156375,48.82960884,3,2511160724,,2511160725,,h,1,Bauarbeiten,,,,,,,1.0,1.0
-5856161558368495320-2511160737-2,7513,2511160740,2511160740,2,,S,5,Bietigheim-Bissingen,8005820,Tamm (Württ),Baden-Württemberg,Tamm,71732,9.125288012,48.92187736,4,2511160740,,2511160741,,h,1,Bauarbeiten,,,,,,,0.0,1.0
-2856928912084347734-2511160722-11,7510,2511160749,2511160750,3,,S,5,Stuttgart Schwabstr.|Stuttgart Feuersee|Stuttgart Stadtmitte|Stuttgart Hbf (tief)|Stuttgart Nord|Stuttgart-Feuerbach|Stuttgart-Zuffenhausen|Kornwestheim Pbf|Ludwigsburg|Asperg,8005820,Tamm (Württ),Baden-Württemberg,Tamm,71732,9.125288012,48.92187736,4,2511160750,,2511160750,,h,1,Bauarbeiten,,,,,,,1.0,0.0
7155033421118958991-2511160707-2,7511,2511160710,2511160710,2,,S,5,Bietigheim-Bissingen,8005820,Tamm (Württ),Baden-Württemberg,Tamm,71732,9.125288012,48.92187736,4,2511160710,,2511160710,,h,1,Bauarbeiten,,,,,,,0.0,0.0
1183603668671718907-2511160741-7,7313,2511160759,2511160800,1,,S,3,Backnang|Maubach|Nellmersbach|Winnenden|Schwaikheim|Neustadt-Hohenacker,8000180,Waiblingen,Baden-Württemberg,Waiblingen,71332,9.300476874,48.8262444,3,2511160800,,2511160800,,h,1,Bauarbeiten,,,,,,,1.0,0.0
-769749627142904747-2511160653-3,88633,2511160704,2511160705,3,,RE,90,Stuttgart Hbf|Stuttgart-Bad Cannstatt,8000180,Waiblingen,Baden-Württemberg,Waiblingen,71332,9.300476874,48.8262444,3,2511160704,,2511160705,,,,,,,,,,,0.0,0.0
3888224273021493436-2511160718-10,7213,2511160739,2511160740,5,,S,2,Schorndorf|Weiler(Rems)|Winterbach(b Schorndorf)|Geradstetten|Grunbach|Beutelsbach|Endersbach|Stetten-Beinstein|Rommelshausen,8000180,Waiblingen,Baden-Württemberg,Waiblingen,71332,9.300476874,48.8262444,3,2511160741,,2511160741,,h,1,Bauarbeiten,,,,,,,2.0,1.0
-1590497965188234876-2511160635-10,19410,2511160728,2511160728,6,,MEX,13,Aalen Hbf|Mögglingen(Gmünd)|Böbingen(Rems)|Schwäbisch Gmünd|Lorch(Württ)|Waldhausen(b Schorndorf)|Plüderhausen|Urbach(b Schorndorf)|Schorndorf,8000180,Waiblingen,Baden-Württemberg,Waiblingen,71332,9.300476874,48.8262444,3,2511160728,,2511160728,,,,,,,,,,,0.0,0.0
-2915141727268180381-2511160711-7,7311,2511160729,2511160730,1,,S,3,Backnang|Maubach|Nellmersbach|Winnenden|Schwaikheim|Neustadt-Hohenacker,8000180,Waiblingen,Baden-Württemberg,Waiblingen,71332,9.300476874,48.8262444,3,2511160730,,2511160731,,h,1,Bauarbeiten,,,,,,,1.0,1.0
-4938448443899110877-2511160720-3,19457,2511160732,2511160732,6,,MEX,13,Stuttgart Hbf|Stuttgart-Bad Cannstatt,8000180,Waiblingen,Baden-Württemberg,Waiblingen,71332,9.300476874,48.8262444,3,2511160732,7,2511160732,7,,,,,,,,,,0.0,0.0
-6595517868678510983-2511160648-10,7211,2511160709,2511160710,5,,S,2,Schorndorf|Weiler(Rems)|Winterbach(b Schorndorf)|Geradstetten|Grunbach|Beutelsbach|Endersbach|Stetten-Beinstein|Rommelshausen,8000180,Waiblingen,Baden-Württemberg,Waiblingen,71332,9.300476874,48.8262444,3,2511160710,,2511160711,,h,1,Bauarbeiten,,,,,,,1.0,1.0
-5260417069663625653-2511160735-6,7208,2511160749,2511160750,7,,S,2,Stuttgart Hbf|Stuttgart-Bad Cannstatt|Stuttgart Nürnberger Str.|Stuttgart-Sommerrain|Fellbach,8000180,Waiblingen,Baden-Württemberg,Waiblingen,71332,9.300476874,48.8262444,3,2511160749,,2511160750,,h,1,Bauarbeiten,,,,,,,0.0,0.0
-1954317019764357398-2511160635-12,26782,2511160751,2511160752,1,,RE,90,Crailsheim|Eckartshausen-Ilshofen|Schwäbisch Hall-Hessental|Gaildorf West|Fichtenberg|Fornsbach|Murrhardt|Sulzbach(Murr)|Oppenweiler(Württ)|Backnang|Winnenden,8000180,Waiblingen,Baden-Württemberg,Waiblingen,71332,9.300476874,48.8262444,3,2511160751,,2511160752,,,,,,,,,,,0.0,0.0
5378560859801041236-2511160749-5,7310,2511160759,2511160800,3,,S,3,Stuttgart-Bad Cannstatt|Stuttgart Nürnberger Str.|Stuttgart-Sommerrain|Fellbach,8000180,Waiblingen,Baden-Württemberg,Waiblingen,71332,9.300476874,48.8262444,3,2511160800,,2511160800,,h,1,Bauarbeiten,,,,,,,1.0,0.0
9019722792563896744-2511160719-5,7308,2511160729,2511160730,3,,S,3,Stuttgart-Bad Cannstatt|Stuttgart Nürnberger Str.|Stuttgart-Sommerrain|Fellbach,8000180,Waiblingen,Baden-Württemberg,Waiblingen,71332,9.300476874,48.8262444,3,2511160729,,2511160730,,h,1,Bauarbeiten,,,,,,,0.0,0.0
3957411612578008716-2511160712-17,7608,2511160757,,1,,S,,Stuttgart Schwabstr.|Stuttgart Feuersee|Stuttgart Stadtmitte|Stuttgart Hbf (tief)|Stuttgart Nord|Stuttgart-Feuerbach|Stuttgart-Zuffenhausen|Neuwirtshaus(Porscheplatz)|Korntal|Weilimdorf|Ditzingen|Höfingen|Leonberg|Rutesheim|Renningen|Malmsheim,8006271,Weil der Stadt,Baden-Württemberg,Weil der Stadt,71263,8.873189074,48.7557357,4,2511160758,,,,,,,,,,,,,1.0,0.0
4433222154122274025-2511160703-1,7611,,2511160703,,,S,6,,8006271,Weil der Stadt,Baden-Württemberg,Weil der Stadt,71263,8.873189074,48.7557357,4,,,2511160704,,,,,,,,,,,0.0,1.0
-1347709455583751185-2511160733-1,7613,,2511160733,,,S,6,,8006271,Weil der Stadt,Baden-Württemberg,Weil der Stadt,71263,8.873189074,48.7557357,4,,,2511160733,,,,,,,,,,,0.0,0.0
-5804237943130712983-2511160748-2,7215,2511160751,2511160751,2,,S,2,Schorndorf,8006277,Weiler (Rems),Baden-Württemberg,Schorndorf,76314,9.501891172,48.80034585,5,2511160751,1,2511160752,1,h,1,Bauarbeiten,,,,,,,0.0,1.0
3888224273021493436-2511160718-2,7213,2511160721,2511160721,2,,S,2,Schorndorf,8006277,Weiler (Rems),Baden-Württemberg,Schorndorf,76314,9.501891172,48.80034585,5,2511160722,1,2511160722,1,h,1,Bauarbeiten,,,,,,,1.0,1.0
-7596434955654923825-2511160635-14,7204,2511160707,2511160707,1,,S,2,Stuttgart Hbf|Stuttgart-Bad Cannstatt|Stuttgart Nürnberger Str.|Stuttgart-Sommerrain|Fellbach|Waiblingen|Rommelshausen|Stetten-Beinstein|Endersbach|Beutelsbach|Grunbach|Geradstetten|Winterbach(b Schorndorf),8006277,Weiler (Rems),Baden-Württemberg,Schorndorf,76314,9.501891172,48.80034585,5,2511160709,,2511160710,,h,1,Bauarbeiten,,,,,,,2.0,3.0
9079955891838799546-2511160717-2,28031,2511160723,2511160724,,,RE,200,Plochingen,8006331,Wendlingen (Neckar),Baden-Württemberg,Wendlingen am Neckar,73240,9.373662098,48.67368917,3,2511160726,2,2511160727,2,h,2,Information,,,,,,,3.0,3.0
-6035406151764555985-2511160633-7,19306,2511160706,2511160707,1,,MEX,18,Tübingen Hbf|Reutlingen Hbf|Metzingen(Württ)|Bempflingen|Nürtingen|Oberboihingen,8006331,Wendlingen (Neckar),Baden-Württemberg,Wendlingen am Neckar,73240,9.373662098,48.67368917,3,2511160707,,2511160708,,,,,,,,,,,1.0,1.0
-6949424465889864321-2511160620-16,22006,2511160702,2511160703,11,,S,1,Stuttgart Schwabstr.|Stuttgart Feuersee|Stuttgart Stadtmitte|Stuttgart Hbf (tief)|Stuttgart-Bad Cannstatt|Stuttgart Neckarpark|Stuttgart-Untertürkheim|Stuttgart-Obertürkheim|Esslingen-Mettingen|Esslingen(Neckar)|Oberesslingen|Esslingen-Zell|Altbach|Plochingen|Wernau(Neckar),8006331,Wendlingen (Neckar),Baden-Württemberg,Wendlingen am Neckar,73240,9.373662098,48.67368917,3,2511160702,,2511160703,,h,1,Bauarbeiten,,,,,,,0.0,0.0
-318333243297911651-2511160629-3,28030,2511160700,2511160700,,,RE,200,Ulm Hbf|Merklingen - Schwäbische Alb,8006331,Wendlingen (Neckar),Baden-Württemberg,Wendlingen am Neckar,73240,9.373662098,48.67368917,3,2511160659,1,2511160703,1,h,2,Information,,,,,,,-1.0,3.0
-4585337940204157177-2511160720-3,22013,2511160727,2511160728,12,,S,1,Kirchheim(Teck)|Kirchheim(Teck)-Ötlingen,8006331,Wendlingen (Neckar),Baden-Württemberg,Wendlingen am Neckar,73240,9.373662098,48.67368917,3,2511160727,,2511160728,,h,1,Bauarbeiten,,,,,,,0.0,0.0
7447640299994719946-2511160656-5,19237,2511160719,2511160719,2,,MEX,12,Stuttgart Hbf|Stuttgart-Bad Cannstatt|Esslingen(Neckar)|Plochingen,8006331,Wendlingen (Neckar),Baden-Württemberg,Wendlingen am Neckar,73240,9.373662098,48.67368917,3,2511160722,,2511160723,,,,,,,,,,,3.0,4.0
-3554823186709797948-2511160630-13,19211,2511160750,2511160751,2,,MEX,18,Heilbronn Hbf|Nordheim(Württ)|Lauffen(Neckar)|Kirchheim(Neckar)|Walheim(Württ)|Besigheim|Bietigheim-Bissingen|Ludwigsburg|Stuttgart Hbf|Stuttgart-Bad Cannstatt|Esslingen(Neckar)|Plochingen,8006331,Wendlingen (Neckar),Baden-Württemberg,Wendlingen am Neckar,73240,9.373662098,48.67368917,3,2511160750,,2511160751,,,,,,,,,,,0.0,0.0
-3038835082820904347-2511160650-16,22008,2511160732,2511160733,11,,S,1,Stuttgart Schwabstr.|Stuttgart Feuersee|Stuttgart Stadtmitte|Stuttgart Hbf (tief)|Stuttgart-Bad Cannstatt|Stuttgart Neckarpark|Stuttgart-Untertürkheim|Stuttgart-Obertürkheim|Esslingen-Mettingen|Esslingen(Neckar)|Oberesslingen|Esslingen-Zell|Altbach|Plochingen|Wernau(Neckar),8006331,Wendlingen (Neckar),Baden-Württemberg,Wendlingen am Neckar,73240,9.373662098,48.67368917,3,2511160733,,2511160734,,h,1,Bauarbeiten,,,,,,,1.0,1.0
-8784785230449587880-2511160750-3,22015,2511160757,2511160758,12,,S,1,Kirchheim(Teck)|Kirchheim(Teck)-Ötlingen,8006331,Wendlingen (Neckar),Baden-Württemberg,Wendlingen am Neckar,73240,9.373662098,48.67368917,3,2511160757,,2511160758,,h,1,Bauarbeiten,,,,,,,0.0,0.0
-1132138670766351831-2511160650-4,22011,2511160701,2511160701,1,,S,1,Kirchheim(Teck)|Kirchheim(Teck)-Ötlingen|Wendlingen(Neckar),8006346,Wernau (Neckar),Baden-Württemberg,Wernau (Neckar),73249,9.413654423,48.69417221,4,2511160702,,2511160702,,h,1,Bauarbeiten,,,,,,,1.0,1.0
7784021821560325221-2511160720-15,22010,2511160758,2511160759,2,,S,1,Stuttgart Schwabstr.|Stuttgart Feuersee|Stuttgart Stadtmitte|Stuttgart Hbf (tief)|Stuttgart-Bad Cannstatt|Stuttgart Neckarpark|Stuttgart-Untertürkheim|Stuttgart-Obertürkheim|Esslingen-Mettingen|Esslingen(Neckar)|Oberesslingen|Esslingen-Zell|Altbach|Plochingen,8006346,Wernau (Neckar),Baden-Württemberg,Wernau (Neckar),73249,9.413654423,48.69417221,4,2511160758,,2511160759,,h,1,Bauarbeiten,,,,,,,0.0,0.0
-4585337940204157177-2511160720-4,22013,2511160731,2511160731,1,,S,1,Kirchheim(Teck)|Kirchheim(Teck)-Ötlingen|Wendlingen(Neckar),8006346,Wernau (Neckar),Baden-Württemberg,Wernau (Neckar),73249,9.413654423,48.69417221,4,2511160731,,2511160732,,h,1,Bauarbeiten,,,,,,,0.0,1.0
-3038835082820904347-2511160650-15,22008,2511160728,2511160729,2,,S,1,Stuttgart Schwabstr.|Stuttgart Feuersee|Stuttgart Stadtmitte|Stuttgart Hbf (tief)|Stuttgart-Bad Cannstatt|Stuttgart Neckarpark|Stuttgart-Untertürkheim|Stuttgart-Obertürkheim|Esslingen-Mettingen|Esslingen(Neckar)|Oberesslingen|Esslingen-Zell|Altbach|Plochingen,8006346,Wernau (Neckar),Baden-Württemberg,Wernau (Neckar),73249,9.413654423,48.69417221,4,2511160728,,2511160729,,h,1,Bauarbeiten,,,,,,,0.0,0.0
1183603668671718907-2511160741-4,7313,2511160749,2511160750,3,,S,3,Backnang|Maubach|Nellmersbach,8006479,Winnenden,Baden-Württemberg,Winnenden,71364,9.392155928,48.8795625,3,2511160750,,2511160751,,h,1,Bauarbeiten,,,,,,,1.0,1.0
-769749627142904747-2511160653-4,88633,2511160713,2511160714,2,,RE,90,Stuttgart Hbf|Stuttgart-Bad Cannstatt|Waiblingen,8006479,Winnenden,Baden-Württemberg,Winnenden,71364,9.392155928,48.8795625,3,2511160713,,2511160714,,,,,,,,,,,0.0,0.0
-2915141727268180381-2511160711-4,7311,2511160719,2511160720,3,,S,3,Backnang|Maubach|Nellmersbach,8006479,Winnenden,Baden-Württemberg,Winnenden,71364,9.392155928,48.8795625,3,2511160720,,2511160720,,h,1,Bauarbeiten,,,,,,,1.0,0.0
-1954317019764357398-2511160635-11,26782,2511160744,2511160744,3,,RE,90,Crailsheim|Eckartshausen-Ilshofen|Schwäbisch Hall-Hessental|Gaildorf West|Fichtenberg|Fornsbach|Murrhardt|Sulzbach(Murr)|Oppenweiler(Württ)|Backnang,8006479,Winnenden,Baden-Württemberg,Winnenden,71364,9.392155928,48.8795625,3,2511160744,,2511160744,,,,,,,,,,,0.0,0.0
9019722792563896744-2511160719-8,7308,2511160739,2511160739,2,,S,3,Stuttgart-Bad Cannstatt|Stuttgart Nürnberger Str.|Stuttgart-Sommerrain|Fellbach|Waiblingen|Neustadt-Hohenacker|Schwaikheim,8006479,Winnenden,Baden-Württemberg,Winnenden,71364,9.392155928,48.8795625,3,2511160739,,2511160739,,h,1,Bauarbeiten,,,,,,,0.0,0.0
-5804237943130712983-2511160748-3,7215,2511160753,2511160753,1,,S,2,Schorndorf|Weiler(Rems),8006485,Winterbach (b Schorndorf),Baden-Württemberg,Winterbach,73650,9.481549751,48.79842743,4,2511160753,2,2511160755,2,h,1,Bauarbeiten,,,,,,,0.0,2.0
3888224273021493436-2511160718-3,7213,2511160723,2511160723,1,,S,2,Schorndorf|Weiler(Rems),8006485,Winterbach (b Schorndorf),Baden-Württemberg,Winterbach,73650,9.481549751,48.79842743,4,2511160724,2,2511160724,2,h,1,Bauarbeiten,,,,,,,1.0,1.0
-7596434955654923825-2511160635-13,7204,2511160705,2511160705,2,,S,2,Stuttgart Hbf|Stuttgart-Bad Cannstatt|Stuttgart Nürnberger Str.|Stuttgart-Sommerrain|Fellbach|Waiblingen|Rommelshausen|Stetten-Beinstein|Endersbach|Beutelsbach|Grunbach|Geradstetten,8006485,Winterbach (b Schorndorf),Baden-Württemberg,Winterbach,73650,9.481549751,48.79842743,4,2511160707,,2511160708,,h,1,Bauarbeiten,,,,,,,2.0,3.0
-4329481721077865051-2511160739-3,7012,2511160745,2511160745,2,,S,60,Renningen|Renningen Süd,8003807,Magstadt,Baden-Württemberg,Magstadt,71106,8.965315746,48.73616033,6,2511160746,,2511160746,,,,,,,,,,,1.0,1.0
1171775499323890807-2511160709-3,7010,2511160715,2511160715,2,,S,60,Renningen|Renningen Süd,8003807,Magstadt,Baden-Württemberg,Magstadt,71106,8.965315746,48.73616033,6,2511160716,,2511160716,,,,,,,,,,,1.0,1.0
3592955462745051107-2511160734-5,7011,2511160743,2511160744,1,,S,60,Böblingen|Sindelfingen|Maichingen|Maichingen Nord,8003807,Magstadt,Baden-Württemberg,Magstadt,71106,8.965315746,48.73616033,6,2511160745,,2511160746,,,,,,,,,,,2.0,2.0
-4329481721077865051-2511160739-4,7012,2511160747,2511160747,2,,S,60,Renningen|Renningen Süd|Magstadt,8003834,Maichingen Nord,Baden-Württemberg,Sindelfingen,71069,8.979416996,48.72750392,5,2511160748,,2511160748,,,,,,,,,,,1.0,1.0
1171775499323890807-2511160709-4,7010,2511160717,2511160717,2,,S,60,Renningen|Renningen Süd|Magstadt,8003834,Maichingen Nord,Baden-Württemberg,Sindelfingen,71069,8.979416996,48.72750392,5,2511160718,,2511160718,,,,,,,,,,,1.0,1.0
3592955462745051107-2511160734-4,7011,2511160741,2511160741,1,,S,60,Böblingen|Sindelfingen|Maichingen,8003834,Maichingen Nord,Baden-Württemberg,Sindelfingen,71069,8.979416996,48.72750392,5,2511160743,,2511160743,,,,,,,,,,,2.0,2.0
-4329481721077865051-2511160739-5,7012,2511160749,2511160749,1,,S,60,Renningen|Renningen Süd|Magstadt|Maichingen Nord,8003808,Maichingen,Baden-Württemberg,Sindelfingen,71069,8.969606704,48.72162074,6,2511160750,,2511160751,,,,,,,,,,,1.0,2.0
1171775499323890807-2511160709-5,7010,2511160719,2511160719,1,,S,60,Renningen|Renningen Süd|Magstadt|Maichingen Nord,8003808,Maichingen,Baden-Württemberg,Sindelfingen,71069,8.969606704,48.72162074,6,2511160720,,2511160720,,,,,,,,,,,1.0,1.0
3592955462745051107-2511160734-3,7011,2511160739,2511160740,1,,S,60,Böblingen|Sindelfingen,8003808,Maichingen,Baden-Württemberg,Sindelfingen,71069,8.969606704,48.72162074,6,2511160741,,2511160741,,,,,,,,,,,2.0,1.0
-4329481721077865051-2511160739-2,7012,2511160741,2511160741,2,,S,60,Renningen,8005001,Renningen Süd,Baden-Württemberg,Renningen,71272,8.932068278,48.76261937,6,2511160742,,2511160742,,,,,,,,,,,1.0,1.0
1171775499323890807-2511160709-2,7010,2511160711,2511160711,2,,S,60,Renningen,8005001,Renningen Süd,Baden-Württemberg,Renningen,71272,8.932068278,48.76261937,6,2511160712,,2511160712,,,,,,,,,,,1.0,1.0
3592955462745051107-2511160734-6,7011,2511160747,2511160748,1,,S,60,Böblingen|Sindelfingen|Maichingen|Maichingen Nord|Magstadt,8005001,Renningen Süd,Baden-Württemberg,Renningen,71272,8.932068278,48.76261937,6,2511160749,,2511160749,,,,,,,,,,,2.0,1.0
3957411612578008716-2511160712-4,7608,2511160717,2511160718,102,,S,6,Stuttgart Schwabstr.|Stuttgart Feuersee|Stuttgart Stadtmitte,8098096,Stuttgart Hbf (tief),Baden-Württemberg,Stuttgart,70173,9.180228831,48.78338649,1,2511160717,,2511160718,,,,,,,,,,,0.0,0.0
4433222154122274025-2511160703-14,7611,2511160742,2511160743,101,,S,6,Weil der Stadt|Malmsheim|Renningen|Rutesheim|Leonberg|Höfingen|Ditzingen|Weilimdorf|Korntal|Neuwirtshaus(Porscheplatz)|Stuttgart-Zuffenhausen|Stuttgart-Feuerbach|Stuttgart Nord,8098096,Stuttgart Hbf (tief),Baden-Württemberg,Stuttgart,70173,9.180228831,48.78338649,1,2511160742,,2511160743,,,,,,,,,,,0.0,0.0
-1132138670766351831-2511160650-15,22011,2511160735,2511160735,101,,S,1,Kirchheim(Teck)|Kirchheim(Teck)-Ötlingen|Wendlingen(Neckar)|Wernau(Neckar)|Plochingen|Altbach|Esslingen-Zell|Oberesslingen|Esslingen(Neckar)|Esslingen-Mettingen|Stuttgart-Obertürkheim|Stuttgart-Untertürkheim|Stuttgart Neckarpark|Stuttgart-Bad Cannstatt,8098096,Stuttgart Hbf (tief),Baden-Württemberg,Stuttgart,70173,9.180228831,48.78338649,1,2511160735,,2511160736,,h,1,Bauarbeiten,,,,,,,0.0,1.0
-2096809252009887696-2511160702-4,7406,2511160707,2511160708,102,,S,4,Stuttgart Schwabstr.|Stuttgart Feuersee|Stuttgart Stadtmitte,8098096,Stuttgart Hbf (tief),Baden-Württemberg,Stuttgart,70173,9.180228831,48.78338649,1,2511160707,,2511160708,,h,1,Bauarbeiten,,,,,,,0.0,0.0
7784021821560325221-2511160720-4,22010,2511160725,2511160725,102,,S,1,Stuttgart Schwabstr.|Stuttgart Feuersee|Stuttgart Stadtmitte,8098096,Stuttgart Hbf (tief),Baden-Württemberg,Stuttgart,70173,9.180228831,48.78338649,1,2511160725,,2511160725,,h,1,Bauarbeiten,,,,,,,0.0,0.0
-2856928912084347734-2511160722-4,7510,2511160727,2511160728,102,,S,5,Stuttgart Schwabstr.|Stuttgart Feuersee|Stuttgart Stadtmitte,8098096,Stuttgart Hbf (tief),Baden-Württemberg,Stuttgart,70173,9.180228831,48.78338649,1,2511160727,,2511160728,,h,1,Bauarbeiten,,,,,,,0.0,0.0
-4089337278431447837-2511160752-4,7512,2511160757,2511160758,102,,S,5,Stuttgart Schwabstr.|Stuttgart Feuersee|Stuttgart Stadtmitte,8098096,Stuttgart Hbf (tief),Baden-Württemberg,Stuttgart,70173,9.180228831,48.78338649,1,2511160757,,2511160758,,h,1,Bauarbeiten,,,,,,,0.0,0.0
1174251127419777403-2511160703-14,7411,2511160752,2511160753,101,,S,4,Backnang|Burgstall(Murr)|Kirchberg(Murr)|Erdmannhausen|Marbach(Neckar)|Benningen(Neckar)|Freiberg(Neckar)|Favoritepark|Ludwigsburg|Kornwestheim Pbf|Stuttgart-Zuffenhausen|Stuttgart-Feuerbach|Stuttgart Nord,8098096,Stuttgart Hbf (tief),Baden-Württemberg,Stuttgart,70173,9.180228831,48.78338649,1,2511160754,,2511160755,,h,1,Bauarbeiten,,,,,,,2.0,2.0
7155033421118958991-2511160707-9,7511,2511160732,2511160738,101,,S,5,Bietigheim-Bissingen|Tamm(Württ)|Asperg|Ludwigsburg|Kornwestheim Pbf|Stuttgart-Zuffenhausen|Stuttgart-Feuerbach|Stuttgart Nord,8098096,Stuttgart Hbf (tief),Baden-Württemberg,Stuttgart,70173,9.180228831,48.78338649,1,2511160733,,2511160735,,h,1,Bauarbeiten,,,,,,,1.0,-3.0
-1788283687130210169-2511160750-4,22012,2511160755,2511160755,102,,S,1,Stuttgart Schwabstr.|Stuttgart Feuersee|Stuttgart Stadtmitte,8098096,Stuttgart Hbf (tief),Baden-Württemberg,Stuttgart,70173,9.180228831,48.78338649,1,2511160755,,2511160755,,h,1,Bauarbeiten,,,,,,,0.0,0.0
3054573649136033089-2511160620-15,22009,2511160705,2511160705,101,,S,1,Kirchheim(Teck)|Kirchheim(Teck)-Ötlingen|Wendlingen(Neckar)|Wernau(Neckar)|Plochingen|Altbach|Esslingen-Zell|Oberesslingen|Esslingen(Neckar)|Esslingen-Mettingen|Stuttgart-Obertürkheim|Stuttgart-Untertürkheim|Stuttgart Neckarpark|Stuttgart-Bad Cannstatt,8098096,Stuttgart Hbf (tief),Baden-Württemberg,Stuttgart,70173,9.180228831,48.78338649,1,2511160705,,2511160705,,h,1,Bauarbeiten,,,,,,,0.0,0.0
