ID,train_number,planned_arrival,planned_departure,planned_platform,planned_status,category_train,train,path,eva_nr,station_name,station_state,station_city,station_zipcode,station_long,station_lat,station_category,changed_arrival,changed_platform_arrival,changed_departure,changed_platform_departure,message_status,priority,info,arrival_hidden,departure_hidden,arrival_path,departure_path,arrival_status,departure_status,arrival_delay_m,departure_delay_m
1917902183543807700-2601031104-20,7724,2601031205,2601031205,4,,S,S1,Herrenberg|Böblingen|Goldberg(Württ)|Stuttgart-Rohr|Stuttgart-Vaihingen|Stuttgart-Österfeld|Stuttgart Universität|Stuttgart Schwabstr.|Stuttgart Feuersee|Stuttgart Stadtmitte|Stuttgart Hbf (tief)|Stuttgart-Bad Cannstatt|Stuttgart Neckarpark|Stuttgart-Untertürkheim|Stuttgart-Obertürkheim|Esslingen-Mettingen|Esslingen(Neckar)|Oberesslingen|Esslingen-Zell,8000508,Altbach,Baden-Württemberg,Altbach,73776,9.382434033,48.72031354,3,2601031208,,2601031208,,,,,,,,,,,3.0,3.0
1836435062166220832-2601031131-24,7726,2601031235,2601031235,4,,S,S1,Herrenberg|Nufringen|Gärtringen|Ehningen(b Böblingen)|Hulb|Böblingen|Goldberg(Württ)|Stuttgart-Rohr|Stuttgart-Vaihingen|Stuttgart-Österfeld|Stuttgart Universität|Stuttgart Schwabstr.|Stuttgart Feuersee|Stuttgart Stadtmitte|Stuttgart Hbf (tief)|Stuttgart-Bad Cannstatt|Stuttgart Neckarpark|Stuttgart-Untertürkheim|Stuttgart-Obertürkheim|Esslingen-Mettingen|Esslingen(Neckar)|Oberesslingen|Esslingen-Zell,8000508,Altbach,Baden-Württemberg,Altbach,73776,9.382434033,48.72031354,3,2601031235,,2601031235,,,,,,,,,,,0.0,0.0
7360062188173606239-2601031252-2,7735,2601031255,2601031255,3,,S,S1,Plochingen,8000508,Altbach,Baden-Württemberg,Altbach,73776,9.382434033,48.72031354,3,2601031255,,2601031255,,,,,,,,,,,0.0,0.0
-6319936848544854600-2601031220-6,7133,2601031240,2601031240,3,,S,S1,Kirchheim(Teck)|Kirchheim(Teck)-Ötlingen|Wendlingen(Neckar)|Wernau(Neckar)|Plochingen,8000508,Altbach,Baden-Württemberg,Altbach,73776,9.382434033,48.72031354,3,2601031242,,2601031243,,,,,,,,,,,2.0,3.0
3158900998064725317-2601031116-24,7128,2601031220,2601031220,4,,S,S1,Herrenberg|Nufringen|Gärtringen|Ehningen(b Böblingen)|Hulb|Böblingen|Goldberg(Württ)|Stuttgart-Rohr|Stuttgart-Vaihingen|Stuttgart-Österfeld|Stuttgart Universität|Stuttgart Schwabstr.|Stuttgart Feuersee|Stuttgart Stadtmitte|Stuttgart Hbf (tief)|Stuttgart-Bad Cannstatt|Stuttgart Neckarpark|Stuttgart-Untertürkheim|Stuttgart-Obertürkheim|Esslingen-Mettingen|Esslingen(Neckar)|Oberesslingen|Esslingen-Zell,8000508,Altbach,Baden-Württemberg,Altbach,73776,9.382434033,48.72031354,3,2601031220,,2601031220,,,,,,,,,,,0.0,0.0
4736637014602700336-2601031150-6,7131,2601031210,2601031210,3,,S,S1,Kirchheim(Teck)|Kirchheim(Teck)-Ötlingen|Wendlingen(Neckar)|Wernau(Neckar)|Plochingen,8000508,Altbach,Baden-Württemberg,Altbach,73776,9.382434033,48.72031354,3,2601031210,,2601031210,,,,,,,,,,,0.0,0.0
1899806724872395697-2601031222-2,7733,2601031225,2601031225,3,,S,S1,Plochingen,8000508,Altbach,Baden-Württemberg,Altbach,73776,9.382434033,48.72031354,3,2601031226,,2601031226,,,,,,,,,,,1.0,1.0
-5759624544289762969-2601031146-24,7130,2601031250,2601031250,4,,S,S1,Herrenberg|Nufringen|Gärtringen|Ehningen(b Böblingen)|Hulb|Böblingen|Goldberg(Württ)|Stuttgart-Rohr|Stuttgart-Vaihingen|Stuttgart-Österfeld|Stuttgart Universität|Stuttgart Schwabstr.|Stuttgart Feuersee|Stuttgart Stadtmitte|Stuttgart Hbf (tief)|Stuttgart-Bad Cannstatt|Stuttgart Neckarpark|Stuttgart-Untertürkheim|Stuttgart-Obertürkheim|Esslingen-Mettingen|Esslingen(Neckar)|Oberesslingen|Esslingen-Zell,8000508,Altbach,Baden-Württemberg,Altbach,73776,9.382434033,48.72031354,3,2601031250,,2601031250,,,,,,,,,,,0.0,0.0
-1322517664793731027-2601031137-10,28462,2601031202,2601031202,4,,S,S5,Stuttgart Schwabstr.|Stuttgart Feuersee|Stuttgart Stadtmitte|Stuttgart Hbf (tief)|Stuttgart Nordbahnhof|Stuttgart-Feuerbach|Stuttgart-Zuffenhausen|Kornwestheim Pbf|Ludwigsburg,8000630,Asperg,Baden-Württemberg,Asperg,71679,9.147977466,48.90725609,4,2601031205,,2601031205,,h,1,Störung,,,,,,,3.0,3.0
8332536860707671559-2601031207-10,28464,2601031232,2601031232,4,,S,S5,Stuttgart Schwabstr.|Stuttgart Feuersee|Stuttgart Stadtmitte|Stuttgart Hbf (tief)|Stuttgart Nordbahnhof|Stuttgart-Feuerbach|Stuttgart-Zuffenhausen|Kornwestheim Pbf|Ludwigsburg,8000630,Asperg,Baden-Württemberg,Asperg,71679,9.147977466,48.90725609,4,2601031232,,2601031232,,,,,,,,,,,0.0,0.0
-144422822861230009-2601031237-3,7533,2601031242,2601031243,3,,S,S5,Bietigheim-Bissingen|Tamm(Württ),8000630,Asperg,Baden-Württemberg,Asperg,71679,9.147977466,48.90725609,4,2601031243,,2601031243,,,,,,,,,,,1.0,0.0
-3504815606642380245-2601031222-3,28467,2601031227,2601031228,3,,S,S5,Bietigheim-Bissingen|Tamm(Württ),8000630,Asperg,Baden-Württemberg,Asperg,71679,9.147977466,48.90725609,4,2601031227,,2601031228,,,,,,,,,,,0.0,0.0
-4761009494772144822-2601031152-10,7528,2601031217,2601031217,4,,S,S5,Stuttgart Schwabstr.|Stuttgart Feuersee|Stuttgart Stadtmitte|Stuttgart Hbf (tief)|Stuttgart Nordbahnhof|Stuttgart-Feuerbach|Stuttgart-Zuffenhausen|Kornwestheim Pbf|Ludwigsburg,8000630,Asperg,Baden-Württemberg,Asperg,71679,9.147977466,48.90725609,4,2601031218,,2601031218,,,,,,,,,,,1.0,1.0
-182569074075306425-2601031222-10,7530,2601031247,2601031247,4,,S,S5,Stuttgart Schwabstr.|Stuttgart Feuersee|Stuttgart Stadtmitte|Stuttgart Hbf (tief)|Stuttgart Nordbahnhof|Stuttgart-Feuerbach|Stuttgart-Zuffenhausen|Kornwestheim Pbf|Ludwigsburg,8000630,Asperg,Baden-Württemberg,Asperg,71679,9.147977466,48.90725609,4,,,,,,,,,,,,c,c,0.0,0.0
-4288525857753429602-2601031252-3,28469,2601031257,2601031258,3,,S,S5,Bietigheim-Bissingen|Tamm(Württ),8000630,Asperg,Baden-Württemberg,Asperg,71679,9.147977466,48.90725609,4,2601031257,,2601031258,,,,,,,,,,,0.0,0.0
2930744972942057808-2601031207-3,7531,2601031212,2601031213,3,,S,S5,Bietigheim-Bissingen|Tamm(Württ),8000630,Asperg,Baden-Württemberg,Asperg,71679,9.147977466,48.90725609,4,,,,,,,,,,,,c,c,0.0,0.0
-97699751698418973-2601031241-1,7333,,2601031241,,,S,S3,,8000016,Backnang,Baden-Württemberg,Backnang,71522,9.425986107,48.94264844,3,,,2601031241,,,,,,,,,,,0.0,0.0
-3193439599918682335-2601031132-7,17530,2601031206,2601031207,4,,RB,MEX19,Gaildorf West|Fichtenberg|Fornsbach|Murrhardt|Sulzbach(Murr)|Oppenweiler(Württ),8000016,Backnang,Baden-Württemberg,Backnang,71522,9.425986107,48.94264844,3,2601031208,,2601031209,,,,,,,,,,,2.0,2.0
-7749775710427008689-2601031038-16,88614,2601031236,2601031238,4,,ARV,RE90,Nürnberg Hbf|Roßtal|Heilsbronn|Wicklesgreuth|Ansbach|Leutershausen-Wiedersbach|Dombühl|Schnelldorf|Crailsheim|Eckartshausen-Ilshofen|Schwäbisch Hall-Hessental|Gaildorf West|Murrhardt|Sulzbach(Murr)|Oppenweiler(Württ),8000016,Backnang,Baden-Württemberg,Backnang,71522,9.425986107,48.94264844,3,2601031237,,2601031238,,,,,,,,,,,1.0,0.0
4152739802628459938-2601031155-5,17525,2601031220,2601031221,4,,RE,MEX90,Stuttgart Hbf|Stuttgart-Bad Cannstatt|Waiblingen|Winnenden,8000016,Backnang,Baden-Württemberg,Backnang,71522,9.425986107,48.94264844,3,2601031226,,2601031227,,,,,,,,,,,6.0,6.0
-2797726383545175511-2601031226-1,28327,,2601031226,,,S,S3,,8000016,Backnang,Baden-Württemberg,Backnang,71522,9.425986107,48.94264844,3,,,2601031228,,,,,,,,,,,0.0,2.0
5127975581387066276-2601031202-17,7426,2601031252,,1,,S,,Stuttgart Schwabstr.|Stuttgart Feuersee|Stuttgart Stadtmitte|Stuttgart Hbf (tief)|Stuttgart Nordbahnhof|Stuttgart-Feuerbach|Stuttgart-Zuffenhausen|Kornwestheim Pbf|Ludwigsburg|Favoritepark|Freiberg(Neckar)|Benningen(Neckar)|Marbach(Neckar)|Erdmannhausen|Kirchberg(Murr)|Burgstall(Murr),8000016,Backnang,Baden-Württemberg,Backnang,71522,9.425986107,48.94264844,3,2601031253,,,,,,,,,,,,,1.0,0.0
-960944489364412818-2601031233-1,7433,,2601031233,,,S,S4,,8000016,Backnang,Baden-Württemberg,Backnang,71522,9.425986107,48.94264844,3,,,2601031233,,,,,,,,,,,0.0,0.0
-701678331120959432-2601031132-17,7424,2601031222,,1,,S,,Stuttgart Schwabstr.|Stuttgart Feuersee|Stuttgart Stadtmitte|Stuttgart Hbf (tief)|Stuttgart Nordbahnhof|Stuttgart-Feuerbach|Stuttgart-Zuffenhausen|Kornwestheim Pbf|Ludwigsburg|Favoritepark|Freiberg(Neckar)|Benningen(Neckar)|Marbach(Neckar)|Erdmannhausen|Kirchberg(Murr)|Burgstall(Murr),8000016,Backnang,Baden-Württemberg,Backnang,71522,9.425986107,48.94264844,3,2601031222,,,,h,1,Störung,,,,,,,0.0,0.0
4960236751390972026-2601031200-18,7328,2601031248,,5,,S,,Stuttgart-Vaihingen|Stuttgart-Österfeld|Stuttgart Universität|Stuttgart Schwabstr.|Stuttgart Feuersee|Stuttgart Stadtmitte|Stuttgart Hbf (tief)|Stuttgart-Bad Cannstatt|Stuttgart Nürnberger Str.|Stuttgart-Sommerrain|Fellbach|Waiblingen|Neustadt-Hohenacker|Schwaikheim|Winnenden|Nellmersbach|Maubach,8000016,Backnang,Baden-Württemberg,Backnang,71522,9.425986107,48.94264844,3,2601031248,,,,,,,,,,,,,0.0,0.0
8851012744564607240-2601031211-1,7331,,2601031211,,,S,S3,,8000016,Backnang,Baden-Württemberg,Backnang,71522,9.425986107,48.94264844,3,,,2601031212,,,,,,,,,,,0.0,1.0
-5605026880843091945-2601031256-1,28329,,2601031256,,,S,S3,,8000016,Backnang,Baden-Württemberg,Backnang,71522,9.425986107,48.94264844,3,,,2601031256,,,,,,,,,,,0.0,0.0
-3901454027336800522-2601031203-1,7431,,2601031203,,,S,S4,,8000016,Backnang,Baden-Württemberg,Backnang,71522,9.425986107,48.94264844,3,,,2601031203,,,,,,,,,,,0.0,0.0
-4536433194496505288-2601031130-18,7326,2601031218,,5,,S,,Stuttgart-Vaihingen|Stuttgart-Österfeld|Stuttgart Universität|Stuttgart Schwabstr.|Stuttgart Feuersee|Stuttgart Stadtmitte|Stuttgart Hbf (tief)|Stuttgart-Bad Cannstatt|Stuttgart Nürnberger Str.|Stuttgart-Sommerrain|Fellbach|Waiblingen|Neustadt-Hohenacker|Schwaikheim|Winnenden|Nellmersbach|Maubach,8000016,Backnang,Baden-Württemberg,Backnang,71522,9.425986107,48.94264844,3,2601031222,,,,,,,,,,,,,4.0,0.0
-7226438864905084030-2601031115-18,28322,2601031203,,5,,S,,Stuttgart-Vaihingen|Stuttgart-Österfeld|Stuttgart Universität|Stuttgart Schwabstr.|Stuttgart Feuersee|Stuttgart Stadtmitte|Stuttgart Hbf (tief)|Stuttgart-Bad Cannstatt|Stuttgart Nürnberger Str.|Stuttgart-Sommerrain|Fellbach|Waiblingen|Neustadt-Hohenacker|Schwaikheim|Winnenden|Nellmersbach|Maubach,8000016,Backnang,Baden-Württemberg,Backnang,71522,9.425986107,48.94264844,3,2601031205,,,,,,,,,,,,,2.0,0.0
3982192266941366031-2601031226-5,17527,2601031251,2601031252,4,,RB,MEX19,Stuttgart Hbf|Stuttgart-Bad Cannstatt|Waiblingen|Winnenden,8000016,Backnang,Baden-Württemberg,Backnang,71522,9.425986107,48.94264844,3,2601031252,,2601031252,,,,,,,,,,,1.0,0.0
5274226899640306616-2601031145-18,28324,2601031233,,5,,S,,Stuttgart-Vaihingen|Stuttgart-Österfeld|Stuttgart Universität|Stuttgart Schwabstr.|Stuttgart Feuersee|Stuttgart Stadtmitte|Stuttgart Hbf (tief)|Stuttgart-Bad Cannstatt|Stuttgart Nürnberger Str.|Stuttgart-Sommerrain|Fellbach|Waiblingen|Neustadt-Hohenacker|Schwaikheim|Winnenden|Nellmersbach|Maubach,8000016,Backnang,Baden-Württemberg,Backnang,71522,9.425986107,48.94264844,3,2601031234,,,,,,,,,,,,,1.0,0.0
-4501469853120362621-2601031210-2,28395,2601031212,2601031212,2,,S,S4,Marbach(Neckar),8000873,Benningen (Neckar),Baden-Württemberg,Benningen am Neckar,71726,9.244299075,48.94379773,5,2601031212,,2601031212,,,,,,,,,,,0.0,0.0
5127975581387066276-2601031202-12,7426,2601031232,2601031233,1,,S,S4,Stuttgart Schwabstr.|Stuttgart Feuersee|Stuttgart Stadtmitte|Stuttgart Hbf (tief)|Stuttgart Nordbahnhof|Stuttgart-Feuerbach|Stuttgart-Zuffenhausen|Kornwestheim Pbf|Ludwigsburg|Favoritepark|Freiberg(Neckar),8000873,Benningen (Neckar),Baden-Württemberg,Benningen am Neckar,71726,9.244299075,48.94379773,5,2601031235,,2601031235,,,,,,,,,,,3.0,2.0
-960944489364412818-2601031233-6,7433,2601031257,2601031257,2,,S,S4,Backnang|Burgstall(Murr)|Kirchberg(Murr)|Erdmannhausen|Marbach(Neckar),8000873,Benningen (Neckar),Baden-Württemberg,Benningen am Neckar,71726,9.244299075,48.94379773,5,2601031257,,2601031257,,,,,,,,,,,0.0,0.0
-701678331120959432-2601031132-12,7424,2601031202,2601031203,1,,S,S4,Stuttgart Schwabstr.|Stuttgart Feuersee|Stuttgart Stadtmitte|Stuttgart Hbf (tief)|Stuttgart Nordbahnhof|Stuttgart-Feuerbach|Stuttgart-Zuffenhausen|Kornwestheim Pbf|Ludwigsburg|Favoritepark|Freiberg(Neckar),8000873,Benningen (Neckar),Baden-Württemberg,Benningen am Neckar,71726,9.244299075,48.94379773,5,2601031206,,2601031205,,h,1,Störung,,,,,,,4.0,2.0
6534681549550626676-2601031217-12,28398,2601031247,2601031248,1,,S,S4,Stuttgart Schwabstr.|Stuttgart Feuersee|Stuttgart Stadtmitte|Stuttgart Hbf (tief)|Stuttgart Nordbahnhof|Stuttgart-Feuerbach|Stuttgart-Zuffenhausen|Kornwestheim Pbf|Ludwigsburg|Favoritepark|Freiberg(Neckar),8000873,Benningen (Neckar),Baden-Württemberg,Benningen am Neckar,71726,9.244299075,48.94379773,5,2601031251,,2601031252,,,,,,,,,,,4.0,4.0
4009390930234313645-2601031147-12,28396,2601031217,2601031218,1,,S,S4,Stuttgart Schwabstr.|Stuttgart Feuersee|Stuttgart Stadtmitte|Stuttgart Hbf (tief)|Stuttgart Nordbahnhof|Stuttgart-Feuerbach|Stuttgart-Zuffenhausen|Kornwestheim Pbf|Ludwigsburg|Favoritepark|Freiberg(Neckar),8000873,Benningen (Neckar),Baden-Württemberg,Benningen am Neckar,71726,9.244299075,48.94379773,5,2601031218,,2601031218,,,,,,,,,,,1.0,0.0
-3901454027336800522-2601031203-6,7431,2601031227,2601031227,2,,S,S4,Backnang|Burgstall(Murr)|Kirchberg(Murr)|Erdmannhausen|Marbach(Neckar),8000873,Benningen (Neckar),Baden-Württemberg,Benningen am Neckar,71726,9.244299075,48.94379773,5,2601031227,,2601031228,,,,,,,,,,,0.0,1.0
-1050718254766280262-2601031240-2,28397,2601031242,2601031242,2,,S,S4,Marbach(Neckar),8000873,Benningen (Neckar),Baden-Württemberg,Benningen am Neckar,71726,9.244299075,48.94379773,5,2601031242,,2601031242,,,,,,,,,,,0.0,0.0
-8725533177147162662-2601031233-6,7829,2601031245,2601031245,2,,S,S2,Schorndorf|Weiler(Rems)|Winterbach(b Schorndorf)|Geradstetten|Grunbach,8000934,Beutelsbach,Baden-Württemberg,Weinstadt,71384,9.38551589,48.81038925,5,2601031245,,2601031245,,,,,,,,,,,0.0,0.0
3177327826888597271-2601031218-6,7233,2601031230,2601031230,2,,S,S2,Schorndorf|Weiler(Rems)|Winterbach(b Schorndorf)|Geradstetten|Grunbach,8000934,Beutelsbach,Baden-Württemberg,Weinstadt,71384,9.38551589,48.81038925,5,2601031230,,2601031231,,,,,,,,,,,0.0,1.0
504511267373916834-2601031148-22,7828,2601031243,2601031243,1,,S,S2,Filderstadt|Stuttgart Flughafen/Messe|Echterdingen|Leinfelden|Oberaichen|Stuttgart-Rohr|Stuttgart-Vaihingen|Stuttgart-Österfeld|Stuttgart Universität|Stuttgart Schwabstr.|Stuttgart Feuersee|Stuttgart Stadtmitte|Stuttgart Hbf (tief)|Stuttgart-Bad Cannstatt|Stuttgart Nürnberger Str.|Stuttgart-Sommerrain|Fellbach|Waiblingen|Rommelshausen|Stetten-Beinstein|Endersbach,8000934,Beutelsbach,Baden-Württemberg,Weinstadt,71384,9.38551589,48.81038925,5,2601031243,,2601031244,,,,,,,,,,,0.0,1.0
-2732981563110923380-2601031148-6,7231,2601031200,2601031200,2,,S,S2,Schorndorf|Weiler(Rems)|Winterbach(b Schorndorf)|Geradstetten|Grunbach,8000934,Beutelsbach,Baden-Württemberg,Weinstadt,71384,9.38551589,48.81038925,5,2601031200,,2601031201,,,,,,,,,,,0.0,1.0
-4520082460048067316-2601031203-6,7827,2601031215,2601031215,2,,S,S2,Schorndorf|Weiler(Rems)|Winterbach(b Schorndorf)|Geradstetten|Grunbach,8000934,Beutelsbach,Baden-Württemberg,Weinstadt,71384,9.38551589,48.81038925,5,2601031216,,2601031216,,,,,,,,,,,1.0,1.0
-4376819822122462379-2601031133-22,7226,2601031228,2601031228,1,,S,S2,Filderstadt|Stuttgart Flughafen/Messe|Echterdingen|Leinfelden|Oberaichen|Stuttgart-Rohr|Stuttgart-Vaihingen|Stuttgart-Österfeld|Stuttgart Universität|Stuttgart Schwabstr.|Stuttgart Feuersee|Stuttgart Stadtmitte|Stuttgart Hbf (tief)|Stuttgart-Bad Cannstatt|Stuttgart Nürnberger Str.|Stuttgart-Sommerrain|Fellbach|Waiblingen|Rommelshausen|Stetten-Beinstein|Endersbach,8000934,Beutelsbach,Baden-Württemberg,Weinstadt,71384,9.38551589,48.81038925,5,2601031230,,2601031230,,,,,,,,,,,2.0,2.0
-3444202453718850758-2601031118-22,7826,2601031213,2601031213,1,,S,S2,Filderstadt|Stuttgart Flughafen/Messe|Echterdingen|Leinfelden|Oberaichen|Stuttgart-Rohr|Stuttgart-Vaihingen|Stuttgart-Österfeld|Stuttgart Universität|Stuttgart Schwabstr.|Stuttgart Feuersee|Stuttgart Stadtmitte|Stuttgart Hbf (tief)|Stuttgart-Bad Cannstatt|Stuttgart Nürnberger Str.|Stuttgart-Sommerrain|Fellbach|Waiblingen|Rommelshausen|Stetten-Beinstein|Endersbach,8000934,Beutelsbach,Baden-Württemberg,Weinstadt,71384,9.38551589,48.81038925,5,2601031216,,2601031216,,,,,,,,,,,3.0,3.0
6168129635936742431-2601031203-22,7228,2601031258,2601031258,1,,S,S2,Filderstadt|Stuttgart Flughafen/Messe|Echterdingen|Leinfelden|Oberaichen|Stuttgart-Rohr|Stuttgart-Vaihingen|Stuttgart-Österfeld|Stuttgart Universität|Stuttgart Schwabstr.|Stuttgart Feuersee|Stuttgart Stadtmitte|Stuttgart Hbf (tief)|Stuttgart-Bad Cannstatt|Stuttgart Nürnberger Str.|Stuttgart-Sommerrain|Fellbach|Waiblingen|Rommelshausen|Stetten-Beinstein|Endersbach,8000934,Beutelsbach,Baden-Württemberg,Weinstadt,71384,9.38551589,48.81038925,5,2601031259,,2601031259,,,,,,,,,,,1.0,1.0
2697541885442165569-2601031214-12,19517,2601031249,2601031250,4,,RE,MEX17,Pforzheim Hbf|Eutingen(Baden)|Niefern|Enzberg|Mühlacker|Mühlacker Rößlesweg|Illingen(Württ)|Vaihingen(Enz)|Sersheim|Sachsenheim|Ellental,8000038,Bietigheim-Bissingen,Baden-Württemberg,Bietigheim-Bissingen,74321,9.137217396,48.94794988,2,2601031249,,2601031250,,,,,,,,,,,0.0,0.0
-3253223981406463232-2601031136-20,19319,2601031255,2601031257,8,,RE,MEX18,Osterburken|Adelsheim Ost|Sennfeld|Roigheim|Möckmühl|Züttlingen|Siglingen|Neudenau|Herbolzheim(Jagst)|Untergriesheim|Bad Friedrichshall Hbf|Neckarsulm|Heilbronn Sülmertor|Heilbronn Hbf|Nordheim(Württ)|Lauffen(Neckar)|Kirchheim(Neckar)|Walheim(Württ)|Besigheim,8000038,Bietigheim-Bissingen,Baden-Württemberg,Bietigheim-Bissingen,74321,9.137217396,48.94794988,2,2601031255,,2601031257,,,,,,,,,,,0.0,0.0
6869395830049887240-2601031211-3,19068,2601031228,2601031229,10,,ARV,RE8,Stuttgart Hbf|Ludwigsburg,8000038,Bietigheim-Bissingen,Baden-Württemberg,Bietigheim-Bissingen,74321,9.137217396,48.94794988,2,2601031231,,2601031232,,h,2,Information,,,,,,,3.0,3.0
5899947868224939582-2601031146-3,19512,2601031203,2601031204,7,,RE,MEX17,Stuttgart Hbf|Ludwigsburg,8000038,Bietigheim-Bissingen,Baden-Württemberg,Bietigheim-Bissingen,74321,9.137217396,48.94794988,2,2601031203,,2601031204,,,,,,,,,,,0.0,0.0
-1322517664793731027-2601031137-12,28462,2601031209,,6,,S,,Stuttgart Schwabstr.|Stuttgart Feuersee|Stuttgart Stadtmitte|Stuttgart Hbf (tief)|Stuttgart Nordbahnhof|Stuttgart-Feuerbach|Stuttgart-Zuffenhausen|Kornwestheim Pbf|Ludwigsburg|Asperg|Tamm(Württ),8000038,Bietigheim-Bissingen,Baden-Württemberg,Bietigheim-Bissingen,74321,9.137217396,48.94794988,2,2601031213,5,,,h,1,Störung,,,,,,,4.0,0.0
8332536860707671559-2601031207-12,28464,2601031239,,6,,S,,Stuttgart Schwabstr.|Stuttgart Feuersee|Stuttgart Stadtmitte|Stuttgart Hbf (tief)|Stuttgart Nordbahnhof|Stuttgart-Feuerbach|Stuttgart-Zuffenhausen|Kornwestheim Pbf|Ludwigsburg|Asperg|Tamm(Württ),8000038,Bietigheim-Bissingen,Baden-Württemberg,Bietigheim-Bissingen,74321,9.137217396,48.94794988,2,2601031240,,,,,,,,,,,,,1.0,0.0
7698261313813520999-2601031105-13,19228,2601031235,2601031236,10,,RE,MEX12,Tübingen Hbf|Reutlingen Hbf|Metzingen(Württ)|Bempflingen|Nürtingen|Oberboihingen|Wendlingen(Neckar)|Plochingen|Esslingen(Neckar)|Stuttgart-Bad Cannstatt|Stuttgart Hbf|Ludwigsburg,8000038,Bietigheim-Bissingen,Baden-Württemberg,Bietigheim-Bissingen,74321,9.137217396,48.94794988,2,2601031236,,2601031237,,,,,,,,,,,1.0,1.0
-144422822861230009-2601031237-1,7533,,2601031237,,,S,S5,,8000038,Bietigheim-Bissingen,Baden-Württemberg,Bietigheim-Bissingen,74321,9.137217396,48.94794988,2,,,2601031237,,,,,,,,,,,0.0,0.0
-3504815606642380245-2601031222-1,28467,,2601031222,,,S,S5,,8000038,Bietigheim-Bissingen,Baden-Württemberg,Bietigheim-Bissingen,74321,9.137217396,48.94794988,2,,,2601031222,,,,,,,,,,,0.0,0.0
-4761009494772144822-2601031152-12,7528,2601031224,,6,,S,,Stuttgart Schwabstr.|Stuttgart Feuersee|Stuttgart Stadtmitte|Stuttgart Hbf (tief)|Stuttgart Nordbahnhof|Stuttgart-Feuerbach|Stuttgart-Zuffenhausen|Kornwestheim Pbf|Ludwigsburg|Asperg|Tamm(Württ),8000038,Bietigheim-Bissingen,Baden-Württemberg,Bietigheim-Bissingen,74321,9.137217396,48.94794988,2,2601031225,,,,,,,,,,,,,1.0,0.0
-182569074075306425-2601031222-12,7530,2601031254,,6,,S,,Stuttgart Schwabstr.|Stuttgart Feuersee|Stuttgart Stadtmitte|Stuttgart Hbf (tief)|Stuttgart Nordbahnhof|Stuttgart-Feuerbach|Stuttgart-Zuffenhausen|Kornwestheim Pbf|Ludwigsburg|Asperg|Tamm(Württ),8000038,Bietigheim-Bissingen,Baden-Württemberg,Bietigheim-Bissingen,74321,9.137217396,48.94794988,2,,,,,,,,,,,,c,,0.0,0.0
8642407475210179578-2601031232-1,19562,,2601031232,,,RE,MEX17,,8000038,Bietigheim-Bissingen,Baden-Württemberg,Bietigheim-Bissingen,74321,9.137217396,48.94794988,2,,,2601031233,,,,,,,,,,,0.0,1.0
-5042970796843621512-2601031157-7,19223,2601031222,2601031224,8,,RE,MEX12,Heilbronn Hbf|Nordheim(Württ)|Lauffen(Neckar)|Kirchheim(Neckar)|Walheim(Württ)|Besigheim,8000038,Bietigheim-Bissingen,Baden-Württemberg,Bietigheim-Bissingen,74321,9.137217396,48.94794988,2,2601031222,,2601031226,,,,,,,,,,,0.0,2.0
-2324017508792778686-2601031144-12,19555,2601031224,,7,,RE,,Pforzheim Hbf|Eutingen(Baden)|Niefern|Enzberg|Mühlacker|Mühlacker Rößlesweg|Illingen(Württ)|Vaihingen(Enz)|Sersheim|Sachsenheim|Ellental,8000038,Bietigheim-Bissingen,Baden-Württemberg,Bietigheim-Bissingen,74321,9.137217396,48.94794988,2,2601031224,,,,,,,,,,,,,0.0,0.0
-4288525857753429602-2601031252-1,28469,,2601031252,,,S,S5,,8000038,Bietigheim-Bissingen,Baden-Württemberg,Bietigheim-Bissingen,74321,9.137217396,48.94794988,2,,,2601031252,6,,,,,,,,,,0.0,0.0
2930744972942057808-2601031207-1,7531,,2601031207,,,S,S5,,8000038,Bietigheim-Bissingen,Baden-Württemberg,Bietigheim-Bissingen,74321,9.137217396,48.94794988,2,,,,,,,,,,,,,c,0.0,0.0
-5025124260235505458-2601031033-11,19314,2601031159,2601031200,10,,RE,MEX18,Tübingen Hbf|Reutlingen Hbf|Metzingen(Württ)|Nürtingen|Wendlingen(Neckar)|Plochingen|Esslingen(Neckar)|Stuttgart-Bad Cannstatt|Stuttgart Hbf|Ludwigsburg,8000038,Bietigheim-Bissingen,Baden-Württemberg,Bietigheim-Bissingen,74321,9.137217396,48.94794988,2,2601031200,,2601031200,,,,,,,,,,,1.0,0.0
5197957692469736326-2601031133-11,19316,2601031259,2601031300,10,,RE,MEX18,Tübingen Hbf|Reutlingen Hbf|Metzingen(Württ)|Nürtingen|Wendlingen(Neckar)|Plochingen|Esslingen(Neckar)|Stuttgart-Bad Cannstatt|Stuttgart Hbf|Ludwigsburg,8000038,Bietigheim-Bissingen,Baden-Württemberg,Bietigheim-Bissingen,74321,9.137217396,48.94794988,2,2601031304,,2601031305,,,,,,,,,,,5.0,5.0
6058100869638896125-2601031109-7,19065,2601031232,2601031232,8,,ARV,RE8,Lauda|Osterburken|Möckmühl|Bad Friedrichshall Hbf|Neckarsulm|Heilbronn Hbf,8000038,Bietigheim-Bissingen,Baden-Württemberg,Bietigheim-Bissingen,74321,9.137217396,48.94794988,2,2601031231,,2601031232,,h,2,Information,,,,,,,-1.0,0.0
3410717060998267101-2601031216-6,7132,2601031230,2601031230,3,,S,S1,Herrenberg|Nufringen|Gärtringen|Ehningen(b Böblingen)|Hulb,8001055,Böblingen,Baden-Württemberg,Böblingen,71034,9.004531864,48.68784871,3,2601031238,,2601031238,,,,,,,,,,,8.0,8.0
7608028257592331283-2601031204-1,7029,,2601031204,,,S,S60,,8001055,Böblingen,Baden-Württemberg,Böblingen,71034,9.004531864,48.68784871,3,,,2601031204,,,,,,,,,,,0.0,0.0
41668567353075799-2601031231-6,7730,2601031245,2601031245,3,,S,S1,Herrenberg|Nufringen|Gärtringen|Ehningen(b Böblingen)|Hulb,8001055,Böblingen,Baden-Württemberg,Böblingen,71034,9.004531864,48.68784871,3,2601031246,,2601031247,,,,,,,,,,,1.0,2.0
-5040164597006626382-2601031120-24,7129,2601031229,2601031229,4,,S,S1,Kirchheim(Teck)|Kirchheim(Teck)-Ötlingen|Wendlingen(Neckar)|Wernau(Neckar)|Plochingen|Altbach|Esslingen-Zell|Oberesslingen|Esslingen(Neckar)|Esslingen-Mettingen|Stuttgart-Obertürkheim|Stuttgart-Untertürkheim|Stuttgart Neckarpark|Stuttgart-Bad Cannstatt|Stuttgart Hbf (tief)|Stuttgart Stadtmitte|Stuttgart Feuersee|Stuttgart Schwabstr.|Stuttgart Universität|Stuttgart-Österfeld|Stuttgart-Vaihingen|Stuttgart-Rohr|Goldberg(Württ),8001055,Böblingen,Baden-Württemberg,Böblingen,71034,9.004531864,48.68784871,3,2601031231,,2601031233,,,,,,,,,,,2.0,4.0
-4197374811050490820-2601031122-20,7729,2601031214,2601031214,4,,S,S1,Plochingen|Altbach|Esslingen-Zell|Oberesslingen|Esslingen(Neckar)|Esslingen-Mettingen|Stuttgart-Obertürkheim|Stuttgart-Untertürkheim|Stuttgart Neckarpark|Stuttgart-Bad Cannstatt|Stuttgart Hbf (tief)|Stuttgart Stadtmitte|Stuttgart Feuersee|Stuttgart Schwabstr.|Stuttgart Universität|Stuttgart-Österfeld|Stuttgart-Vaihingen|Stuttgart-Rohr|Goldberg(Württ),8001055,Böblingen,Baden-Württemberg,Böblingen,71034,9.004531864,48.68784871,3,2601031214,,2601031214,,,,,,,,,,,0.0,0.0
8993379184971619733-2601031035-12,50380,2601031221,2601031222,2,,RE,IC87,Singen(Hohentwiel)|Engen|Tuttlingen|Spaichingen|Rottweil|Oberndorf(Neckar)|Sulz(Neckar)|Horb|Bondorf(b Herrenberg)|Gäufelden|Herrenberg,8001055,Böblingen,Baden-Württemberg,Böblingen,71034,9.004531864,48.68784871,3,2601031229,,2601031231,,,,,,,,,,,8.0,9.0
-1667866592525461048-2601031152-20,7731,2601031244,2601031244,4,,S,S1,Plochingen|Altbach|Esslingen-Zell|Oberesslingen|Esslingen(Neckar)|Esslingen-Mettingen|Stuttgart-Obertürkheim|Stuttgart-Untertürkheim|Stuttgart Neckarpark|Stuttgart-Bad Cannstatt|Stuttgart Hbf (tief)|Stuttgart Stadtmitte|Stuttgart Feuersee|Stuttgart Schwabstr.|Stuttgart Universität|Stuttgart-Österfeld|Stuttgart-Vaihingen|Stuttgart-Rohr|Goldberg(Württ),8001055,Böblingen,Baden-Württemberg,Böblingen,71034,9.004531864,48.68784871,3,2601031244,,2601031244,,,,,,,,,,,0.0,0.0
-8244462081615470367-2601031234-1,7031,,2601031234,,,S,S60,,8001055,Böblingen,Baden-Württemberg,Böblingen,71034,9.004531864,48.68784871,3,,,2601031234,,,,,,,,,,,0.0,0.0
4286078100246831779-2601031217-2,17639,2601031238,2601031239,5,,RE,RE14a,Stuttgart Hbf,8001055,Böblingen,Baden-Württemberg,Böblingen,71034,9.004531864,48.68784871,3,2601031238,,2601031239,,,,,,,,,,,0.0,0.0
4736637014602700336-2601031150-24,7131,2601031259,2601031259,4,,S,S1,Kirchheim(Teck)|Kirchheim(Teck)-Ötlingen|Wendlingen(Neckar)|Wernau(Neckar)|Plochingen|Altbach|Esslingen-Zell|Oberesslingen|Esslingen(Neckar)|Esslingen-Mettingen|Stuttgart-Obertürkheim|Stuttgart-Untertürkheim|Stuttgart Neckarpark|Stuttgart-Bad Cannstatt|Stuttgart Hbf (tief)|Stuttgart Stadtmitte|Stuttgart Feuersee|Stuttgart Schwabstr.|Stuttgart Universität|Stuttgart-Österfeld|Stuttgart-Vaihingen|Stuttgart-Rohr|Goldberg(Württ),8001055,Böblingen,Baden-Württemberg,Böblingen,71034,9.004531864,48.68784871,3,2601031301,,2601031302,,,,,,,,,,,2.0,3.0
-567364517811325165-2601031217-2,17637,2601031238,2601031239,5,,RE,RE14b,Stuttgart Hbf,8001055,Böblingen,Baden-Württemberg,Böblingen,71034,9.004531864,48.68784871,3,2601031238,,2601031239,,,,,,,,,,,0.0,0.0
-3839002302897574901-2601031157-21,7032,2601031256,,5,,S,,Stuttgart Schwabstr.|Stuttgart Feuersee|Stuttgart Stadtmitte|Stuttgart Hbf (tief)|Stuttgart Nordbahnhof|Stuttgart-Feuerbach|Stuttgart-Zuffenhausen|Neuwirtshaus(Porscheplatz)|Korntal|Weilimdorf|Ditzingen|Höfingen|Leonberg|Rutesheim|Renningen|Renningen Süd|Magstadt|Maichingen Nord|Maichingen|Sindelfingen,8001055,Böblingen,Baden-Württemberg,Böblingen,71034,9.004531864,48.68784871,3,2601031256,,,,,,,,,,,,,0.0,0.0
3529743929784818117-2601030937-14,380,2601031221,2601031222,2,,IC,,Zürich HB|Schaffhausen|Singen(Hohentwiel)|Engen|Tuttlingen|Spaichingen|Rottweil|Oberndorf(Neckar)|Sulz(Neckar)|Horb|Bondorf(b Herrenberg)|Gäufelden|Herrenberg,8001055,Böblingen,Baden-Württemberg,Böblingen,71034,9.004531864,48.68784871,3,2601031229,,2601031231,,h,3,Sonderansage,,,,,,,8.0,9.0
6621898459612569085-2601031127-21,7030,2601031226,,5,,S,,Stuttgart Schwabstr.|Stuttgart Feuersee|Stuttgart Stadtmitte|Stuttgart Hbf (tief)|Stuttgart Nordbahnhof|Stuttgart-Feuerbach|Stuttgart-Zuffenhausen|Neuwirtshaus(Porscheplatz)|Korntal|Weilimdorf|Ditzingen|Höfingen|Leonberg|Rutesheim|Renningen|Renningen Süd|Magstadt|Maichingen Nord|Maichingen|Sindelfingen,8001055,Böblingen,Baden-Württemberg,Böblingen,71034,9.004531864,48.68784871,3,2601031227,,,,,,,,,,,,,1.0,0.0
2059911478828825113-2601031201-6,7728,2601031215,2601031215,3,,S,S1,Herrenberg|Nufringen|Gärtringen|Ehningen(b Böblingen)|Hulb,8001055,Böblingen,Baden-Württemberg,Böblingen,71034,9.004531864,48.68784871,3,2601031217,,2601031218,,,,,,,,,,,2.0,3.0
700874854166477544-2601031228-2,187,2601031248,2601031250,5,,IC,,Stuttgart Hbf,8001055,Böblingen,Baden-Württemberg,Böblingen,71034,9.004531864,48.68784871,3,2601031249,,2601031250,,h,3,Sonderansage,,,,,,,1.0,0.0
-5759624544289762969-2601031146-6,7130,2601031200,2601031200,3,,S,S1,Herrenberg|Nufringen|Gärtringen|Ehningen(b Böblingen)|Hulb,8001055,Böblingen,Baden-Württemberg,Böblingen,71034,9.004531864,48.68784871,3,2601031201,,2601031201,,,,,,,,,,,1.0,1.0
6665004006593220666-2601031228-2,50187,2601031248,2601031250,5,,RE,IC87,Stuttgart Hbf,8001055,Böblingen,Baden-Württemberg,Böblingen,71034,9.004531864,48.68784871,3,2601031249,,2601031250,,,,,,,,,,,1.0,0.0
5127975581387066276-2601031202-16,7426,2601031247,2601031247,1,,S,S4,Stuttgart Schwabstr.|Stuttgart Feuersee|Stuttgart Stadtmitte|Stuttgart Hbf (tief)|Stuttgart Nordbahnhof|Stuttgart-Feuerbach|Stuttgart-Zuffenhausen|Kornwestheim Pbf|Ludwigsburg|Favoritepark|Freiberg(Neckar)|Benningen(Neckar)|Marbach(Neckar)|Erdmannhausen|Kirchberg(Murr),8001296,Burgstall (Murr),Baden-Württemberg,Burgstetten,71576,9.36973562,48.92851826,6,2601031248,,2601031248,,,,,,,,,,,1.0,1.0
-960944489364412818-2601031233-2,7433,2601031237,2601031238,1,,S,S4,Backnang,8001296,Burgstall (Murr),Baden-Württemberg,Burgstetten,71576,9.36973562,48.92851826,6,2601031237,,2601031238,,,,,,,,,,,0.0,0.0
-701678331120959432-2601031132-16,7424,2601031217,2601031217,1,,S,S4,Stuttgart Schwabstr.|Stuttgart Feuersee|Stuttgart Stadtmitte|Stuttgart Hbf (tief)|Stuttgart Nordbahnhof|Stuttgart-Feuerbach|Stuttgart-Zuffenhausen|Kornwestheim Pbf|Ludwigsburg|Favoritepark|Freiberg(Neckar)|Benningen(Neckar)|Marbach(Neckar)|Erdmannhausen|Kirchberg(Murr),8001296,Burgstall (Murr),Baden-Württemberg,Burgstetten,71576,9.36973562,48.92851826,6,2601031217,,2601031218,,h,1,Störung,,,,,,,0.0,1.0
-3901454027336800522-2601031203-2,7431,2601031207,2601031208,1,,S,S4,Backnang,8001296,Burgstall (Murr),Baden-Württemberg,Burgstetten,71576,9.36973562,48.92851826,6,2601031208,,2601031208,,,,,,,,,,,1.0,0.0
7608028257592331283-2601031204-11,7029,2601031239,2601031239,3,,S,S60,Böblingen|Sindelfingen|Maichingen|Maichingen Nord|Magstadt|Renningen Süd|Renningen|Rutesheim|Leonberg|Höfingen,8001476,Ditzingen,Baden-Württemberg,Ditzingen,71254,9.067095186,48.82358726,4,2601031239,,2601031239,,,,,,,,,,,0.0,0.0
-4444589756830246864-2601031218-7,7929,2601031239,2601031239,3,,S,S6,Weil der Stadt|Malmsheim|Renningen|Rutesheim|Leonberg|Höfingen,8001476,Ditzingen,Baden-Württemberg,Ditzingen,71254,9.067095186,48.82358726,4,2601031239,,2601031239,,,,,,,,,,,0.0,0.0
3131517444573088003-2601031148-7,7927,2601031209,2601031209,3,,S,S6,Weil der Stadt|Malmsheim|Renningen|Rutesheim|Leonberg|Höfingen,8001476,Ditzingen,Baden-Württemberg,Ditzingen,71254,9.067095186,48.82358726,4,2601031215,,2601031215,,,,,,,,,,,6.0,6.0
3519679731657304538-2601031142-11,7626,2601031206,2601031206,2,,S,S6,Stuttgart Schwabstr.|Stuttgart Feuersee|Stuttgart Stadtmitte|Stuttgart Hbf (tief)|Stuttgart Nordbahnhof|Stuttgart-Feuerbach|Stuttgart-Zuffenhausen|Neuwirtshaus(Porscheplatz)|Korntal|Weilimdorf,8001476,Ditzingen,Baden-Württemberg,Ditzingen,71254,9.067095186,48.82358726,4,2601031207,,2601031207,,,,,,,,,,,1.0,1.0
3112151770582767081-2601031157-11,7932,2601031221,2601031221,2,,S,S6,Stuttgart Schwabstr.|Stuttgart Feuersee|Stuttgart Stadtmitte|Stuttgart Hbf (tief)|Stuttgart Nordbahnhof|Stuttgart-Feuerbach|Stuttgart-Zuffenhausen|Neuwirtshaus(Porscheplatz)|Korntal|Weilimdorf,8001476,Ditzingen,Baden-Württemberg,Ditzingen,71254,9.067095186,48.82358726,4,2601031221,,2601031221,,,,,,,,,,,0.0,0.0
-7035220678398818959-2601031212-11,7628,2601031236,2601031236,2,,S,S6,Stuttgart Schwabstr.|Stuttgart Feuersee|Stuttgart Stadtmitte|Stuttgart Hbf (tief)|Stuttgart Nordbahnhof|Stuttgart-Feuerbach|Stuttgart-Zuffenhausen|Neuwirtshaus(Porscheplatz)|Korntal|Weilimdorf,8001476,Ditzingen,Baden-Württemberg,Ditzingen,71254,9.067095186,48.82358726,4,2601031239,,2601031239,,,,,,,,,,,3.0,3.0
-3839002302897574901-2601031157-11,7032,2601031221,2601031221,2,,S,S60,Stuttgart Schwabstr.|Stuttgart Feuersee|Stuttgart Stadtmitte|Stuttgart Hbf (tief)|Stuttgart Nordbahnhof|Stuttgart-Feuerbach|Stuttgart-Zuffenhausen|Neuwirtshaus(Porscheplatz)|Korntal|Weilimdorf,8001476,Ditzingen,Baden-Württemberg,Ditzingen,71254,9.067095186,48.82358726,4,2601031221,,2601031221,,,,,,,,,,,0.0,0.0
-2997586613667252816-2601031134-11,7027,2601031209,2601031209,3,,S,S60,Böblingen|Sindelfingen|Maichingen|Maichingen Nord|Magstadt|Renningen Süd|Renningen|Rutesheim|Leonberg|Höfingen,8001476,Ditzingen,Baden-Württemberg,Ditzingen,71254,9.067095186,48.82358726,4,2601031215,,2601031215,,,,,,,,,,,6.0,6.0
-7003931357074639826-2601031227-11,7934,2601031251,2601031251,2,,S,S6,Stuttgart Schwabstr.|Stuttgart Feuersee|Stuttgart Stadtmitte|Stuttgart Hbf (tief)|Stuttgart Nordbahnhof|Stuttgart-Feuerbach|Stuttgart-Zuffenhausen|Neuwirtshaus(Porscheplatz)|Korntal|Weilimdorf,8001476,Ditzingen,Baden-Württemberg,Ditzingen,71254,9.067095186,48.82358726,4,2601031251,,2601031251,,,,,,,,,,,0.0,0.0
-8922964933325247623-2601031233-7,7633,2601031254,2601031254,3,,S,S6,Weil der Stadt|Malmsheim|Renningen|Rutesheim|Leonberg|Höfingen,8001476,Ditzingen,Baden-Württemberg,Ditzingen,71254,9.067095186,48.82358726,4,2601031254,,2601031254,,,,,,,,,,,0.0,0.0
8207272767207255575-2601031203-7,7631,2601031224,2601031224,3,,S,S6,Weil der Stadt|Malmsheim|Renningen|Rutesheim|Leonberg|Höfingen,8001476,Ditzingen,Baden-Württemberg,Ditzingen,71254,9.067095186,48.82358726,4,2601031224,,2601031224,,,,,,,,,,,0.0,0.0
9194663872562058086-2601031227-11,7034,2601031251,2601031251,2,,S,S60,Stuttgart Schwabstr.|Stuttgart Feuersee|Stuttgart Stadtmitte|Stuttgart Hbf (tief)|Stuttgart Nordbahnhof|Stuttgart-Feuerbach|Stuttgart-Zuffenhausen|Neuwirtshaus(Porscheplatz)|Korntal|Weilimdorf,8001476,Ditzingen,Baden-Württemberg,Ditzingen,71254,9.067095186,48.82358726,4,2601031251,,2601031251,,,,,,,,,,,0.0,0.0
-5444629159346254541-2601031103-25,7823,2601031204,2601031205,1,,S,S2,Schorndorf|Weiler(Rems)|Winterbach(b Schorndorf)|Geradstetten|Grunbach|Beutelsbach|Endersbach|Stetten-Beinstein|Rommelshausen|Waiblingen|Fellbach|Stuttgart-Sommerrain|Stuttgart Nürnberger Str.|Stuttgart-Bad Cannstatt|Stuttgart Hbf (tief)|Stuttgart Stadtmitte|Stuttgart Feuersee|Stuttgart Schwabstr.|Stuttgart Universität|Stuttgart-Österfeld|Stuttgart-Vaihingen|Stuttgart-Rohr|Oberaichen|Leinfelden,8001650,Echterdingen,Baden-Württemberg,Echterdingen,70771,9.169307175,48.69214787,4,2601031204,,2601031205,,,,,,,,,,,0.0,0.0
6037380939760231204-2601031233-3,7230,2601031240,2601031240,2,,S,S2,Filderstadt|Stuttgart Flughafen/Messe,8001650,Echterdingen,Baden-Württemberg,Echterdingen,70771,9.169307175,48.69214787,4,2601031240,,2601031241,,,,,,,,,,,0.0,1.0
-2732981563110923380-2601031148-25,7231,2601031249,2601031250,1,,S,S2,Schorndorf|Weiler(Rems)|Winterbach(b Schorndorf)|Geradstetten|Grunbach|Beutelsbach|Endersbach|Stetten-Beinstein|Rommelshausen|Waiblingen|Fellbach|Stuttgart-Sommerrain|Stuttgart Nürnberger Str.|Stuttgart-Bad Cannstatt|Stuttgart Hbf (tief)|Stuttgart Stadtmitte|Stuttgart Feuersee|Stuttgart Schwabstr.|Stuttgart Universität|Stuttgart-Österfeld|Stuttgart-Vaihingen|Stuttgart-Rohr|Oberaichen|Leinfelden,8001650,Echterdingen,Baden-Württemberg,Echterdingen,70771,9.169307175,48.69214787,4,2601031250,,2601031251,,,,,,,,,,,1.0,1.0
-1430692459813981855-2601031248-3,7832,2601031255,2601031255,2,,S,S2,Filderstadt|Stuttgart Flughafen/Messe,8001650,Echterdingen,Baden-Württemberg,Echterdingen,70771,9.169307175,48.69214787,4,2601031255,,2601031255,,,,,,,,,,,0.0,0.0
-5681419952559341398-2601031133-25,7825,2601031234,2601031235,1,,S,S2,Schorndorf|Weiler(Rems)|Winterbach(b Schorndorf)|Geradstetten|Grunbach|Beutelsbach|Endersbach|Stetten-Beinstein|Rommelshausen|Waiblingen|Fellbach|Stuttgart-Sommerrain|Stuttgart Nürnberger Str.|Stuttgart-Bad Cannstatt|Stuttgart Hbf (tief)|Stuttgart Stadtmitte|Stuttgart Feuersee|Stuttgart Schwabstr.|Stuttgart Universität|Stuttgart-Österfeld|Stuttgart-Vaihingen|Stuttgart-Rohr|Oberaichen|Leinfelden,8001650,Echterdingen,Baden-Württemberg,Echterdingen,70771,9.169307175,48.69214787,4,2601031235,,2601031235,,,,,,,,,,,1.0,0.0
-7250951253539911335-2601031118-25,7229,2601031219,2601031220,1,,S,S2,Schorndorf|Weiler(Rems)|Winterbach(b Schorndorf)|Geradstetten|Grunbach|Beutelsbach|Endersbach|Stetten-Beinstein|Rommelshausen|Waiblingen|Fellbach|Stuttgart-Sommerrain|Stuttgart Nürnberger Str.|Stuttgart-Bad Cannstatt|Stuttgart Hbf (tief)|Stuttgart Stadtmitte|Stuttgart Feuersee|Stuttgart Schwabstr.|Stuttgart Universität|Stuttgart-Österfeld|Stuttgart-Vaihingen|Stuttgart-Rohr|Oberaichen|Leinfelden,8001650,Echterdingen,Baden-Württemberg,Echterdingen,70771,9.169307175,48.69214787,4,2601031224,,2601031225,,,,,,,,,,,5.0,5.0
-2740283852421142578-2601031218-3,7830,2601031225,2601031225,2,,S,S2,Filderstadt|Stuttgart Flughafen/Messe,8001650,Echterdingen,Baden-Württemberg,Echterdingen,70771,9.169307175,48.69214787,4,2601031225,,2601031225,,,,,,,,,,,0.0,0.0
6168129635936742431-2601031203-3,7228,2601031210,2601031210,2,,S,S2,Filderstadt|Stuttgart Flughafen/Messe,8001650,Echterdingen,Baden-Württemberg,Echterdingen,70771,9.169307175,48.69214787,4,2601031210,,2601031210,,,,,,,,,,,0.0,0.0
3410717060998267101-2601031216-4,7132,2601031225,2601031225,1,,S,S1,Herrenberg|Nufringen|Gärtringen,8001689,Ehningen (b Böblingen),Baden-Württemberg,Ehningen,71139,8.944310368,48.66275549,4,2601031232,,2601031232,,,,,,,,,,,7.0,7.0
-5490041423935091879-2601031246-4,7134,2601031255,2601031255,1,,S,S1,Herrenberg|Nufringen|Gärtringen,8001689,Ehningen (b Böblingen),Baden-Württemberg,Ehningen,71139,8.944310368,48.66275549,4,2601031256,,2601031256,,,,,,,,,,,1.0,1.0
41668567353075799-2601031231-4,7730,2601031240,2601031240,1,,S,S1,Herrenberg|Nufringen|Gärtringen,8001689,Ehningen (b Böblingen),Baden-Württemberg,Ehningen,71139,8.944310368,48.66275549,4,2601031240,,2601031241,,,,,,,,,,,0.0,1.0
-5040164597006626382-2601031120-26,7129,2601031234,2601031234,2,,S,S1,Kirchheim(Teck)|Kirchheim(Teck)-Ötlingen|Wendlingen(Neckar)|Wernau(Neckar)|Plochingen|Altbach|Esslingen-Zell|Oberesslingen|Esslingen(Neckar)|Esslingen-Mettingen|Stuttgart-Obertürkheim|Stuttgart-Untertürkheim|Stuttgart Neckarpark|Stuttgart-Bad Cannstatt|Stuttgart Hbf (tief)|Stuttgart Stadtmitte|Stuttgart Feuersee|Stuttgart Schwabstr.|Stuttgart Universität|Stuttgart-Österfeld|Stuttgart-Vaihingen|Stuttgart-Rohr|Goldberg(Württ)|Böblingen|Hulb,8001689,Ehningen (b Böblingen),Baden-Württemberg,Ehningen,71139,8.944310368,48.66275549,4,2601031237,,2601031238,,,,,,,,,,,3.0,4.0
-4197374811050490820-2601031122-22,7729,2601031219,2601031219,2,,S,S1,Plochingen|Altbach|Esslingen-Zell|Oberesslingen|Esslingen(Neckar)|Esslingen-Mettingen|Stuttgart-Obertürkheim|Stuttgart-Untertürkheim|Stuttgart Neckarpark|Stuttgart-Bad Cannstatt|Stuttgart Hbf (tief)|Stuttgart Stadtmitte|Stuttgart Feuersee|Stuttgart Schwabstr.|Stuttgart Universität|Stuttgart-Österfeld|Stuttgart-Vaihingen|Stuttgart-Rohr|Goldberg(Württ)|Böblingen|Hulb,8001689,Ehningen (b Böblingen),Baden-Württemberg,Ehningen,71139,8.944310368,48.66275549,4,2601031219,,2601031219,,,,,,,,,,,0.0,0.0
-8319398400678058003-2601031050-26,7127,2601031204,2601031204,2,,S,S1,Kirchheim(Teck)|Kirchheim(Teck)-Ötlingen|Wendlingen(Neckar)|Wernau(Neckar)|Plochingen|Altbach|Esslingen-Zell|Oberesslingen|Esslingen(Neckar)|Esslingen-Mettingen|Stuttgart-Obertürkheim|Stuttgart-Untertürkheim|Stuttgart Neckarpark|Stuttgart-Bad Cannstatt|Stuttgart Hbf (tief)|Stuttgart Stadtmitte|Stuttgart Feuersee|Stuttgart Schwabstr.|Stuttgart Universität|Stuttgart-Österfeld|Stuttgart-Vaihingen|Stuttgart-Rohr|Goldberg(Württ)|Böblingen|Hulb,8001689,Ehningen (b Böblingen),Baden-Württemberg,Ehningen,71139,8.944310368,48.66275549,4,2601031204,,2601031205,,,,,,,,,,,0.0,1.0
2059911478828825113-2601031201-4,7728,2601031210,2601031210,1,,S,S1,Herrenberg|Nufringen|Gärtringen,8001689,Ehningen (b Böblingen),Baden-Württemberg,Ehningen,71139,8.944310368,48.66275549,4,2601031212,,2601031212,,,,,,,,,,,2.0,2.0
-8725533177147162662-2601031233-7,7829,2601031247,2601031247,3,,S,S2,Schorndorf|Weiler(Rems)|Winterbach(b Schorndorf)|Geradstetten|Grunbach|Beutelsbach,8001785,Endersbach,Baden-Württemberg,Weinstadt,71384,9.370192421,48.81317323,4,2601031247,,2601031247,,,,,,,,,,,0.0,0.0
3177327826888597271-2601031218-7,7233,2601031232,2601031232,3,,S,S2,Schorndorf|Weiler(Rems)|Winterbach(b Schorndorf)|Geradstetten|Grunbach|Beutelsbach,8001785,Endersbach,Baden-Württemberg,Weinstadt,71384,9.370192421,48.81317323,4,2601031232,,2601031233,,,,,,,,,,,0.0,1.0
504511267373916834-2601031148-21,7828,2601031241,2601031241,2,,S,S2,Filderstadt|Stuttgart Flughafen/Messe|Echterdingen|Leinfelden|Oberaichen|Stuttgart-Rohr|Stuttgart-Vaihingen|Stuttgart-Österfeld|Stuttgart Universität|Stuttgart Schwabstr.|Stuttgart Feuersee|Stuttgart Stadtmitte|Stuttgart Hbf (tief)|Stuttgart-Bad Cannstatt|Stuttgart Nürnberger Str.|Stuttgart-Sommerrain|Fellbach|Waiblingen|Rommelshausen|Stetten-Beinstein,8001785,Endersbach,Baden-Württemberg,Weinstadt,71384,9.370192421,48.81317323,4,2601031241,,2601031242,,,,,,,,,,,0.0,1.0
-2732981563110923380-2601031148-7,7231,2601031202,2601031202,3,,S,S2,Schorndorf|Weiler(Rems)|Winterbach(b Schorndorf)|Geradstetten|Grunbach|Beutelsbach,8001785,Endersbach,Baden-Württemberg,Weinstadt,71384,9.370192421,48.81317323,4,2601031202,,2601031202,,,,,,,,,,,0.0,0.0
-4520082460048067316-2601031203-7,7827,2601031217,2601031217,3,,S,S2,Schorndorf|Weiler(Rems)|Winterbach(b Schorndorf)|Geradstetten|Grunbach|Beutelsbach,8001785,Endersbach,Baden-Württemberg,Weinstadt,71384,9.370192421,48.81317323,4,2601031218,,2601031218,,,,,,,,,,,1.0,1.0
-4376819822122462379-2601031133-21,7226,2601031226,2601031226,2,,S,S2,Filderstadt|Stuttgart Flughafen/Messe|Echterdingen|Leinfelden|Oberaichen|Stuttgart-Rohr|Stuttgart-Vaihingen|Stuttgart-Österfeld|Stuttgart Universität|Stuttgart Schwabstr.|Stuttgart Feuersee|Stuttgart Stadtmitte|Stuttgart Hbf (tief)|Stuttgart-Bad Cannstatt|Stuttgart Nürnberger Str.|Stuttgart-Sommerrain|Fellbach|Waiblingen|Rommelshausen|Stetten-Beinstein,8001785,Endersbach,Baden-Württemberg,Weinstadt,71384,9.370192421,48.81317323,4,2601031228,,2601031229,,,,,,,,,,,2.0,3.0
-3444202453718850758-2601031118-21,7826,2601031211,2601031211,2,,S,S2,Filderstadt|Stuttgart Flughafen/Messe|Echterdingen|Leinfelden|Oberaichen|Stuttgart-Rohr|Stuttgart-Vaihingen|Stuttgart-Österfeld|Stuttgart Universität|Stuttgart Schwabstr.|Stuttgart Feuersee|Stuttgart Stadtmitte|Stuttgart Hbf (tief)|Stuttgart-Bad Cannstatt|Stuttgart Nürnberger Str.|Stuttgart-Sommerrain|Fellbach|Waiblingen|Rommelshausen|Stetten-Beinstein,8001785,Endersbach,Baden-Württemberg,Weinstadt,71384,9.370192421,48.81317323,4,2601031214,,2601031214,,,,,,,,,,,3.0,3.0
6168129635936742431-2601031203-21,7228,2601031256,2601031256,2,,S,S2,Filderstadt|Stuttgart Flughafen/Messe|Echterdingen|Leinfelden|Oberaichen|Stuttgart-Rohr|Stuttgart-Vaihingen|Stuttgart-Österfeld|Stuttgart Universität|Stuttgart Schwabstr.|Stuttgart Feuersee|Stuttgart Stadtmitte|Stuttgart Hbf (tief)|Stuttgart-Bad Cannstatt|Stuttgart Nürnberger Str.|Stuttgart-Sommerrain|Fellbach|Waiblingen|Rommelshausen|Stetten-Beinstein,8001785,Endersbach,Baden-Württemberg,Weinstadt,71384,9.370192421,48.81317323,4,2601031257,,2601031258,,,,,,,,,,,1.0,2.0
5127975581387066276-2601031202-14,7426,2601031240,2601031240,1,,S,S4,Stuttgart Schwabstr.|Stuttgart Feuersee|Stuttgart Stadtmitte|Stuttgart Hbf (tief)|Stuttgart Nordbahnhof|Stuttgart-Feuerbach|Stuttgart-Zuffenhausen|Kornwestheim Pbf|Ludwigsburg|Favoritepark|Freiberg(Neckar)|Benningen(Neckar)|Marbach(Neckar),8001827,Erdmannhausen,Baden-Württemberg,Erdmannhausen,71729,9.298930848,48.9483447,6,2601031240,,2601031242,,,,,,,,,,,0.0,2.0
-960944489364412818-2601031233-4,7433,2601031247,2601031247,1,,S,S4,Backnang|Burgstall(Murr)|Kirchberg(Murr),8001827,Erdmannhausen,Baden-Württemberg,Erdmannhausen,71729,9.298930848,48.9483447,6,2601031247,,2601031247,,,,,,,,,,,0.0,0.0
-701678331120959432-2601031132-14,7424,2601031210,2601031210,1,,S,S4,Stuttgart Schwabstr.|Stuttgart Feuersee|Stuttgart Stadtmitte|Stuttgart Hbf (tief)|Stuttgart Nordbahnhof|Stuttgart-Feuerbach|Stuttgart-Zuffenhausen|Kornwestheim Pbf|Ludwigsburg|Favoritepark|Freiberg(Neckar)|Benningen(Neckar)|Marbach(Neckar),8001827,Erdmannhausen,Baden-Württemberg,Erdmannhausen,71729,9.298930848,48.9483447,6,2601031210,,2601031211,,h,1,Störung,,,,,,,0.0,1.0
-3901454027336800522-2601031203-4,7431,2601031217,2601031217,1,,S,S4,Backnang|Burgstall(Murr)|Kirchberg(Murr),8001827,Erdmannhausen,Baden-Württemberg,Erdmannhausen,71729,9.298930848,48.9483447,6,2601031217,,2601031217,,,,,,,,,,,0.0,0.0
-5722273275463151764-2601031204-3,19139,2601031215,2601031215,5,,ARV,MEX16,Stuttgart Hbf|Stuttgart-Bad Cannstatt,8001920,Esslingen (Neckar),Baden-Württemberg,Esslingen am Neckar,73728,9.300578149,48.73854148,3,2601031215,,2601031216,,,,,,,,,,,0.0,1.0
1836435062166220832-2601031131-21,7726,2601031227,2601031228,8,,S,S1,Herrenberg|Nufringen|Gärtringen|Ehningen(b Böblingen)|Hulb|Böblingen|Goldberg(Württ)|Stuttgart-Rohr|Stuttgart-Vaihingen|Stuttgart-Österfeld|Stuttgart Universität|Stuttgart Schwabstr.|Stuttgart Feuersee|Stuttgart Stadtmitte|Stuttgart Hbf (tief)|Stuttgart-Bad Cannstatt|Stuttgart Neckarpark|Stuttgart-Untertürkheim|Stuttgart-Obertürkheim|Esslingen-Mettingen,8001920,Esslingen (Neckar),Baden-Württemberg,Esslingen am Neckar,73728,9.300578149,48.73854148,3,2601031228,,2601031228,,,,,,,,,,,1.0,0.0
4695358664547013286-2601031036-20,19136,2601031201,2601031202,3,,ARV,MEX16,Ulm Hbf|Beimerstetten|Westerstetten|Lonsee|Urspring|Amstetten(Württ)|Geislingen(Steige)|Geislingen(Steige)West|Kuchen|Gingen(Fils)|Süßen|Salach|Eislingen(Fils)|Göppingen|Faurndau|Uhingen|Ebersbach(Fils)|Reichenbach(Fils)|Plochingen,8001920,Esslingen (Neckar),Baden-Württemberg,Esslingen am Neckar,73728,9.300578149,48.73854148,3,2601031204,,2601031204,,,,,,,,,,,3.0,2.0
1394235487267718911-2601031242-3,19141,2601031253,2601031254,5,,ARV,MEX16,Stuttgart Hbf|Stuttgart-Bad Cannstatt,8001920,Esslingen (Neckar),Baden-Württemberg,Esslingen am Neckar,73728,9.300578149,48.73854148,3,2601031253,6,2601031254,6,,,,,,,,,,0.0,0.0
-1667866592525461048-2601031152-5,7731,2601031202,2601031203,7,,S,S1,Plochingen|Altbach|Esslingen-Zell|Oberesslingen,8001920,Esslingen (Neckar),Baden-Württemberg,Esslingen am Neckar,73728,9.300578149,48.73854148,3,2601031202,,2601031203,,,,,,,,,,,0.0,0.0
-6319936848544854600-2601031220-9,7133,2601031247,2601031248,7,,S,S1,Kirchheim(Teck)|Kirchheim(Teck)-Ötlingen|Wendlingen(Neckar)|Wernau(Neckar)|Plochingen|Altbach|Esslingen-Zell|Oberesslingen,8001920,Esslingen (Neckar),Baden-Württemberg,Esslingen am Neckar,73728,9.300578149,48.73854148,3,2601031250,,2601031250,,,,,,,,,,,3.0,2.0
3158900998064725317-2601031116-21,7128,2601031212,2601031213,8,,S,S1,Herrenberg|Nufringen|Gärtringen|Ehningen(b Böblingen)|Hulb|Böblingen|Goldberg(Württ)|Stuttgart-Rohr|Stuttgart-Vaihingen|Stuttgart-Österfeld|Stuttgart Universität|Stuttgart Schwabstr.|Stuttgart Feuersee|Stuttgart Stadtmitte|Stuttgart Hbf (tief)|Stuttgart-Bad Cannstatt|Stuttgart Neckarpark|Stuttgart-Untertürkheim|Stuttgart-Obertürkheim|Esslingen-Mettingen,8001920,Esslingen (Neckar),Baden-Württemberg,Esslingen am Neckar,73728,9.300578149,48.73854148,3,2601031212,,2601031213,,,,,,,,,,,0.0,0.0
-1993606386599546493-2601031148-14,19138,2601031240,2601031240,3,,ARV,MEX16,Geislingen(Steige)|Geislingen(Steige)West|Kuchen|Gingen(Fils)|Süßen|Salach|Eislingen(Fils)|Göppingen|Faurndau|Uhingen|Ebersbach(Fils)|Reichenbach(Fils)|Plochingen,8001920,Esslingen (Neckar),Baden-Württemberg,Esslingen am Neckar,73728,9.300578149,48.73854148,3,2601031240,,2601031240,,,,,,,,,,,0.0,0.0
4736637014602700336-2601031150-9,7131,2601031217,2601031218,7,,S,S1,Kirchheim(Teck)|Kirchheim(Teck)-Ötlingen|Wendlingen(Neckar)|Wernau(Neckar)|Plochingen|Altbach|Esslingen-Zell|Oberesslingen,8001920,Esslingen (Neckar),Baden-Württemberg,Esslingen am Neckar,73728,9.300578149,48.73854148,3,2601031217,,2601031218,,,,,,,,,,,0.0,0.0
1899806724872395697-2601031222-5,7733,2601031232,2601031233,7,,S,S1,Plochingen|Altbach|Esslingen-Zell|Oberesslingen,8001920,Esslingen (Neckar),Baden-Württemberg,Esslingen am Neckar,73728,9.300578149,48.73854148,3,2601031233,,2601031233,,,,,,,,,,,1.0,0.0
2297543165058573928-2601031237-2,4217,2601031246,2601031248,5,,RE,RE5,Stuttgart Hbf,8001920,Esslingen (Neckar),Baden-Württemberg,Esslingen am Neckar,73728,9.300578149,48.73854148,3,2601031247,,2601031249,,h,2,Information,,,,,,,1.0,1.0
2059911478828825113-2601031201-21,7728,2601031257,2601031258,8,,S,S1,Herrenberg|Nufringen|Gärtringen|Ehningen(b Böblingen)|Hulb|Böblingen|Goldberg(Württ)|Stuttgart-Rohr|Stuttgart-Vaihingen|Stuttgart-Österfeld|Stuttgart Universität|Stuttgart Schwabstr.|Stuttgart Feuersee|Stuttgart Stadtmitte|Stuttgart Hbf (tief)|Stuttgart-Bad Cannstatt|Stuttgart Neckarpark|Stuttgart-Untertürkheim|Stuttgart-Obertürkheim|Esslingen-Mettingen,8001920,Esslingen (Neckar),Baden-Württemberg,Esslingen am Neckar,73728,9.300578149,48.73854148,3,2601031258,,2601031259,,,,,,,,,,,1.0,1.0
1366757169240187578-2601031005-12,4212,2601031212,2601031213,3,,RE,RE5,Friedrichshafen Stadt|Meckenbeuren|Ravensburg|Aulendorf|Bad Schussenried|Biberach(Riß)|Laupheim West|Ulm Hbf|Geislingen(Steige)|Göppingen|Plochingen,8001920,Esslingen (Neckar),Baden-Württemberg,Esslingen am Neckar,73728,9.300578149,48.73854148,3,2601031212,,2601031213,,h,2,Information,,,,,,,0.0,0.0
5127296555604559795-2601031036-24,19317,2601031234,2601031235,6,,RE,MEX18,Osterburken|Adelsheim Ost|Sennfeld|Roigheim|Möckmühl|Züttlingen|Siglingen|Neudenau|Herbolzheim(Jagst)|Untergriesheim|Bad Friedrichshall Hbf|Neckarsulm|Heilbronn Sülmertor|Heilbronn Hbf|Nordheim(Württ)|Lauffen(Neckar)|Kirchheim(Neckar)|Walheim(Württ)|Besigheim|Bietigheim-Bissingen|Ludwigsburg|Stuttgart Hbf|Stuttgart-Bad Cannstatt,8001920,Esslingen (Neckar),Baden-Württemberg,Esslingen am Neckar,73728,9.300578149,48.73854148,3,2601031234,,2601031236,,,,,,,,,,,0.0,1.0
-5759624544289762969-2601031146-21,7130,2601031242,2601031243,8,,S,S1,Herrenberg|Nufringen|Gärtringen|Ehningen(b Böblingen)|Hulb|Böblingen|Goldberg(Württ)|Stuttgart-Rohr|Stuttgart-Vaihingen|Stuttgart-Österfeld|Stuttgart Universität|Stuttgart Schwabstr.|Stuttgart Feuersee|Stuttgart Stadtmitte|Stuttgart Hbf (tief)|Stuttgart-Bad Cannstatt|Stuttgart Neckarpark|Stuttgart-Untertürkheim|Stuttgart-Obertürkheim|Esslingen-Mettingen,8001920,Esslingen (Neckar),Baden-Württemberg,Esslingen am Neckar,73728,9.300578149,48.73854148,3,2601031242,,2601031243,,,,,,,,,,,0.0,0.0
5197957692469736326-2601031133-7,19316,2601031218,2601031218,3,,RE,MEX18,Tübingen Hbf|Reutlingen Hbf|Metzingen(Württ)|Nürtingen|Wendlingen(Neckar)|Plochingen,8001920,Esslingen (Neckar),Baden-Württemberg,Esslingen am Neckar,73728,9.300578149,48.73854148,3,2601031228,,2601031229,,,,,,,,,,,10.0,11.0
5428406942819857702-2601031205-9,19230,2601031255,2601031255,7,,RE,MEX12,Tübingen Hbf|Reutlingen Hbf|Metzingen(Württ)|Bempflingen|Nürtingen|Oberboihingen|Wendlingen(Neckar)|Plochingen,8001920,Esslingen (Neckar),Baden-Württemberg,Esslingen am Neckar,73728,9.300578149,48.73854148,3,2601031257,,2601031258,,,,,,,,,,,2.0,3.0
-3458622020077786212-2601031057-11,19221,2601031204,2601031205,6,,RE,MEX12,Heilbronn Hbf|Nordheim(Württ)|Lauffen(Neckar)|Kirchheim(Neckar)|Walheim(Württ)|Besigheim|Bietigheim-Bissingen|Ludwigsburg|Stuttgart Hbf|Stuttgart-Bad Cannstatt,8001920,Esslingen (Neckar),Baden-Württemberg,Esslingen am Neckar,73728,9.300578149,48.73854148,3,2601031207,,2601031208,,,,,,,,,,,3.0,3.0
1836435062166220832-2601031131-20,7726,2601031224,2601031224,4,,S,S1,Herrenberg|Nufringen|Gärtringen|Ehningen(b Böblingen)|Hulb|Böblingen|Goldberg(Württ)|Stuttgart-Rohr|Stuttgart-Vaihingen|Stuttgart-Österfeld|Stuttgart Universität|Stuttgart Schwabstr.|Stuttgart Feuersee|Stuttgart Stadtmitte|Stuttgart Hbf (tief)|Stuttgart-Bad Cannstatt|Stuttgart Neckarpark|Stuttgart-Untertürkheim|Stuttgart-Obertürkheim,8001921,Esslingen-Mettingen,Baden-Württemberg,Esslingen am Neckar,73733,9.275799007,48.74696655,3,2601031226,,2601031226,,,,,,,,,,,2.0,2.0
-1667866592525461048-2601031152-6,7731,2601031205,2601031205,,,S,S1,Plochingen|Altbach|Esslingen-Zell|Oberesslingen|Esslingen(Neckar),8001921,Esslingen-Mettingen,Baden-Württemberg,Esslingen am Neckar,73733,9.275799007,48.74696655,3,2601031205,3,2601031205,3,,,,,,,,,,0.0,0.0
-6319936848544854600-2601031220-10,7133,2601031250,2601031250,,,S,S1,Kirchheim(Teck)|Kirchheim(Teck)-Ötlingen|Wendlingen(Neckar)|Wernau(Neckar)|Plochingen|Altbach|Esslingen-Zell|Oberesslingen|Esslingen(Neckar),8001921,Esslingen-Mettingen,Baden-Württemberg,Esslingen am Neckar,73733,9.275799007,48.74696655,3,2601031252,3,2601031252,3,,,,,,,,,,2.0,2.0
3158900998064725317-2601031116-20,7128,2601031209,2601031209,4,,S,S1,Herrenberg|Nufringen|Gärtringen|Ehningen(b Böblingen)|Hulb|Böblingen|Goldberg(Württ)|Stuttgart-Rohr|Stuttgart-Vaihingen|Stuttgart-Österfeld|Stuttgart Universität|Stuttgart Schwabstr.|Stuttgart Feuersee|Stuttgart Stadtmitte|Stuttgart Hbf (tief)|Stuttgart-Bad Cannstatt|Stuttgart Neckarpark|Stuttgart-Untertürkheim|Stuttgart-Obertürkheim,8001921,Esslingen-Mettingen,Baden-Württemberg,Esslingen am Neckar,73733,9.275799007,48.74696655,3,2601031210,,2601031210,,,,,,,,,,,1.0,1.0
4736637014602700336-2601031150-10,7131,2601031220,2601031220,,,S,S1,Kirchheim(Teck)|Kirchheim(Teck)-Ötlingen|Wendlingen(Neckar)|Wernau(Neckar)|Plochingen|Altbach|Esslingen-Zell|Oberesslingen|Esslingen(Neckar),8001921,Esslingen-Mettingen,Baden-Württemberg,Esslingen am Neckar,73733,9.275799007,48.74696655,3,2601031220,3,2601031220,3,,,,,,,,,,0.0,0.0
1899806724872395697-2601031222-6,7733,2601031235,2601031235,,,S,S1,Plochingen|Altbach|Esslingen-Zell|Oberesslingen|Esslingen(Neckar),8001921,Esslingen-Mettingen,Baden-Württemberg,Esslingen am Neckar,73733,9.275799007,48.74696655,3,2601031236,3,2601031236,3,,,,,,,,,,1.0,1.0
2059911478828825113-2601031201-20,7728,2601031254,2601031254,4,,S,S1,Herrenberg|Nufringen|Gärtringen|Ehningen(b Böblingen)|Hulb|Böblingen|Goldberg(Württ)|Stuttgart-Rohr|Stuttgart-Vaihingen|Stuttgart-Österfeld|Stuttgart Universität|Stuttgart Schwabstr.|Stuttgart Feuersee|Stuttgart Stadtmitte|Stuttgart Hbf (tief)|Stuttgart-Bad Cannstatt|Stuttgart Neckarpark|Stuttgart-Untertürkheim|Stuttgart-Obertürkheim,8001921,Esslingen-Mettingen,Baden-Württemberg,Esslingen am Neckar,73733,9.275799007,48.74696655,3,2601031256,,2601031256,,,,,,,,,,,2.0,2.0
-5759624544289762969-2601031146-20,7130,2601031239,2601031239,4,,S,S1,Herrenberg|Nufringen|Gärtringen|Ehningen(b Böblingen)|Hulb|Böblingen|Goldberg(Württ)|Stuttgart-Rohr|Stuttgart-Vaihingen|Stuttgart-Österfeld|Stuttgart Universität|Stuttgart Schwabstr.|Stuttgart Feuersee|Stuttgart Stadtmitte|Stuttgart Hbf (tief)|Stuttgart-Bad Cannstatt|Stuttgart Neckarpark|Stuttgart-Untertürkheim|Stuttgart-Obertürkheim,8001921,Esslingen-Mettingen,Baden-Württemberg,Esslingen am Neckar,73733,9.275799007,48.74696655,3,2601031239,,2601031240,,,,,,,,,,,0.0,1.0
1917902183543807700-2601031104-19,7724,2601031202,2601031203,4,,S,S1,Herrenberg|Böblingen|Goldberg(Württ)|Stuttgart-Rohr|Stuttgart-Vaihingen|Stuttgart-Österfeld|Stuttgart Universität|Stuttgart Schwabstr.|Stuttgart Feuersee|Stuttgart Stadtmitte|Stuttgart Hbf (tief)|Stuttgart-Bad Cannstatt|Stuttgart Neckarpark|Stuttgart-Untertürkheim|Stuttgart-Obertürkheim|Esslingen-Mettingen|Esslingen(Neckar)|Oberesslingen,8006642,Esslingen-Zell,Baden-Württemberg,Esslingen am Neckar,73730,9.359739507,48.72436142,3,2601031206,,2601031206,,,,,,,,,,,4.0,3.0
1836435062166220832-2601031131-23,7726,2601031232,2601031233,4,,S,S1,Herrenberg|Nufringen|Gärtringen|Ehningen(b Böblingen)|Hulb|Böblingen|Goldberg(Württ)|Stuttgart-Rohr|Stuttgart-Vaihingen|Stuttgart-Österfeld|Stuttgart Universität|Stuttgart Schwabstr.|Stuttgart Feuersee|Stuttgart Stadtmitte|Stuttgart Hbf (tief)|Stuttgart-Bad Cannstatt|Stuttgart Neckarpark|Stuttgart-Untertürkheim|Stuttgart-Obertürkheim|Esslingen-Mettingen|Esslingen(Neckar)|Oberesslingen,8006642,Esslingen-Zell,Baden-Württemberg,Esslingen am Neckar,73730,9.359739507,48.72436142,3,2601031233,,2601031233,,,,,,,,,,,1.0,0.0
7360062188173606239-2601031252-3,7735,2601031257,2601031257,3,,S,S1,Plochingen|Altbach,8006642,Esslingen-Zell,Baden-Württemberg,Esslingen am Neckar,73730,9.359739507,48.72436142,3,2601031257,,2601031258,,,,,,,,,,,0.0,1.0
-6319936848544854600-2601031220-7,7133,2601031242,2601031242,3,,S,S1,Kirchheim(Teck)|Kirchheim(Teck)-Ötlingen|Wendlingen(Neckar)|Wernau(Neckar)|Plochingen|Altbach,8006642,Esslingen-Zell,Baden-Württemberg,Esslingen am Neckar,73730,9.359739507,48.72436142,3,2601031245,,2601031245,,,,,,,,,,,3.0,3.0
3158900998064725317-2601031116-23,7128,2601031217,2601031218,4,,S,S1,Herrenberg|Nufringen|Gärtringen|Ehningen(b Böblingen)|Hulb|Böblingen|Goldberg(Württ)|Stuttgart-Rohr|Stuttgart-Vaihingen|Stuttgart-Österfeld|Stuttgart Universität|Stuttgart Schwabstr.|Stuttgart Feuersee|Stuttgart Stadtmitte|Stuttgart Hbf (tief)|Stuttgart-Bad Cannstatt|Stuttgart Neckarpark|Stuttgart-Untertürkheim|Stuttgart-Obertürkheim|Esslingen-Mettingen|Esslingen(Neckar)|Oberesslingen,8006642,Esslingen-Zell,Baden-Württemberg,Esslingen am Neckar,73730,9.359739507,48.72436142,3,2601031218,,2601031218,,,,,,,,,,,1.0,0.0
4736637014602700336-2601031150-7,7131,2601031212,2601031212,3,,S,S1,Kirchheim(Teck)|Kirchheim(Teck)-Ötlingen|Wendlingen(Neckar)|Wernau(Neckar)|Plochingen|Altbach,8006642,Esslingen-Zell,Baden-Württemberg,Esslingen am Neckar,73730,9.359739507,48.72436142,3,2601031212,,2601031212,,,,,,,,,,,0.0,0.0
1899806724872395697-2601031222-3,7733,2601031227,2601031227,3,,S,S1,Plochingen|Altbach,8006642,Esslingen-Zell,Baden-Württemberg,Esslingen am Neckar,73730,9.359739507,48.72436142,3,2601031228,,2601031228,,,,,,,,,,,1.0,1.0
-5759624544289762969-2601031146-23,7130,2601031247,2601031248,4,,S,S1,Herrenberg|Nufringen|Gärtringen|Ehningen(b Böblingen)|Hulb|Böblingen|Goldberg(Württ)|Stuttgart-Rohr|Stuttgart-Vaihingen|Stuttgart-Österfeld|Stuttgart Universität|Stuttgart Schwabstr.|Stuttgart Feuersee|Stuttgart Stadtmitte|Stuttgart Hbf (tief)|Stuttgart-Bad Cannstatt|Stuttgart Neckarpark|Stuttgart-Untertürkheim|Stuttgart-Obertürkheim|Esslingen-Mettingen|Esslingen(Neckar)|Oberesslingen,8006642,Esslingen-Zell,Baden-Württemberg,Esslingen am Neckar,73730,9.359739507,48.72436142,3,2601031247,,2601031248,,,,,,,,,,,0.0,0.0
-4501469853120362621-2601031210-4,28395,2601031218,2601031218,2,,S,S4,Marbach(Neckar)|Benningen(Neckar)|Freiberg(Neckar),8001967,Favoritepark,Baden-Württemberg,Ludwigsburg,71634,9.180574277,48.90948451,5,2601031219,,2601031219,,,,,,,,,,,1.0,1.0
5127975581387066276-2601031202-10,7426,2601031226,2601031226,1,,S,S4,Stuttgart Schwabstr.|Stuttgart Feuersee|Stuttgart Stadtmitte|Stuttgart Hbf (tief)|Stuttgart Nordbahnhof|Stuttgart-Feuerbach|Stuttgart-Zuffenhausen|Kornwestheim Pbf|Ludwigsburg,8001967,Favoritepark,Baden-Württemberg,Ludwigsburg,71634,9.180574277,48.90948451,5,2601031228,,2601031229,,,,,,,,,,,2.0,3.0
6534681549550626676-2601031217-10,28398,2601031241,2601031241,1,,S,S4,Stuttgart Schwabstr.|Stuttgart Feuersee|Stuttgart Stadtmitte|Stuttgart Hbf (tief)|Stuttgart Nordbahnhof|Stuttgart-Feuerbach|Stuttgart-Zuffenhausen|Kornwestheim Pbf|Ludwigsburg,8001967,Favoritepark,Baden-Württemberg,Ludwigsburg,71634,9.180574277,48.90948451,5,2601031245,,2601031245,,,,,,,,,,,4.0,4.0
4009390930234313645-2601031147-10,28396,2601031211,2601031211,1,,S,S4,Stuttgart Schwabstr.|Stuttgart Feuersee|Stuttgart Stadtmitte|Stuttgart Hbf (tief)|Stuttgart Nordbahnhof|Stuttgart-Feuerbach|Stuttgart-Zuffenhausen|Kornwestheim Pbf|Ludwigsburg,8001967,Favoritepark,Baden-Württemberg,Ludwigsburg,71634,9.180574277,48.90948451,5,2601031212,,2601031212,,,,,,,,,,,1.0,1.0
5693136962771673302-2601031232-10,7428,2601031256,2601031256,1,,S,S4,Stuttgart Schwabstr.|Stuttgart Feuersee|Stuttgart Stadtmitte|Stuttgart Hbf (tief)|Stuttgart Nordbahnhof|Stuttgart-Feuerbach|Stuttgart-Zuffenhausen|Kornwestheim Pbf|Ludwigsburg,8001967,Favoritepark,Baden-Württemberg,Ludwigsburg,71634,9.180574277,48.90948451,5,2601031256,,2601031256,,,,,,,,,,,0.0,0.0
-3901454027336800522-2601031203-8,7431,2601031233,2601031233,2,,S,S4,Backnang|Burgstall(Murr)|Kirchberg(Murr)|Erdmannhausen|Marbach(Neckar)|Benningen(Neckar)|Freiberg(Neckar),8001967,Favoritepark,Baden-Württemberg,Ludwigsburg,71634,9.180574277,48.90948451,5,2601031233,,2601031234,,,,,,,,,,,0.0,1.0
-1050718254766280262-2601031240-4,28397,2601031248,2601031248,2,,S,S4,Marbach(Neckar)|Benningen(Neckar)|Freiberg(Neckar),8001967,Favoritepark,Baden-Württemberg,Ludwigsburg,71634,9.180574277,48.90948451,5,2601031248,,2601031248,,,,,,,,,,,0.0,0.0
-2837347101663805561-2601031133-8,7429,2601031203,2601031203,2,,S,S4,Backnang|Burgstall(Murr)|Kirchberg(Murr)|Erdmannhausen|Marbach(Neckar)|Benningen(Neckar)|Freiberg(Neckar),8001967,Favoritepark,Baden-Württemberg,Ludwigsburg,71634,9.180574277,48.90948451,5,2601031204,,2601031204,,,,,,,,,,,1.0,1.0
-8725533177147162662-2601031233-11,7829,2601031257,2601031258,4,,S,S2,Schorndorf|Weiler(Rems)|Winterbach(b Schorndorf)|Geradstetten|Grunbach|Beutelsbach|Endersbach|Stetten-Beinstein|Rommelshausen|Waiblingen,8001974,Fellbach,Baden-Württemberg,Fellbach,70736,9.270645988,48.8202936,3,2601031257,,2601031258,,,,,,,,,,,0.0,0.0
3177327826888597271-2601031218-11,7233,2601031242,2601031243,4,,S,S2,Schorndorf|Weiler(Rems)|Winterbach(b Schorndorf)|Geradstetten|Grunbach|Beutelsbach|Endersbach|Stetten-Beinstein|Rommelshausen|Waiblingen,8001974,Fellbach,Baden-Württemberg,Fellbach,70736,9.270645988,48.8202936,3,2601031242,,2601031243,,,,,,,,,,,0.0,0.0
-2797726383545175511-2601031226-8,28327,2601031247,2601031248,4,,S,S3,Backnang|Maubach|Nellmersbach|Winnenden|Schwaikheim|Neustadt-Hohenacker|Waiblingen,8001974,Fellbach,Baden-Württemberg,Fellbach,70736,9.270645988,48.8202936,3,2601031247,,2601031248,,,,,,,,,,,0.0,0.0
504511267373916834-2601031148-17,7828,2601031231,2601031232,1,,S,S2,Filderstadt|Stuttgart Flughafen/Messe|Echterdingen|Leinfelden|Oberaichen|Stuttgart-Rohr|Stuttgart-Vaihingen|Stuttgart-Österfeld|Stuttgart Universität|Stuttgart Schwabstr.|Stuttgart Feuersee|Stuttgart Stadtmitte|Stuttgart Hbf (tief)|Stuttgart-Bad Cannstatt|Stuttgart Nürnberger Str.|Stuttgart-Sommerrain,8001974,Fellbach,Baden-Württemberg,Fellbach,70736,9.270645988,48.8202936,3,2601031232,,2601031232,,,,,,,,,,,1.0,0.0
-2732981563110923380-2601031148-11,7231,2601031212,2601031213,4,,S,S2,Schorndorf|Weiler(Rems)|Winterbach(b Schorndorf)|Geradstetten|Grunbach|Beutelsbach|Endersbach|Stetten-Beinstein|Rommelshausen|Waiblingen,8001974,Fellbach,Baden-Württemberg,Fellbach,70736,9.270645988,48.8202936,3,2601031212,,2601031213,,,,,,,,,,,0.0,0.0
4960236751390972026-2601031200-11,7328,2601031226,2601031227,1,,S,S3,Stuttgart-Vaihingen|Stuttgart-Österfeld|Stuttgart Universität|Stuttgart Schwabstr.|Stuttgart Feuersee|Stuttgart Stadtmitte|Stuttgart Hbf (tief)|Stuttgart-Bad Cannstatt|Stuttgart Nürnberger Str.|Stuttgart-Sommerrain,8001974,Fellbach,Baden-Württemberg,Fellbach,70736,9.270645988,48.8202936,3,2601031228,,2601031228,,,,,,,,,,,2.0,1.0
-4520082460048067316-2601031203-11,7827,2601031227,2601031228,4,,S,S2,Schorndorf|Weiler(Rems)|Winterbach(b Schorndorf)|Geradstetten|Grunbach|Beutelsbach|Endersbach|Stetten-Beinstein|Rommelshausen|Waiblingen,8001974,Fellbach,Baden-Württemberg,Fellbach,70736,9.270645988,48.8202936,3,2601031228,,2601031228,,,,,,,,,,,1.0,0.0
8851012744564607240-2601031211-8,7331,2601031232,2601031233,4,,S,S3,Backnang|Maubach|Nellmersbach|Winnenden|Schwaikheim|Neustadt-Hohenacker|Waiblingen,8001974,Fellbach,Baden-Württemberg,Fellbach,70736,9.270645988,48.8202936,3,2601031234,,2601031234,,,,,,,,,,,2.0,1.0
-4376819822122462379-2601031133-17,7226,2601031216,2601031217,1,,S,S2,Filderstadt|Stuttgart Flughafen/Messe|Echterdingen|Leinfelden|Oberaichen|Stuttgart-Rohr|Stuttgart-Vaihingen|Stuttgart-Österfeld|Stuttgart Universität|Stuttgart Schwabstr.|Stuttgart Feuersee|Stuttgart Stadtmitte|Stuttgart Hbf (tief)|Stuttgart-Bad Cannstatt|Stuttgart Nürnberger Str.|Stuttgart-Sommerrain,8001974,Fellbach,Baden-Württemberg,Fellbach,70736,9.270645988,48.8202936,3,2601031219,,2601031219,,,,,,,,,,,3.0,2.0
-3955134605586594139-2601031141-8,7329,2601031202,2601031203,4,,S,S3,Backnang|Maubach|Nellmersbach|Winnenden|Schwaikheim|Neustadt-Hohenacker|Waiblingen,8001974,Fellbach,Baden-Württemberg,Fellbach,70736,9.270645988,48.8202936,3,2601031203,,2601031203,,,,,,,,,,,1.0,0.0
5532078017754681393-2601031215-11,28326,2601031241,2601031242,1,,S,S3,Stuttgart-Vaihingen|Stuttgart-Österfeld|Stuttgart Universität|Stuttgart Schwabstr.|Stuttgart Feuersee|Stuttgart Stadtmitte|Stuttgart Hbf (tief)|Stuttgart-Bad Cannstatt|Stuttgart Nürnberger Str.|Stuttgart-Sommerrain,8001974,Fellbach,Baden-Württemberg,Fellbach,70736,9.270645988,48.8202936,3,2601031243,,2601031244,,,,,,,,,,,2.0,2.0
-83917606962888125-2601031156-8,28325,2601031217,2601031218,4,,S,S3,Backnang|Maubach|Nellmersbach|Winnenden|Schwaikheim|Neustadt-Hohenacker|Waiblingen,8001974,Fellbach,Baden-Württemberg,Fellbach,70736,9.270645988,48.8202936,3,2601031217,,2601031218,,,,,,,,,,,0.0,0.0
-3444202453718850758-2601031118-17,7826,2601031201,2601031202,1,,S,S2,Filderstadt|Stuttgart Flughafen/Messe|Echterdingen|Leinfelden|Oberaichen|Stuttgart-Rohr|Stuttgart-Vaihingen|Stuttgart-Österfeld|Stuttgart Universität|Stuttgart Schwabstr.|Stuttgart Feuersee|Stuttgart Stadtmitte|Stuttgart Hbf (tief)|Stuttgart-Bad Cannstatt|Stuttgart Nürnberger Str.|Stuttgart-Sommerrain,8001974,Fellbach,Baden-Württemberg,Fellbach,70736,9.270645988,48.8202936,3,2601031205,,2601031206,,,,,,,,,,,4.0,4.0
6168129635936742431-2601031203-17,7228,2601031246,2601031247,1,,S,S2,Filderstadt|Stuttgart Flughafen/Messe|Echterdingen|Leinfelden|Oberaichen|Stuttgart-Rohr|Stuttgart-Vaihingen|Stuttgart-Österfeld|Stuttgart Universität|Stuttgart Schwabstr.|Stuttgart Feuersee|Stuttgart Stadtmitte|Stuttgart Hbf (tief)|Stuttgart-Bad Cannstatt|Stuttgart Nürnberger Str.|Stuttgart-Sommerrain,8001974,Fellbach,Baden-Württemberg,Fellbach,70736,9.270645988,48.8202936,3,2601031248,,2601031249,,,,,,,,,,,2.0,2.0
7206179278625566012-2601031230-11,7330,2601031256,2601031257,1,,S,S3,Stuttgart-Vaihingen|Stuttgart-Österfeld|Stuttgart Universität|Stuttgart Schwabstr.|Stuttgart Feuersee|Stuttgart Stadtmitte|Stuttgart Hbf (tief)|Stuttgart-Bad Cannstatt|Stuttgart Nürnberger Str.|Stuttgart-Sommerrain,8001974,Fellbach,Baden-Württemberg,Fellbach,70736,9.270645988,48.8202936,3,2601031259,,2601031259,,,,,,,,,,,3.0,2.0
5274226899640306616-2601031145-11,28324,2601031211,2601031212,1,,S,S3,Stuttgart-Vaihingen|Stuttgart-Österfeld|Stuttgart Universität|Stuttgart Schwabstr.|Stuttgart Feuersee|Stuttgart Stadtmitte|Stuttgart Hbf (tief)|Stuttgart-Bad Cannstatt|Stuttgart Nürnberger Str.|Stuttgart-Sommerrain,8001974,Fellbach,Baden-Württemberg,Fellbach,70736,9.270645988,48.8202936,3,2601031213,,2601031213,,,,,,,,,,,2.0,1.0
-5444629159346254541-2601031103-26,7823,2601031207,2601031208,1,,S,S2,Schorndorf|Weiler(Rems)|Winterbach(b Schorndorf)|Geradstetten|Grunbach|Beutelsbach|Endersbach|Stetten-Beinstein|Rommelshausen|Waiblingen|Fellbach|Stuttgart-Sommerrain|Stuttgart Nürnberger Str.|Stuttgart-Bad Cannstatt|Stuttgart Hbf (tief)|Stuttgart Stadtmitte|Stuttgart Feuersee|Stuttgart Schwabstr.|Stuttgart Universität|Stuttgart-Österfeld|Stuttgart-Vaihingen|Stuttgart-Rohr|Oberaichen|Leinfelden|Echterdingen,8005768,Stuttgart Flughafen/Messe,Baden-Württemberg,Leinfelden-Echterdingen,70629,9.193411574,48.69075193,4,2601031208,,2601031208,,,,,,,,,,,1.0,0.0
6037380939760231204-2601031233-2,7230,2601031237,2601031238,2,,S,S2,Filderstadt,8005768,Stuttgart Flughafen/Messe,Baden-Württemberg,Leinfelden-Echterdingen,70629,9.193411574,48.69075193,4,2601031238,,2601031239,,,,,,,,,,,1.0,1.0
-2732981563110923380-2601031148-26,7231,2601031252,2601031253,1,,S,S2,Schorndorf|Weiler(Rems)|Winterbach(b Schorndorf)|Geradstetten|Grunbach|Beutelsbach|Endersbach|Stetten-Beinstein|Rommelshausen|Waiblingen|Fellbach|Stuttgart-Sommerrain|Stuttgart Nürnberger Str.|Stuttgart-Bad Cannstatt|Stuttgart Hbf (tief)|Stuttgart Stadtmitte|Stuttgart Feuersee|Stuttgart Schwabstr.|Stuttgart Universität|Stuttgart-Österfeld|Stuttgart-Vaihingen|Stuttgart-Rohr|Oberaichen|Leinfelden|Echterdingen,8005768,Stuttgart Flughafen/Messe,Baden-Württemberg,Leinfelden-Echterdingen,70629,9.193411574,48.69075193,4,2601031253,,2601031254,,,,,,,,,,,1.0,1.0
-1430692459813981855-2601031248-2,7832,2601031252,2601031253,2,,S,S2,Filderstadt,8005768,Stuttgart Flughafen/Messe,Baden-Württemberg,Leinfelden-Echterdingen,70629,9.193411574,48.69075193,4,2601031252,,2601031253,,,,,,,,,,,0.0,0.0
-5681419952559341398-2601031133-26,7825,2601031237,2601031238,1,,S,S2,Schorndorf|Weiler(Rems)|Winterbach(b Schorndorf)|Geradstetten|Grunbach|Beutelsbach|Endersbach|Stetten-Beinstein|Rommelshausen|Waiblingen|Fellbach|Stuttgart-Sommerrain|Stuttgart Nürnberger Str.|Stuttgart-Bad Cannstatt|Stuttgart Hbf (tief)|Stuttgart Stadtmitte|Stuttgart Feuersee|Stuttgart Schwabstr.|Stuttgart Universität|Stuttgart-Österfeld|Stuttgart-Vaihingen|Stuttgart-Rohr|Oberaichen|Leinfelden|Echterdingen,8005768,Stuttgart Flughafen/Messe,Baden-Württemberg,Leinfelden-Echterdingen,70629,9.193411574,48.69075193,4,2601031238,,2601031238,,,,,,,,,,,1.0,0.0
-7250951253539911335-2601031118-26,7229,2601031222,2601031223,1,,S,S2,Schorndorf|Weiler(Rems)|Winterbach(b Schorndorf)|Geradstetten|Grunbach|Beutelsbach|Endersbach|Stetten-Beinstein|Rommelshausen|Waiblingen|Fellbach|Stuttgart-Sommerrain|Stuttgart Nürnberger Str.|Stuttgart-Bad Cannstatt|Stuttgart Hbf (tief)|Stuttgart Stadtmitte|Stuttgart Feuersee|Stuttgart Schwabstr.|Stuttgart Universität|Stuttgart-Österfeld|Stuttgart-Vaihingen|Stuttgart-Rohr|Oberaichen|Leinfelden|Echterdingen,8005768,Stuttgart Flughafen/Messe,Baden-Württemberg,Leinfelden-Echterdingen,70629,9.193411574,48.69075193,4,2601031227,,2601031228,,,,,,,,,,,5.0,5.0
-2740283852421142578-2601031218-2,7830,2601031222,2601031223,2,,S,S2,Filderstadt,8005768,Stuttgart Flughafen/Messe,Baden-Württemberg,Leinfelden-Echterdingen,70629,9.193411574,48.69075193,4,2601031222,,2601031223,,,,,,,,,,,0.0,0.0
6168129635936742431-2601031203-2,7228,2601031207,2601031208,2,,S,S2,Filderstadt,8005768,Stuttgart Flughafen/Messe,Baden-Württemberg,Leinfelden-Echterdingen,70629,9.193411574,48.69075193,4,2601031207,,2601031208,,,,,,,,,,,0.0,0.0
-4501469853120362621-2601031210-3,28395,2601031215,2601031216,2,,S,S4,Marbach(Neckar)|Benningen(Neckar),8002065,Freiberg (Neckar),Baden-Württemberg,Freiberg am Neckar,71691,9.197530085,48.92994974,5,2601031216,,2601031216,,,,,,,,,,,1.0,0.0
5127975581387066276-2601031202-11,7426,2601031229,2601031229,3,,S,S4,Stuttgart Schwabstr.|Stuttgart Feuersee|Stuttgart Stadtmitte|Stuttgart Hbf (tief)|Stuttgart Nordbahnhof|Stuttgart-Feuerbach|Stuttgart-Zuffenhausen|Kornwestheim Pbf|Ludwigsburg|Favoritepark,8002065,Freiberg (Neckar),Baden-Württemberg,Freiberg am Neckar,71691,9.197530085,48.92994974,5,2601031231,,2601031232,,,,,,,,,,,2.0,3.0
6534681549550626676-2601031217-11,28398,2601031244,2601031244,3,,S,S4,Stuttgart Schwabstr.|Stuttgart Feuersee|Stuttgart Stadtmitte|Stuttgart Hbf (tief)|Stuttgart Nordbahnhof|Stuttgart-Feuerbach|Stuttgart-Zuffenhausen|Kornwestheim Pbf|Ludwigsburg|Favoritepark,8002065,Freiberg (Neckar),Baden-Württemberg,Freiberg am Neckar,71691,9.197530085,48.92994974,5,2601031248,,2601031248,,,,,,,,,,,4.0,4.0
4009390930234313645-2601031147-11,28396,2601031214,2601031214,3,,S,S4,Stuttgart Schwabstr.|Stuttgart Feuersee|Stuttgart Stadtmitte|Stuttgart Hbf (tief)|Stuttgart Nordbahnhof|Stuttgart-Feuerbach|Stuttgart-Zuffenhausen|Kornwestheim Pbf|Ludwigsburg|Favoritepark,8002065,Freiberg (Neckar),Baden-Württemberg,Freiberg am Neckar,71691,9.197530085,48.92994974,5,2601031215,,2601031215,,,,,,,,,,,1.0,1.0
5693136962771673302-2601031232-11,7428,2601031259,2601031259,3,,S,S4,Stuttgart Schwabstr.|Stuttgart Feuersee|Stuttgart Stadtmitte|Stuttgart Hbf (tief)|Stuttgart Nordbahnhof|Stuttgart-Feuerbach|Stuttgart-Zuffenhausen|Kornwestheim Pbf|Ludwigsburg|Favoritepark,8002065,Freiberg (Neckar),Baden-Württemberg,Freiberg am Neckar,71691,9.197530085,48.92994974,5,2601031259,,2601031259,,,,,,,,,,,0.0,0.0
-3901454027336800522-2601031203-7,7431,2601031230,2601031231,2,,S,S4,Backnang|Burgstall(Murr)|Kirchberg(Murr)|Erdmannhausen|Marbach(Neckar)|Benningen(Neckar),8002065,Freiberg (Neckar),Baden-Württemberg,Freiberg am Neckar,71691,9.197530085,48.92994974,5,2601031230,,2601031231,,,,,,,,,,,0.0,0.0
-1050718254766280262-2601031240-3,28397,2601031245,2601031246,2,,S,S4,Marbach(Neckar)|Benningen(Neckar),8002065,Freiberg (Neckar),Baden-Württemberg,Freiberg am Neckar,71691,9.197530085,48.92994974,5,2601031245,,2601031246,,,,,,,,,,,0.0,0.0
-2837347101663805561-2601031133-7,7429,2601031200,2601031201,2,,S,S4,Backnang|Burgstall(Murr)|Kirchberg(Murr)|Erdmannhausen|Marbach(Neckar)|Benningen(Neckar),8002065,Freiberg (Neckar),Baden-Württemberg,Freiberg am Neckar,71691,9.197530085,48.92994974,5,2601031201,,2601031201,,,,,,,,,,,1.0,0.0
3410717060998267101-2601031216-3,7132,2601031222,2601031222,2,,S,S1,Herrenberg|Nufringen,8002165,Gärtringen,Baden-Württemberg,Gärtringen,71116,8.908864487,48.64080021,5,2601031229,,2601031229,,,,,,,,,,,7.0,7.0
-5490041423935091879-2601031246-3,7134,2601031252,2601031252,2,,S,S1,Herrenberg|Nufringen,8002165,Gärtringen,Baden-Württemberg,Gärtringen,71116,8.908864487,48.64080021,5,2601031253,,2601031253,,,,,,,,,,,1.0,1.0
41668567353075799-2601031231-3,7730,2601031237,2601031237,2,,S,S1,Herrenberg|Nufringen,8002165,Gärtringen,Baden-Württemberg,Gärtringen,71116,8.908864487,48.64080021,5,2601031237,,2601031237,,,,,,,,,,,0.0,0.0
-5040164597006626382-2601031120-27,7129,2601031237,2601031237,1,,S,S1,Kirchheim(Teck)|Kirchheim(Teck)-Ötlingen|Wendlingen(Neckar)|Wernau(Neckar)|Plochingen|Altbach|Esslingen-Zell|Oberesslingen|Esslingen(Neckar)|Esslingen-Mettingen|Stuttgart-Obertürkheim|Stuttgart-Untertürkheim|Stuttgart Neckarpark|Stuttgart-Bad Cannstatt|Stuttgart Hbf (tief)|Stuttgart Stadtmitte|Stuttgart Feuersee|Stuttgart Schwabstr.|Stuttgart Universität|Stuttgart-Österfeld|Stuttgart-Vaihingen|Stuttgart-Rohr|Goldberg(Württ)|Böblingen|Hulb|Ehningen(b Böblingen),8002165,Gärtringen,Baden-Württemberg,Gärtringen,71116,8.908864487,48.64080021,5,2601031241,,2601031242,,,,,,,,,,,4.0,5.0
-4197374811050490820-2601031122-23,7729,2601031222,2601031222,1,,S,S1,Plochingen|Altbach|Esslingen-Zell|Oberesslingen|Esslingen(Neckar)|Esslingen-Mettingen|Stuttgart-Obertürkheim|Stuttgart-Untertürkheim|Stuttgart Neckarpark|Stuttgart-Bad Cannstatt|Stuttgart Hbf (tief)|Stuttgart Stadtmitte|Stuttgart Feuersee|Stuttgart Schwabstr.|Stuttgart Universität|Stuttgart-Österfeld|Stuttgart-Vaihingen|Stuttgart-Rohr|Goldberg(Württ)|Böblingen|Hulb|Ehningen(b Böblingen),8002165,Gärtringen,Baden-Württemberg,Gärtringen,71116,8.908864487,48.64080021,5,2601031222,,2601031222,,,,,,,,,,,0.0,0.0
-8319398400678058003-2601031050-27,7127,2601031207,2601031207,1,,S,S1,Kirchheim(Teck)|Kirchheim(Teck)-Ötlingen|Wendlingen(Neckar)|Wernau(Neckar)|Plochingen|Altbach|Esslingen-Zell|Oberesslingen|Esslingen(Neckar)|Esslingen-Mettingen|Stuttgart-Obertürkheim|Stuttgart-Untertürkheim|Stuttgart Neckarpark|Stuttgart-Bad Cannstatt|Stuttgart Hbf (tief)|Stuttgart Stadtmitte|Stuttgart Feuersee|Stuttgart Schwabstr.|Stuttgart Universität|Stuttgart-Österfeld|Stuttgart-Vaihingen|Stuttgart-Rohr|Goldberg(Württ)|Böblingen|Hulb|Ehningen(b Böblingen),8002165,Gärtringen,Baden-Württemberg,Gärtringen,71116,8.908864487,48.64080021,5,2601031208,,2601031208,,,,,,,,,,,1.0,1.0
2059911478828825113-2601031201-3,7728,2601031207,2601031207,2,,S,S1,Herrenberg|Nufringen,8002165,Gärtringen,Baden-Württemberg,Gärtringen,71116,8.908864487,48.64080021,5,2601031209,,2601031209,,,,,,,,,,,2.0,2.0
-8725533177147162662-2601031233-4,7829,2601031240,2601031241,1,,S,S2,Schorndorf|Weiler(Rems)|Winterbach(b Schorndorf),8002240,Geradstetten,Baden-Württemberg,Remshalden,73630,9.439522346,48.80527689,5,2601031240,,2601031241,,,,,,,,,,,0.0,0.0
3177327826888597271-2601031218-4,7233,2601031225,2601031226,1,,S,S2,Schorndorf|Weiler(Rems)|Winterbach(b Schorndorf),8002240,Geradstetten,Baden-Württemberg,Remshalden,73630,9.439522346,48.80527689,5,2601031226,,2601031226,,,,,,,,,,,1.0,0.0
504511267373916834-2601031148-24,7828,2601031247,2601031247,2,,S,S2,Filderstadt|Stuttgart Flughafen/Messe|Echterdingen|Leinfelden|Oberaichen|Stuttgart-Rohr|Stuttgart-Vaihingen|Stuttgart-Österfeld|Stuttgart Universität|Stuttgart Schwabstr.|Stuttgart Feuersee|Stuttgart Stadtmitte|Stuttgart Hbf (tief)|Stuttgart-Bad Cannstatt|Stuttgart Nürnberger Str.|Stuttgart-Sommerrain|Fellbach|Waiblingen|Rommelshausen|Stetten-Beinstein|Endersbach|Beutelsbach|Grunbach,8002240,Geradstetten,Baden-Württemberg,Remshalden,73630,9.439522346,48.80527689,5,2601031247,,2601031248,,,,,,,,,,,0.0,1.0
-4520082460048067316-2601031203-4,7827,2601031210,2601031211,1,,S,S2,Schorndorf|Weiler(Rems)|Winterbach(b Schorndorf),8002240,Geradstetten,Baden-Württemberg,Remshalden,73630,9.439522346,48.80527689,5,2601031211,,2601031212,,,,,,,,,,,1.0,1.0
-4376819822122462379-2601031133-24,7226,2601031232,2601031232,2,,S,S2,Filderstadt|Stuttgart Flughafen/Messe|Echterdingen|Leinfelden|Oberaichen|Stuttgart-Rohr|Stuttgart-Vaihingen|Stuttgart-Österfeld|Stuttgart Universität|Stuttgart Schwabstr.|Stuttgart Feuersee|Stuttgart Stadtmitte|Stuttgart Hbf (tief)|Stuttgart-Bad Cannstatt|Stuttgart Nürnberger Str.|Stuttgart-Sommerrain|Fellbach|Waiblingen|Rommelshausen|Stetten-Beinstein|Endersbach|Beutelsbach|Grunbach,8002240,Geradstetten,Baden-Württemberg,Remshalden,73630,9.439522346,48.80527689,5,2601031234,,2601031235,,,,,,,,,,,2.0,3.0
-5926818817737787503-2601031103-24,7224,2601031202,2601031202,2,,S,S2,Filderstadt|Stuttgart Flughafen/Messe|Echterdingen|Leinfelden|Oberaichen|Stuttgart-Rohr|Stuttgart-Vaihingen|Stuttgart-Österfeld|Stuttgart Universität|Stuttgart Schwabstr.|Stuttgart Feuersee|Stuttgart Stadtmitte|Stuttgart Hbf (tief)|Stuttgart-Bad Cannstatt|Stuttgart Nürnberger Str.|Stuttgart-Sommerrain|Fellbach|Waiblingen|Rommelshausen|Stetten-Beinstein|Endersbach|Beutelsbach|Grunbach,8002240,Geradstetten,Baden-Württemberg,Remshalden,73630,9.439522346,48.80527689,5,2601031206,,2601031206,,,,,,,,,,,4.0,4.0
-3444202453718850758-2601031118-24,7826,2601031217,2601031217,2,,S,S2,Filderstadt|Stuttgart Flughafen/Messe|Echterdingen|Leinfelden|Oberaichen|Stuttgart-Rohr|Stuttgart-Vaihingen|Stuttgart-Österfeld|Stuttgart Universität|Stuttgart Schwabstr.|Stuttgart Feuersee|Stuttgart Stadtmitte|Stuttgart Hbf (tief)|Stuttgart-Bad Cannstatt|Stuttgart Nürnberger Str.|Stuttgart-Sommerrain|Fellbach|Waiblingen|Rommelshausen|Stetten-Beinstein|Endersbach|Beutelsbach|Grunbach,8002240,Geradstetten,Baden-Württemberg,Remshalden,73630,9.439522346,48.80527689,5,2601031220,,2601031220,,,,,,,,,,,3.0,3.0
-2770168325908074713-2601031248-4,7235,2601031255,2601031256,1,,S,S2,Schorndorf|Weiler(Rems)|Winterbach(b Schorndorf),8002240,Geradstetten,Baden-Württemberg,Remshalden,73630,9.439522346,48.80527689,5,2601031300,,2601031300,,,,,,,,,,,5.0,4.0
3410717060998267101-2601031216-7,7132,2601031232,2601031232,2,,S,S1,Herrenberg|Nufringen|Gärtringen|Ehningen(b Böblingen)|Hulb|Böblingen,8005201,Goldberg,Baden-Württemberg,Böblingen,71032,9.019733387,48.69651581,5,2601031240,,2601031241,,,,,,,,,,,8.0,9.0
41668567353075799-2601031231-7,7730,2601031247,2601031247,2,,S,S1,Herrenberg|Nufringen|Gärtringen|Ehningen(b Böblingen)|Hulb|Böblingen,8005201,Goldberg,Baden-Württemberg,Böblingen,71032,9.019733387,48.69651581,5,2601031248,,2601031249,,,,,,,,,,,1.0,2.0
-5040164597006626382-2601031120-23,7129,2601031227,2601031227,1,,S,S1,Kirchheim(Teck)|Kirchheim(Teck)-Ötlingen|Wendlingen(Neckar)|Wernau(Neckar)|Plochingen|Altbach|Esslingen-Zell|Oberesslingen|Esslingen(Neckar)|Esslingen-Mettingen|Stuttgart-Obertürkheim|Stuttgart-Untertürkheim|Stuttgart Neckarpark|Stuttgart-Bad Cannstatt|Stuttgart Hbf (tief)|Stuttgart Stadtmitte|Stuttgart Feuersee|Stuttgart Schwabstr.|Stuttgart Universität|Stuttgart-Österfeld|Stuttgart-Vaihingen|Stuttgart-Rohr,8005201,Goldberg,Baden-Württemberg,Böblingen,71032,9.019733387,48.69651581,5,2601031229,,2601031230,,,,,,,,,,,2.0,3.0
-4197374811050490820-2601031122-19,7729,2601031212,2601031212,1,,S,S1,Plochingen|Altbach|Esslingen-Zell|Oberesslingen|Esslingen(Neckar)|Esslingen-Mettingen|Stuttgart-Obertürkheim|Stuttgart-Untertürkheim|Stuttgart Neckarpark|Stuttgart-Bad Cannstatt|Stuttgart Hbf (tief)|Stuttgart Stadtmitte|Stuttgart Feuersee|Stuttgart Schwabstr.|Stuttgart Universität|Stuttgart-Österfeld|Stuttgart-Vaihingen|Stuttgart-Rohr,8005201,Goldberg,Baden-Württemberg,Böblingen,71032,9.019733387,48.69651581,5,2601031212,,2601031212,,,,,,,,,,,0.0,0.0
-1667866592525461048-2601031152-19,7731,2601031242,2601031242,1,,S,S1,Plochingen|Altbach|Esslingen-Zell|Oberesslingen|Esslingen(Neckar)|Esslingen-Mettingen|Stuttgart-Obertürkheim|Stuttgart-Untertürkheim|Stuttgart Neckarpark|Stuttgart-Bad Cannstatt|Stuttgart Hbf (tief)|Stuttgart Stadtmitte|Stuttgart Feuersee|Stuttgart Schwabstr.|Stuttgart Universität|Stuttgart-Österfeld|Stuttgart-Vaihingen|Stuttgart-Rohr,8005201,Goldberg,Baden-Württemberg,Böblingen,71032,9.019733387,48.69651581,5,2601031242,,2601031243,,,,,,,,,,,0.0,1.0
4736637014602700336-2601031150-23,7131,2601031257,2601031257,1,,S,S1,Kirchheim(Teck)|Kirchheim(Teck)-Ötlingen|Wendlingen(Neckar)|Wernau(Neckar)|Plochingen|Altbach|Esslingen-Zell|Oberesslingen|Esslingen(Neckar)|Esslingen-Mettingen|Stuttgart-Obertürkheim|Stuttgart-Untertürkheim|Stuttgart Neckarpark|Stuttgart-Bad Cannstatt|Stuttgart Hbf (tief)|Stuttgart Stadtmitte|Stuttgart Feuersee|Stuttgart Schwabstr.|Stuttgart Universität|Stuttgart-Österfeld|Stuttgart-Vaihingen|Stuttgart-Rohr,8005201,Goldberg,Baden-Württemberg,Böblingen,71032,9.019733387,48.69651581,5,2601031259,,2601031300,,,,,,,,,,,2.0,3.0
2059911478828825113-2601031201-7,7728,2601031217,2601031217,2,,S,S1,Herrenberg|Nufringen|Gärtringen|Ehningen(b Böblingen)|Hulb|Böblingen,8005201,Goldberg,Baden-Württemberg,Böblingen,71032,9.019733387,48.69651581,5,2601031219,,2601031220,,,,,,,,,,,2.0,3.0
-5759624544289762969-2601031146-7,7130,2601031202,2601031202,2,,S,S1,Herrenberg|Nufringen|Gärtringen|Ehningen(b Böblingen)|Hulb|Böblingen,8005201,Goldberg,Baden-Württemberg,Böblingen,71032,9.019733387,48.69651581,5,2601031203,,2601031203,,,,,,,,,,,1.0,1.0
-8725533177147162662-2601031233-5,7829,2601031242,2601031243,2,,S,S2,Schorndorf|Weiler(Rems)|Winterbach(b Schorndorf)|Geradstetten,8002448,Grunbach,Baden-Württemberg,Remshalden,73630,9.419580601,48.810414,4,2601031242,,2601031243,,,,,,,,,,,0.0,0.0
3177327826888597271-2601031218-5,7233,2601031227,2601031228,2,,S,S2,Schorndorf|Weiler(Rems)|Winterbach(b Schorndorf)|Geradstetten,8002448,Grunbach,Baden-Württemberg,Remshalden,73630,9.419580601,48.810414,4,2601031228,,2601031228,,,,,,,,,,,1.0,0.0
504511267373916834-2601031148-23,7828,2601031245,2601031245,3,,S,S2,Filderstadt|Stuttgart Flughafen/Messe|Echterdingen|Leinfelden|Oberaichen|Stuttgart-Rohr|Stuttgart-Vaihingen|Stuttgart-Österfeld|Stuttgart Universität|Stuttgart Schwabstr.|Stuttgart Feuersee|Stuttgart Stadtmitte|Stuttgart Hbf (tief)|Stuttgart-Bad Cannstatt|Stuttgart Nürnberger Str.|Stuttgart-Sommerrain|Fellbach|Waiblingen|Rommelshausen|Stetten-Beinstein|Endersbach|Beutelsbach,8002448,Grunbach,Baden-Württemberg,Remshalden,73630,9.419580601,48.810414,4,2601031245,,2601031246,,,,,,,,,,,0.0,1.0
-4520082460048067316-2601031203-5,7827,2601031212,2601031213,2,,S,S2,Schorndorf|Weiler(Rems)|Winterbach(b Schorndorf)|Geradstetten,8002448,Grunbach,Baden-Württemberg,Remshalden,73630,9.419580601,48.810414,4,2601031213,,2601031214,,,,,,,,,,,1.0,1.0
-4376819822122462379-2601031133-23,7226,2601031230,2601031230,3,,S,S2,Filderstadt|Stuttgart Flughafen/Messe|Echterdingen|Leinfelden|Oberaichen|Stuttgart-Rohr|Stuttgart-Vaihingen|Stuttgart-Österfeld|Stuttgart Universität|Stuttgart Schwabstr.|Stuttgart Feuersee|Stuttgart Stadtmitte|Stuttgart Hbf (tief)|Stuttgart-Bad Cannstatt|Stuttgart Nürnberger Str.|Stuttgart-Sommerrain|Fellbach|Waiblingen|Rommelshausen|Stetten-Beinstein|Endersbach|Beutelsbach,8002448,Grunbach,Baden-Württemberg,Remshalden,73630,9.419580601,48.810414,4,2601031232,,2601031233,,,,,,,,,,,2.0,3.0
-5926818817737787503-2601031103-23,7224,2601031200,2601031200,3,,S,S2,Filderstadt|Stuttgart Flughafen/Messe|Echterdingen|Leinfelden|Oberaichen|Stuttgart-Rohr|Stuttgart-Vaihingen|Stuttgart-Österfeld|Stuttgart Universität|Stuttgart Schwabstr.|Stuttgart Feuersee|Stuttgart Stadtmitte|Stuttgart Hbf (tief)|Stuttgart-Bad Cannstatt|Stuttgart Nürnberger Str.|Stuttgart-Sommerrain|Fellbach|Waiblingen|Rommelshausen|Stetten-Beinstein|Endersbach|Beutelsbach,8002448,Grunbach,Baden-Württemberg,Remshalden,73630,9.419580601,48.810414,4,2601031204,,2601031205,,,,,,,,,,,4.0,5.0
-3444202453718850758-2601031118-23,7826,2601031215,2601031215,3,,S,S2,Filderstadt|Stuttgart Flughafen/Messe|Echterdingen|Leinfelden|Oberaichen|Stuttgart-Rohr|Stuttgart-Vaihingen|Stuttgart-Österfeld|Stuttgart Universität|Stuttgart Schwabstr.|Stuttgart Feuersee|Stuttgart Stadtmitte|Stuttgart Hbf (tief)|Stuttgart-Bad Cannstatt|Stuttgart Nürnberger Str.|Stuttgart-Sommerrain|Fellbach|Waiblingen|Rommelshausen|Stetten-Beinstein|Endersbach|Beutelsbach,8002448,Grunbach,Baden-Württemberg,Remshalden,73630,9.419580601,48.810414,4,2601031218,,2601031218,,,,,,,,,,,3.0,3.0
-2770168325908074713-2601031248-5,7235,2601031257,2601031258,2,,S,S2,Schorndorf|Weiler(Rems)|Winterbach(b Schorndorf)|Geradstetten,8002448,Grunbach,Baden-Württemberg,Remshalden,73630,9.419580601,48.810414,4,2601031302,,2601031302,,,,,,,,,,,5.0,4.0
-1865392785619674154-2601031141-10,22773,2601031211,,102,,RB,,Tübingen Hbf|Tübingen West|Unterjesingen Sandäcker|Unterjesingen Mitte|Pfäffingen|Entringen|Altingen(Württ)|Gültstein|Herrenberg Zwerchweg,8002785,Herrenberg,Baden-Württemberg,Herrenberg,71083,8.862625253,48.59395697,3,2601031211,,,,,,,,,,,,,0.0,0.0
3410717060998267101-2601031216-1,7132,,2601031216,,,S,S1,,8002785,Herrenberg,Baden-Württemberg,Herrenberg,71083,8.862625253,48.59395697,3,,,2601031222,,,,,,,,,,,0.0,6.0
-5490041423935091879-2601031246-1,7134,,2601031246,,,S,S1,,8002785,Herrenberg,Baden-Württemberg,Herrenberg,71083,8.862625253,48.59395697,3,,,2601031246,,,,,,,,,,,0.0,0.0
41668567353075799-2601031231-1,7730,,2601031231,,,S,S1,,8002785,Herrenberg,Baden-Württemberg,Herrenberg,71083,8.862625253,48.59395697,3,,,2601031231,,,,,,,,,,,0.0,0.0
-5040164597006626382-2601031120-29,7129,2601031244,,3,,S,,Kirchheim(Teck)|Kirchheim(Teck)-Ötlingen|Wendlingen(Neckar)|Wernau(Neckar)|Plochingen|Altbach|Esslingen-Zell|Oberesslingen|Esslingen(Neckar)|Esslingen-Mettingen|Stuttgart-Obertürkheim|Stuttgart-Untertürkheim|Stuttgart Neckarpark|Stuttgart-Bad Cannstatt|Stuttgart Hbf (tief)|Stuttgart Stadtmitte|Stuttgart Feuersee|Stuttgart Schwabstr.|Stuttgart Universität|Stuttgart-Österfeld|Stuttgart-Vaihingen|Stuttgart-Rohr|Goldberg(Württ)|Böblingen|Hulb|Ehningen(b Böblingen)|Gärtringen|Nufringen,8002785,Herrenberg,Baden-Württemberg,Herrenberg,71083,8.862625253,48.59395697,3,2601031248,,,,,,,,,,,,,4.0,0.0
-4197374811050490820-2601031122-25,7729,2601031229,,3,,S,,Plochingen|Altbach|Esslingen-Zell|Oberesslingen|Esslingen(Neckar)|Esslingen-Mettingen|Stuttgart-Obertürkheim|Stuttgart-Untertürkheim|Stuttgart Neckarpark|Stuttgart-Bad Cannstatt|Stuttgart Hbf (tief)|Stuttgart Stadtmitte|Stuttgart Feuersee|Stuttgart Schwabstr.|Stuttgart Universität|Stuttgart-Österfeld|Stuttgart-Vaihingen|Stuttgart-Rohr|Goldberg(Württ)|Böblingen|Hulb|Ehningen(b Böblingen)|Gärtringen|Nufringen,8002785,Herrenberg,Baden-Württemberg,Herrenberg,71083,8.862625253,48.59395697,3,2601031229,,,,,,,,,,,,,0.0,0.0
2445758245483744446-2601031249-1,22780,,2601031249,,,RB,RB63,,8002785,Herrenberg,Baden-Württemberg,Herrenberg,71083,8.862625253,48.59395697,3,,,2601031249,,,,,,,,,,,0.0,0.0
8993379184971619733-2601031035-11,50380,2601031211,2601031211,1,,RE,IC87,Singen(Hohentwiel)|Engen|Tuttlingen|Spaichingen|Rottweil|Oberndorf(Neckar)|Sulz(Neckar)|Horb|Bondorf(b Herrenberg)|Gäufelden,8002785,Herrenberg,Baden-Württemberg,Herrenberg,71083,8.862625253,48.59395697,3,2601031219,,2601031220,,c,,,,,,,,,8.0,9.0
-1667866592525461048-2601031152-21,7731,2601031253,,3,,S,,Plochingen|Altbach|Esslingen-Zell|Oberesslingen|Esslingen(Neckar)|Esslingen-Mettingen|Stuttgart-Obertürkheim|Stuttgart-Untertürkheim|Stuttgart Neckarpark|Stuttgart-Bad Cannstatt|Stuttgart Hbf (tief)|Stuttgart Stadtmitte|Stuttgart Feuersee|Stuttgart Schwabstr.|Stuttgart Universität|Stuttgart-Österfeld|Stuttgart-Vaihingen|Stuttgart-Rohr|Goldberg(Württ)|Böblingen,8002785,Herrenberg,Baden-Württemberg,Herrenberg,71083,8.862625253,48.59395697,3,2601031254,2,,,,,,,,,,,,1.0,0.0
-8162855589107279415-2601031211-10,22779,2601031241,,102,,RB,,Tübingen Hbf|Tübingen West|Unterjesingen Sandäcker|Unterjesingen Mitte|Pfäffingen|Entringen|Altingen(Württ)|Gültstein|Herrenberg Zwerchweg,8002785,Herrenberg,Baden-Württemberg,Herrenberg,71083,8.862625253,48.59395697,3,2601031241,,,,,,,,,,,,,0.0,0.0
-8319398400678058003-2601031050-29,7127,2601031214,,3,,S,,Kirchheim(Teck)|Kirchheim(Teck)-Ötlingen|Wendlingen(Neckar)|Wernau(Neckar)|Plochingen|Altbach|Esslingen-Zell|Oberesslingen|Esslingen(Neckar)|Esslingen-Mettingen|Stuttgart-Obertürkheim|Stuttgart-Untertürkheim|Stuttgart Neckarpark|Stuttgart-Bad Cannstatt|Stuttgart Hbf (tief)|Stuttgart Stadtmitte|Stuttgart Feuersee|Stuttgart Schwabstr.|Stuttgart Universität|Stuttgart-Österfeld|Stuttgart-Vaihingen|Stuttgart-Rohr|Goldberg(Württ)|Böblingen|Hulb|Ehningen(b Böblingen)|Gärtringen|Nufringen,8002785,Herrenberg,Baden-Württemberg,Herrenberg,71083,8.862625253,48.59395697,3,2601031215,,,,,,,,,,,,,1.0,0.0
4286078100246831779-2601031217-3,17639,2601031248,2601031248,4,,RE,RE14a,Stuttgart Hbf|Böblingen,8002785,Herrenberg,Baden-Württemberg,Herrenberg,71083,8.862625253,48.59395697,3,2601031250,,2601031251,,,,,,,,,,,2.0,3.0
-567364517811325165-2601031217-3,17637,2601031248,2601031248,4,,RE,RE14b,Stuttgart Hbf|Böblingen,8002785,Herrenberg,Baden-Württemberg,Herrenberg,71083,8.862625253,48.59395697,3,2601031250,,2601031251,,,,,,,,,,,2.0,3.0
3529743929784818117-2601030937-13,380,2601031211,2601031211,1,,IC,,Zürich HB|Schaffhausen|Singen(Hohentwiel)|Engen|Tuttlingen|Spaichingen|Rottweil|Oberndorf(Neckar)|Sulz(Neckar)|Horb|Bondorf(b Herrenberg)|Gäufelden,8002785,Herrenberg,Baden-Württemberg,Herrenberg,71083,8.862625253,48.59395697,3,2601031219,,2601031220,,h,3,Sonderansage,,,,,,,8.0,9.0
2059911478828825113-2601031201-1,7728,,2601031201,,,S,S1,,8002785,Herrenberg,Baden-Württemberg,Herrenberg,71083,8.862625253,48.59395697,3,,,2601031202,,,,,,,,,,,0.0,1.0
-8823184004077830950-2601031219-1,22774,,2601031219,,,RB,RB63,,8002785,Herrenberg,Baden-Württemberg,Herrenberg,71083,8.862625253,48.59395697,3,,,2601031219,,,,,,,,,,,0.0,0.0
7608028257592331283-2601031204-10,7029,2601031235,2601031236,1,,S,S60,Böblingen|Sindelfingen|Maichingen|Maichingen Nord|Magstadt|Renningen Süd|Renningen|Rutesheim|Leonberg,8002892,Höfingen,Baden-Württemberg,Leonberg,71229,9.026180834,48.81503436,5,2601031236,,2601031236,,,,,,,,,,,1.0,0.0
-4444589756830246864-2601031218-6,7929,2601031235,2601031236,1,,S,S6,Weil der Stadt|Malmsheim|Renningen|Rutesheim|Leonberg,8002892,Höfingen,Baden-Württemberg,Leonberg,71229,9.026180834,48.81503436,5,2601031236,,2601031236,,,,,,,,,,,1.0,0.0
3131517444573088003-2601031148-6,7927,2601031205,2601031206,1,,S,S6,Weil der Stadt|Malmsheim|Renningen|Rutesheim|Leonberg,8002892,Höfingen,Baden-Württemberg,Leonberg,71229,9.026180834,48.81503436,5,2601031211,,2601031211,,,,,,,,,,,6.0,5.0
3519679731657304538-2601031142-12,7626,2601031209,2601031209,2,,S,S6,Stuttgart Schwabstr.|Stuttgart Feuersee|Stuttgart Stadtmitte|Stuttgart Hbf (tief)|Stuttgart Nordbahnhof|Stuttgart-Feuerbach|Stuttgart-Zuffenhausen|Neuwirtshaus(Porscheplatz)|Korntal|Weilimdorf|Ditzingen,8002892,Höfingen,Baden-Württemberg,Leonberg,71229,9.026180834,48.81503436,5,2601031210,,2601031210,,,,,,,,,,,1.0,1.0
3112151770582767081-2601031157-12,7932,2601031224,2601031224,2,,S,S6,Stuttgart Schwabstr.|Stuttgart Feuersee|Stuttgart Stadtmitte|Stuttgart Hbf (tief)|Stuttgart Nordbahnhof|Stuttgart-Feuerbach|Stuttgart-Zuffenhausen|Neuwirtshaus(Porscheplatz)|Korntal|Weilimdorf|Ditzingen,8002892,Höfingen,Baden-Württemberg,Leonberg,71229,9.026180834,48.81503436,5,2601031224,,2601031224,,,,,,,,,,,0.0,0.0
-7035220678398818959-2601031212-12,7628,2601031239,2601031239,2,,S,S6,Stuttgart Schwabstr.|Stuttgart Feuersee|Stuttgart Stadtmitte|Stuttgart Hbf (tief)|Stuttgart Nordbahnhof|Stuttgart-Feuerbach|Stuttgart-Zuffenhausen|Neuwirtshaus(Porscheplatz)|Korntal|Weilimdorf|Ditzingen,8002892,Höfingen,Baden-Württemberg,Leonberg,71229,9.026180834,48.81503436,5,2601031242,,2601031242,,,,,,,,,,,3.0,3.0
-3839002302897574901-2601031157-12,7032,2601031224,2601031224,2,,S,S60,Stuttgart Schwabstr.|Stuttgart Feuersee|Stuttgart Stadtmitte|Stuttgart Hbf (tief)|Stuttgart Nordbahnhof|Stuttgart-Feuerbach|Stuttgart-Zuffenhausen|Neuwirtshaus(Porscheplatz)|Korntal|Weilimdorf|Ditzingen,8002892,Höfingen,Baden-Württemberg,Leonberg,71229,9.026180834,48.81503436,5,2601031224,,2601031224,,,,,,,,,,,0.0,0.0
-2997586613667252816-2601031134-10,7027,2601031205,2601031206,1,,S,S60,Böblingen|Sindelfingen|Maichingen|Maichingen Nord|Magstadt|Renningen Süd|Renningen|Rutesheim|Leonberg,8002892,Höfingen,Baden-Württemberg,Leonberg,71229,9.026180834,48.81503436,5,2601031211,,2601031211,,,,,,,,,,,6.0,5.0
-7003931357074639826-2601031227-12,7934,2601031254,2601031254,2,,S,S6,Stuttgart Schwabstr.|Stuttgart Feuersee|Stuttgart Stadtmitte|Stuttgart Hbf (tief)|Stuttgart Nordbahnhof|Stuttgart-Feuerbach|Stuttgart-Zuffenhausen|Neuwirtshaus(Porscheplatz)|Korntal|Weilimdorf|Ditzingen,8002892,Höfingen,Baden-Württemberg,Leonberg,71229,9.026180834,48.81503436,5,2601031254,,2601031254,,,,,,,,,,,0.0,0.0
-8922964933325247623-2601031233-6,7633,2601031250,2601031251,1,,S,S6,Weil der Stadt|Malmsheim|Renningen|Rutesheim|Leonberg,8002892,Höfingen,Baden-Württemberg,Leonberg,71229,9.026180834,48.81503436,5,2601031251,,2601031251,,,,,,,,,,,1.0,0.0
8207272767207255575-2601031203-6,7631,2601031220,2601031221,1,,S,S6,Weil der Stadt|Malmsheim|Renningen|Rutesheim|Leonberg,8002892,Höfingen,Baden-Württemberg,Leonberg,71229,9.026180834,48.81503436,5,2601031220,,2601031221,,,,,,,,,,,0.0,0.0
9194663872562058086-2601031227-12,7034,2601031254,2601031254,2,,S,S60,Stuttgart Schwabstr.|Stuttgart Feuersee|Stuttgart Stadtmitte|Stuttgart Hbf (tief)|Stuttgart Nordbahnhof|Stuttgart-Feuerbach|Stuttgart-Zuffenhausen|Neuwirtshaus(Porscheplatz)|Korntal|Weilimdorf|Ditzingen,8002892,Höfingen,Baden-Württemberg,Leonberg,71229,9.026180834,48.81503436,5,2601031254,,2601031254,,,,,,,,,,,0.0,0.0
3410717060998267101-2601031216-5,7132,2601031228,2601031228,2,,S,S1,Herrenberg|Nufringen|Gärtringen|Ehningen(b Böblingen),8003022,Hulb,Baden-Württemberg,Böblingen-Hulb,71032,8.982396429,48.67924173,5,2601031235,,2601031236,,,,,,,,,,,7.0,8.0
-5490041423935091879-2601031246-5,7134,2601031258,2601031258,2,,S,S1,Herrenberg|Nufringen|Gärtringen|Ehningen(b Böblingen),8003022,Hulb,Baden-Württemberg,Böblingen-Hulb,71032,8.982396429,48.67924173,5,2601031258,,2601031258,,,,,,,,,,,0.0,0.0
41668567353075799-2601031231-5,7730,2601031243,2601031243,2,,S,S1,Herrenberg|Nufringen|Gärtringen|Ehningen(b Böblingen),8003022,Hulb,Baden-Württemberg,Böblingen-Hulb,71032,8.982396429,48.67924173,5,2601031243,,2601031244,,,,,,,,,,,0.0,1.0
-5040164597006626382-2601031120-25,7129,2601031231,2601031231,1,,S,S1,Kirchheim(Teck)|Kirchheim(Teck)-Ötlingen|Wendlingen(Neckar)|Wernau(Neckar)|Plochingen|Altbach|Esslingen-Zell|Oberesslingen|Esslingen(Neckar)|Esslingen-Mettingen|Stuttgart-Obertürkheim|Stuttgart-Untertürkheim|Stuttgart Neckarpark|Stuttgart-Bad Cannstatt|Stuttgart Hbf (tief)|Stuttgart Stadtmitte|Stuttgart Feuersee|Stuttgart Schwabstr.|Stuttgart Universität|Stuttgart-Österfeld|Stuttgart-Vaihingen|Stuttgart-Rohr|Goldberg(Württ)|Böblingen,8003022,Hulb,Baden-Württemberg,Böblingen-Hulb,71032,8.982396429,48.67924173,5,2601031234,,2601031234,,,,,,,,,,,3.0,3.0
-4197374811050490820-2601031122-21,7729,2601031216,2601031216,1,,S,S1,Plochingen|Altbach|Esslingen-Zell|Oberesslingen|Esslingen(Neckar)|Esslingen-Mettingen|Stuttgart-Obertürkheim|Stuttgart-Untertürkheim|Stuttgart Neckarpark|Stuttgart-Bad Cannstatt|Stuttgart Hbf (tief)|Stuttgart Stadtmitte|Stuttgart Feuersee|Stuttgart Schwabstr.|Stuttgart Universität|Stuttgart-Österfeld|Stuttgart-Vaihingen|Stuttgart-Rohr|Goldberg(Württ)|Böblingen,8003022,Hulb,Baden-Württemberg,Böblingen-Hulb,71032,8.982396429,48.67924173,5,2601031216,,2601031216,,,,,,,,,,,0.0,0.0
-8319398400678058003-2601031050-25,7127,2601031201,2601031201,1,,S,S1,Kirchheim(Teck)|Kirchheim(Teck)-Ötlingen|Wendlingen(Neckar)|Wernau(Neckar)|Plochingen|Altbach|Esslingen-Zell|Oberesslingen|Esslingen(Neckar)|Esslingen-Mettingen|Stuttgart-Obertürkheim|Stuttgart-Untertürkheim|Stuttgart Neckarpark|Stuttgart-Bad Cannstatt|Stuttgart Hbf (tief)|Stuttgart Stadtmitte|Stuttgart Feuersee|Stuttgart Schwabstr.|Stuttgart Universität|Stuttgart-Österfeld|Stuttgart-Vaihingen|Stuttgart-Rohr|Goldberg(Württ)|Böblingen,8003022,Hulb,Baden-Württemberg,Böblingen-Hulb,71032,8.982396429,48.67924173,5,2601031202,,2601031202,,,,,,,,,,,1.0,1.0
2059911478828825113-2601031201-5,7728,2601031213,2601031213,2,,S,S1,Herrenberg|Nufringen|Gärtringen|Ehningen(b Böblingen),8003022,Hulb,Baden-Württemberg,Böblingen-Hulb,71032,8.982396429,48.67924173,5,2601031214,,2601031215,,,,,,,,,,,1.0,2.0
-5444629159346254541-2601031103-27,7823,2601031212,,2,,S,,Schorndorf|Weiler(Rems)|Winterbach(b Schorndorf)|Geradstetten|Grunbach|Beutelsbach|Endersbach|Stetten-Beinstein|Rommelshausen|Waiblingen|Fellbach|Stuttgart-Sommerrain|Stuttgart Nürnberger Str.|Stuttgart-Bad Cannstatt|Stuttgart Hbf (tief)|Stuttgart Stadtmitte|Stuttgart Feuersee|Stuttgart Schwabstr.|Stuttgart Universität|Stuttgart-Österfeld|Stuttgart-Vaihingen|Stuttgart-Rohr|Oberaichen|Leinfelden|Echterdingen|Stuttgart Flughafen/Messe,8001984,Filderstadt,Baden-Württemberg,Filderstadt,70794,9.217581315,48.67649151,5,2601031212,1,,,,,,,,,,,,0.0,0.0
6037380939760231204-2601031233-1,7230,,2601031233,,,S,S2,,8001984,Filderstadt,Baden-Württemberg,Filderstadt,70794,9.217581315,48.67649151,5,,,2601031235,1,,,,,,,,,,0.0,2.0
-2732981563110923380-2601031148-27,7231,2601031257,,1,,S,,Schorndorf|Weiler(Rems)|Winterbach(b Schorndorf)|Geradstetten|Grunbach|Beutelsbach|Endersbach|Stetten-Beinstein|Rommelshausen|Waiblingen|Fellbach|Stuttgart-Sommerrain|Stuttgart Nürnberger Str.|Stuttgart-Bad Cannstatt|Stuttgart Hbf (tief)|Stuttgart Stadtmitte|Stuttgart Feuersee|Stuttgart Schwabstr.|Stuttgart Universität|Stuttgart-Österfeld|Stuttgart-Vaihingen|Stuttgart-Rohr|Oberaichen|Leinfelden|Echterdingen|Stuttgart Flughafen/Messe,8001984,Filderstadt,Baden-Württemberg,Filderstadt,70794,9.217581315,48.67649151,5,2601031258,2,,,,,,,,,,,,1.0,0.0
-1430692459813981855-2601031248-1,7832,,2601031248,,,S,S2,,8001984,Filderstadt,Baden-Württemberg,Filderstadt,70794,9.217581315,48.67649151,5,,,2601031248,2,,,,,,,,,,0.0,0.0
-5681419952559341398-2601031133-27,7825,2601031242,,2,,S,,Schorndorf|Weiler(Rems)|Winterbach(b Schorndorf)|Geradstetten|Grunbach|Beutelsbach|Endersbach|Stetten-Beinstein|Rommelshausen|Waiblingen|Fellbach|Stuttgart-Sommerrain|Stuttgart Nürnberger Str.|Stuttgart-Bad Cannstatt|Stuttgart Hbf (tief)|Stuttgart Stadtmitte|Stuttgart Feuersee|Stuttgart Schwabstr.|Stuttgart Universität|Stuttgart-Österfeld|Stuttgart-Vaihingen|Stuttgart-Rohr|Oberaichen|Leinfelden|Echterdingen|Stuttgart Flughafen/Messe,8001984,Filderstadt,Baden-Württemberg,Filderstadt,70794,9.217581315,48.67649151,5,2601031242,1,,,,,,,,,,,,0.0,0.0
-7250951253539911335-2601031118-27,7229,2601031227,,1,,S,,Schorndorf|Weiler(Rems)|Winterbach(b Schorndorf)|Geradstetten|Grunbach|Beutelsbach|Endersbach|Stetten-Beinstein|Rommelshausen|Waiblingen|Fellbach|Stuttgart-Sommerrain|Stuttgart Nürnberger Str.|Stuttgart-Bad Cannstatt|Stuttgart Hbf (tief)|Stuttgart Stadtmitte|Stuttgart Feuersee|Stuttgart Schwabstr.|Stuttgart Universität|Stuttgart-Österfeld|Stuttgart-Vaihingen|Stuttgart-Rohr|Oberaichen|Leinfelden|Echterdingen|Stuttgart Flughafen/Messe,8001984,Filderstadt,Baden-Württemberg,Filderstadt,70794,9.217581315,48.67649151,5,2601031232,2,,,,,,,,,,,,5.0,0.0
-2740283852421142578-2601031218-1,7830,,2601031218,,,S,S2,,8001984,Filderstadt,Baden-Württemberg,Filderstadt,70794,9.217581315,48.67649151,5,,,2601031219,2,,,,,,,,,,0.0,1.0
6168129635936742431-2601031203-1,7228,,2601031203,,,S,S2,,8001984,Filderstadt,Baden-Württemberg,Filderstadt,70794,9.217581315,48.67649151,5,,,2601031203,1,,,,,,,,,,0.0,0.0
5127975581387066276-2601031202-15,7426,2601031243,2601031243,2,,S,S4,Stuttgart Schwabstr.|Stuttgart Feuersee|Stuttgart Stadtmitte|Stuttgart Hbf (tief)|Stuttgart Nordbahnhof|Stuttgart-Feuerbach|Stuttgart-Zuffenhausen|Kornwestheim Pbf|Ludwigsburg|Favoritepark|Freiberg(Neckar)|Benningen(Neckar)|Marbach(Neckar)|Erdmannhausen,8003266,Kirchberg (Murr),Baden-Württemberg,Kirchberg an der Murr,71737,9.328210283,48.93928182,6,2601031244,,2601031244,,,,,,,,,,,1.0,1.0
-960944489364412818-2601031233-3,7433,2601031241,2601031244,1,,S,S4,Backnang|Burgstall(Murr),8003266,Kirchberg (Murr),Baden-Württemberg,Kirchberg an der Murr,71737,9.328210283,48.93928182,6,2601031242,,2601031244,,,,,,,,,,,1.0,0.0
-701678331120959432-2601031132-15,7424,2601031213,2601031213,2,,S,S4,Stuttgart Schwabstr.|Stuttgart Feuersee|Stuttgart Stadtmitte|Stuttgart Hbf (tief)|Stuttgart Nordbahnhof|Stuttgart-Feuerbach|Stuttgart-Zuffenhausen|Kornwestheim Pbf|Ludwigsburg|Favoritepark|Freiberg(Neckar)|Benningen(Neckar)|Marbach(Neckar)|Erdmannhausen,8003266,Kirchberg (Murr),Baden-Württemberg,Kirchberg an der Murr,71737,9.328210283,48.93928182,6,2601031213,,2601031213,,h,1,Störung,,,,,,,0.0,0.0
-3901454027336800522-2601031203-3,7431,2601031211,2601031214,1,,S,S4,Backnang|Burgstall(Murr),8003266,Kirchberg (Murr),Baden-Württemberg,Kirchberg an der Murr,71737,9.328210283,48.93928182,6,2601031212,,2601031214,,,,,,,,,,,1.0,0.0
-6319936848544854600-2601031220-1,7133,,2601031220,,,S,S1,,8003280,Kirchheim (Teck),Baden-Württemberg,Kirchheim unter Teck,73230,9.443872422,48.64415981,4,,,2601031220,,,,,,,,,,,0.0,0.0
4420548095059641952-2601031154-7,37964,2601031212,,1,,N,,Oberlenningen|Unterlenningen|Brucken|Owen(Teck)|Dettingen(Teck)|Kirchheim(Teck)Süd,8003280,Kirchheim (Teck),Baden-Württemberg,Kirchheim unter Teck,73230,9.443872422,48.64415981,4,2601031212,,,,,,,,,,,,,0.0,0.0
3158900998064725317-2601031116-29,7128,2601031239,,2,,S,,Herrenberg|Nufringen|Gärtringen|Ehningen(b Böblingen)|Hulb|Böblingen|Goldberg(Württ)|Stuttgart-Rohr|Stuttgart-Vaihingen|Stuttgart-Österfeld|Stuttgart Universität|Stuttgart Schwabstr.|Stuttgart Feuersee|Stuttgart Stadtmitte|Stuttgart Hbf (tief)|Stuttgart-Bad Cannstatt|Stuttgart Neckarpark|Stuttgart-Untertürkheim|Stuttgart-Obertürkheim|Esslingen-Mettingen|Esslingen(Neckar)|Oberesslingen|Esslingen-Zell|Altbach|Plochingen|Wernau(Neckar)|Wendlingen(Neckar)|Kirchheim(Teck)-Ötlingen,8003280,Kirchheim (Teck),Baden-Württemberg,Kirchheim unter Teck,73230,9.443872422,48.64415981,4,2601031239,,,,,,,,,,,,,0.0,0.0
1692997485605395662-2601031250-1,7135,,2601031250,,,S,S1,,8003280,Kirchheim (Teck),Baden-Württemberg,Kirchheim unter Teck,73230,9.443872422,48.64415981,4,,,2601031250,,,,,,,,,,,0.0,0.0
-6951862447187810098-2601031046-29,7126,2601031209,,2,,S,,Herrenberg|Nufringen|Gärtringen|Ehningen(b Böblingen)|Hulb|Böblingen|Goldberg(Württ)|Stuttgart-Rohr|Stuttgart-Vaihingen|Stuttgart-Österfeld|Stuttgart Universität|Stuttgart Schwabstr.|Stuttgart Feuersee|Stuttgart Stadtmitte|Stuttgart Hbf (tief)|Stuttgart-Bad Cannstatt|Stuttgart Neckarpark|Stuttgart-Untertürkheim|Stuttgart-Obertürkheim|Esslingen-Mettingen|Esslingen(Neckar)|Oberesslingen|Esslingen-Zell|Altbach|Plochingen|Wernau(Neckar)|Wendlingen(Neckar)|Kirchheim(Teck)-Ötlingen,8003280,Kirchheim (Teck),Baden-Württemberg,Kirchheim unter Teck,73230,9.443872422,48.64415981,4,2601031213,,,,,,,,,,,,,4.0,0.0
-4226639510777663100-2601031217-1,37965,,2601031217,,,N,RB64,,8003280,Kirchheim (Teck),Baden-Württemberg,Kirchheim unter Teck,73230,9.443872422,48.64415981,4,,,2601031217,,,,,,,,,,,0.0,0.0
-6319936848544854600-2601031220-2,7133,2601031223,2601031223,1,,S,S1,Kirchheim(Teck),8003282,Kirchheim (Teck)-Ötlingen,Baden-Württemberg,Kirchheim unter Teck,73230,9.416261302,48.65782388,5,2601031223,,2601031223,,,,,,,,,,,0.0,0.0
3158900998064725317-2601031116-28,7128,2601031236,2601031237,1,,S,S1,Herrenberg|Nufringen|Gärtringen|Ehningen(b Böblingen)|Hulb|Böblingen|Goldberg(Württ)|Stuttgart-Rohr|Stuttgart-Vaihingen|Stuttgart-Österfeld|Stuttgart Universität|Stuttgart Schwabstr.|Stuttgart Feuersee|Stuttgart Stadtmitte|Stuttgart Hbf (tief)|Stuttgart-Bad Cannstatt|Stuttgart Neckarpark|Stuttgart-Untertürkheim|Stuttgart-Obertürkheim|Esslingen-Mettingen|Esslingen(Neckar)|Oberesslingen|Esslingen-Zell|Altbach|Plochingen|Wernau(Neckar)|Wendlingen(Neckar),8003282,Kirchheim (Teck)-Ötlingen,Baden-Württemberg,Kirchheim unter Teck,73230,9.416261302,48.65782388,5,2601031236,,2601031237,,,,,,,,,,,0.0,0.0
1692997485605395662-2601031250-2,7135,2601031253,2601031253,1,,S,S1,Kirchheim(Teck),8003282,Kirchheim (Teck)-Ötlingen,Baden-Württemberg,Kirchheim unter Teck,73230,9.416261302,48.65782388,5,2601031253,,2601031253,,,,,,,,,,,0.0,0.0
-6951862447187810098-2601031046-28,7126,2601031206,2601031207,1,,S,S1,Herrenberg|Nufringen|Gärtringen|Ehningen(b Böblingen)|Hulb|Böblingen|Goldberg(Württ)|Stuttgart-Rohr|Stuttgart-Vaihingen|Stuttgart-Österfeld|Stuttgart Universität|Stuttgart Schwabstr.|Stuttgart Feuersee|Stuttgart Stadtmitte|Stuttgart Hbf (tief)|Stuttgart-Bad Cannstatt|Stuttgart Neckarpark|Stuttgart-Untertürkheim|Stuttgart-Obertürkheim|Esslingen-Mettingen|Esslingen(Neckar)|Oberesslingen|Esslingen-Zell|Altbach|Plochingen|Wernau(Neckar)|Wendlingen(Neckar),8003282,Kirchheim (Teck)-Ötlingen,Baden-Württemberg,Kirchheim unter Teck,73230,9.416261302,48.65782388,5,2601031210,,2601031210,,,,,,,,,,,4.0,3.0
7608028257592331283-2601031204-13,7029,2601031243,2601031244,3,,S,S60,Böblingen|Sindelfingen|Maichingen|Maichingen Nord|Magstadt|Renningen Süd|Renningen|Rutesheim|Leonberg|Höfingen|Ditzingen|Weilimdorf,8003409,Korntal,Baden-Württemberg,Korntal,70825,9.121099128,48.82640246,4,2601031244,,2601031244,,,,,,,,,,,1.0,0.0
6751464330091656011-2601031231-7,1151,2601031254,,7,,WEG,,Heimerdingen|Hemmingen|Schwieberdingen|Münchingen|Münchingen Rührberg|Korntal Gymnasium,8003409,Korntal,Baden-Württemberg,Korntal,70825,9.121099128,48.82640246,4,2601031254,,,,,,,,,,,,,0.0,0.0
-4444589756830246864-2601031218-9,7929,2601031243,2601031244,3,,S,S6,Weil der Stadt|Malmsheim|Renningen|Rutesheim|Leonberg|Höfingen|Ditzingen|Weilimdorf,8003409,Korntal,Baden-Württemberg,Korntal,70825,9.121099128,48.82640246,4,2601031244,,2601031244,,,,,,,,,,,1.0,0.0
3131517444573088003-2601031148-9,7927,2601031213,2601031214,3,,S,S6,Weil der Stadt|Malmsheim|Renningen|Rutesheim|Leonberg|Höfingen|Ditzingen|Weilimdorf,8003409,Korntal,Baden-Württemberg,Korntal,70825,9.121099128,48.82640246,4,2601031219,,2601031220,,,,,,,,,,,6.0,6.0
3096095238058025299-2601031205-1,1144,,2601031205,,,WEG,RB47,,8003409,Korntal,Baden-Württemberg,Korntal,70825,9.121099128,48.82640246,4,,,2601031205,,,,,,,,,,,0.0,0.0
1201903375911217146-2601031201-7,1145,2601031224,,7,,WEG,,Heimerdingen|Hemmingen|Schwieberdingen|Münchingen|Münchingen Rührberg|Korntal Gymnasium,8003409,Korntal,Baden-Württemberg,Korntal,70825,9.121099128,48.82640246,4,2601031224,,,,,,,,,,,,,0.0,0.0
3519679731657304538-2601031142-9,7626,2601031201,2601031201,1,,S,S6,Stuttgart Schwabstr.|Stuttgart Feuersee|Stuttgart Stadtmitte|Stuttgart Hbf (tief)|Stuttgart Nordbahnhof|Stuttgart-Feuerbach|Stuttgart-Zuffenhausen|Neuwirtshaus(Porscheplatz),8003409,Korntal,Baden-Württemberg,Korntal,70825,9.121099128,48.82640246,4,2601031204,,2601031203,,,,,,,,,,,3.0,2.0
3112151770582767081-2601031157-9,7932,2601031216,2601031216,1,,S,S6,Stuttgart Schwabstr.|Stuttgart Feuersee|Stuttgart Stadtmitte|Stuttgart Hbf (tief)|Stuttgart Nordbahnhof|Stuttgart-Feuerbach|Stuttgart-Zuffenhausen|Neuwirtshaus(Porscheplatz),8003409,Korntal,Baden-Württemberg,Korntal,70825,9.121099128,48.82640246,4,2601031217,,2601031217,,,,,,,,,,,1.0,1.0
-7035220678398818959-2601031212-9,7628,2601031231,2601031231,1,,S,S6,Stuttgart Schwabstr.|Stuttgart Feuersee|Stuttgart Stadtmitte|Stuttgart Hbf (tief)|Stuttgart Nordbahnhof|Stuttgart-Feuerbach|Stuttgart-Zuffenhausen|Neuwirtshaus(Porscheplatz),8003409,Korntal,Baden-Württemberg,Korntal,70825,9.121099128,48.82640246,4,2601031235,,2601031235,,,,,,,,,,,4.0,4.0
-3839002302897574901-2601031157-9,7032,2601031216,2601031216,1,,S,S60,Stuttgart Schwabstr.|Stuttgart Feuersee|Stuttgart Stadtmitte|Stuttgart Hbf (tief)|Stuttgart Nordbahnhof|Stuttgart-Feuerbach|Stuttgart-Zuffenhausen|Neuwirtshaus(Porscheplatz),8003409,Korntal,Baden-Württemberg,Korntal,70825,9.121099128,48.82640246,4,2601031217,,2601031217,,,,,,,,,,,1.0,1.0
-2997586613667252816-2601031134-13,7027,2601031213,2601031214,3,,S,S60,Böblingen|Sindelfingen|Maichingen|Maichingen Nord|Magstadt|Renningen Süd|Renningen|Rutesheim|Leonberg|Höfingen|Ditzingen|Weilimdorf,8003409,Korntal,Baden-Württemberg,Korntal,70825,9.121099128,48.82640246,4,2601031219,,2601031220,,,,,,,,,,,6.0,6.0
-6373349935076726023-2601031235-1,1150,,2601031235,,,WEG,RB47,,8003409,Korntal,Baden-Württemberg,Korntal,70825,9.121099128,48.82640246,4,,,2601031235,,,,,,,,,,,0.0,0.0
-7003931357074639826-2601031227-9,7934,2601031246,2601031246,1,,S,S6,Stuttgart Schwabstr.|Stuttgart Feuersee|Stuttgart Stadtmitte|Stuttgart Hbf (tief)|Stuttgart Nordbahnhof|Stuttgart-Feuerbach|Stuttgart-Zuffenhausen|Neuwirtshaus(Porscheplatz),8003409,Korntal,Baden-Württemberg,Korntal,70825,9.121099128,48.82640246,4,2601031246,,2601031246,,,,,,,,,,,0.0,0.0
-8922964933325247623-2601031233-9,7633,2601031258,2601031259,3,,S,S6,Weil der Stadt|Malmsheim|Renningen|Rutesheim|Leonberg|Höfingen|Ditzingen|Weilimdorf,8003409,Korntal,Baden-Württemberg,Korntal,70825,9.121099128,48.82640246,4,2601031258,,2601031259,,,,,,,,,,,0.0,0.0
8207272767207255575-2601031203-9,7631,2601031228,2601031229,3,,S,S6,Weil der Stadt|Malmsheim|Renningen|Rutesheim|Leonberg|Höfingen|Ditzingen|Weilimdorf,8003409,Korntal,Baden-Württemberg,Korntal,70825,9.121099128,48.82640246,4,2601031228,,2601031229,,,,,,,,,,,0.0,0.0
9194663872562058086-2601031227-9,7034,2601031246,2601031246,1,,S,S60,Stuttgart Schwabstr.|Stuttgart Feuersee|Stuttgart Stadtmitte|Stuttgart Hbf (tief)|Stuttgart Nordbahnhof|Stuttgart-Feuerbach|Stuttgart-Zuffenhausen|Neuwirtshaus(Porscheplatz),8003409,Korntal,Baden-Württemberg,Korntal,70825,9.121099128,48.82640246,4,2601031246,,2601031246,,,,,,,,,,,0.0,0.0
-4501469853120362621-2601031210-6,28395,2601031224,2601031225,3,,S,S4,Marbach(Neckar)|Benningen(Neckar)|Freiberg(Neckar)|Favoritepark|Ludwigsburg,8003411,Kornwestheim Pbf,Baden-Württemberg,Kornwestheim,70806,9.179967278,48.86215948,3,2601031225,,2601031226,,,,,,,,,,,1.0,1.0
5127975581387066276-2601031202-8,7426,2601031220,2601031220,4,,S,S4,Stuttgart Schwabstr.|Stuttgart Feuersee|Stuttgart Stadtmitte|Stuttgart Hbf (tief)|Stuttgart Nordbahnhof|Stuttgart-Feuerbach|Stuttgart-Zuffenhausen,8003411,Kornwestheim Pbf,Baden-Württemberg,Kornwestheim,70806,9.179967278,48.86215948,3,2601031222,,2601031223,,,,,,,,,,,2.0,3.0
3717617338847420907-2601031152-5,28465,2601031204,2601031205,3,,S,S5,Bietigheim-Bissingen|Tamm(Württ)|Asperg|Ludwigsburg,8003411,Kornwestheim Pbf,Baden-Württemberg,Kornwestheim,70806,9.179967278,48.86215948,3,2601031207,,2601031207,,,,,,,,,,,3.0,2.0
8332536860707671559-2601031207-8,28464,2601031225,2601031225,4,,S,S5,Stuttgart Schwabstr.|Stuttgart Feuersee|Stuttgart Stadtmitte|Stuttgart Hbf (tief)|Stuttgart Nordbahnhof|Stuttgart-Feuerbach|Stuttgart-Zuffenhausen,8003411,Kornwestheim Pbf,Baden-Württemberg,Kornwestheim,70806,9.179967278,48.86215948,3,2601031226,,2601031226,,,,,,,,,,,1.0,1.0
-144422822861230009-2601031237-5,7533,2601031249,2601031250,3,,S,S5,Bietigheim-Bissingen|Tamm(Württ)|Asperg|Ludwigsburg,8003411,Kornwestheim Pbf,Baden-Württemberg,Kornwestheim,70806,9.179967278,48.86215948,3,2601031250,,2601031251,,,,,,,,,,,1.0,1.0
6534681549550626676-2601031217-8,28398,2601031235,2601031235,4,,S,S4,Stuttgart Schwabstr.|Stuttgart Feuersee|Stuttgart Stadtmitte|Stuttgart Hbf (tief)|Stuttgart Nordbahnhof|Stuttgart-Feuerbach|Stuttgart-Zuffenhausen,8003411,Kornwestheim Pbf,Baden-Württemberg,Kornwestheim,70806,9.179967278,48.86215948,3,2601031239,,2601031240,,,,,,,,,,,4.0,5.0
-3504815606642380245-2601031222-5,28467,2601031234,2601031235,3,,S,S5,Bietigheim-Bissingen|Tamm(Württ)|Asperg|Ludwigsburg,8003411,Kornwestheim Pbf,Baden-Württemberg,Kornwestheim,70806,9.179967278,48.86215948,3,2601031234,,2601031235,,,,,,,,,,,0.0,0.0
4009390930234313645-2601031147-8,28396,2601031205,2601031205,4,,S,S4,Stuttgart Schwabstr.|Stuttgart Feuersee|Stuttgart Stadtmitte|Stuttgart Hbf (tief)|Stuttgart Nordbahnhof|Stuttgart-Feuerbach|Stuttgart-Zuffenhausen,8003411,Kornwestheim Pbf,Baden-Württemberg,Kornwestheim,70806,9.179967278,48.86215948,3,2601031206,,2601031207,,,,,,,,,,,1.0,2.0
-4761009494772144822-2601031152-8,7528,2601031210,2601031210,4,,S,S5,Stuttgart Schwabstr.|Stuttgart Feuersee|Stuttgart Stadtmitte|Stuttgart Hbf (tief)|Stuttgart Nordbahnhof|Stuttgart-Feuerbach|Stuttgart-Zuffenhausen,8003411,Kornwestheim Pbf,Baden-Württemberg,Kornwestheim,70806,9.179967278,48.86215948,3,2601031212,,2601031212,,,,,,,,,,,2.0,2.0
-182569074075306425-2601031222-8,7530,2601031240,2601031240,4,,S,S5,Stuttgart Schwabstr.|Stuttgart Feuersee|Stuttgart Stadtmitte|Stuttgart Hbf (tief)|Stuttgart Nordbahnhof|Stuttgart-Feuerbach|Stuttgart-Zuffenhausen,8003411,Kornwestheim Pbf,Baden-Württemberg,Kornwestheim,70806,9.179967278,48.86215948,3,,,,,,,,,,,,c,c,0.0,0.0
5693136962771673302-2601031232-8,7428,2601031250,2601031250,4,,S,S4,Stuttgart Schwabstr.|Stuttgart Feuersee|Stuttgart Stadtmitte|Stuttgart Hbf (tief)|Stuttgart Nordbahnhof|Stuttgart-Feuerbach|Stuttgart-Zuffenhausen,8003411,Kornwestheim Pbf,Baden-Württemberg,Kornwestheim,70806,9.179967278,48.86215948,3,2601031250,,2601031251,,,,,,,,,,,0.0,1.0
-3901454027336800522-2601031203-10,7431,2601031239,2601031240,3,,S,S4,Backnang|Burgstall(Murr)|Kirchberg(Murr)|Erdmannhausen|Marbach(Neckar)|Benningen(Neckar)|Freiberg(Neckar)|Favoritepark|Ludwigsburg,8003411,Kornwestheim Pbf,Baden-Württemberg,Kornwestheim,70806,9.179967278,48.86215948,3,2601031240,,2601031240,,,,,,,,,,,1.0,0.0
-1050718254766280262-2601031240-6,28397,2601031254,2601031255,3,,S,S4,Marbach(Neckar)|Benningen(Neckar)|Freiberg(Neckar)|Favoritepark|Ludwigsburg,8003411,Kornwestheim Pbf,Baden-Württemberg,Kornwestheim,70806,9.179967278,48.86215948,3,2601031254,,2601031255,,,,,,,,,,,0.0,0.0
3655115014084866226-2601031237-8,28466,2601031255,2601031255,4,,S,S5,Stuttgart Schwabstr.|Stuttgart Feuersee|Stuttgart Stadtmitte|Stuttgart Hbf (tief)|Stuttgart Nordbahnhof|Stuttgart-Feuerbach|Stuttgart-Zuffenhausen,8003411,Kornwestheim Pbf,Baden-Württemberg,Kornwestheim,70806,9.179967278,48.86215948,3,2601031257,,2601031257,,,,,,,,,,,2.0,2.0
2930744972942057808-2601031207-5,7531,2601031219,2601031220,3,,S,S5,Bietigheim-Bissingen|Tamm(Württ)|Asperg|Ludwigsburg,8003411,Kornwestheim Pbf,Baden-Württemberg,Kornwestheim,70806,9.179967278,48.86215948,3,,,,,,,,,,,,c,c,0.0,0.0
-2837347101663805561-2601031133-10,7429,2601031209,2601031210,3,,S,S4,Backnang|Burgstall(Murr)|Kirchberg(Murr)|Erdmannhausen|Marbach(Neckar)|Benningen(Neckar)|Freiberg(Neckar)|Favoritepark|Ludwigsburg,8003411,Kornwestheim Pbf,Baden-Württemberg,Kornwestheim,70806,9.179967278,48.86215948,3,2601031210,,2601031211,,,,,,,,,,,1.0,1.0
-5444629159346254541-2601031103-24,7823,2601031201,2601031202,1,,S,S2,Schorndorf|Weiler(Rems)|Winterbach(b Schorndorf)|Geradstetten|Grunbach|Beutelsbach|Endersbach|Stetten-Beinstein|Rommelshausen|Waiblingen|Fellbach|Stuttgart-Sommerrain|Stuttgart Nürnberger Str.|Stuttgart-Bad Cannstatt|Stuttgart Hbf (tief)|Stuttgart Stadtmitte|Stuttgart Feuersee|Stuttgart Schwabstr.|Stuttgart Universität|Stuttgart-Österfeld|Stuttgart-Vaihingen|Stuttgart-Rohr|Oberaichen,8003622,Leinfelden,Baden-Württemberg,Leinfelden-Echterdingen,70771,9.142859698,48.6964193,4,2601031201,,2601031202,,,,,,,,,,,0.0,0.0
6037380939760231204-2601031233-4,7230,2601031242,2601031243,2,,S,S2,Filderstadt|Stuttgart Flughafen/Messe|Echterdingen,8003622,Leinfelden,Baden-Württemberg,Leinfelden-Echterdingen,70771,9.142859698,48.6964193,4,2601031243,,2601031243,,,,,,,,,,,1.0,0.0
-2732981563110923380-2601031148-24,7231,2601031246,2601031247,1,,S,S2,Schorndorf|Weiler(Rems)|Winterbach(b Schorndorf)|Geradstetten|Grunbach|Beutelsbach|Endersbach|Stetten-Beinstein|Rommelshausen|Waiblingen|Fellbach|Stuttgart-Sommerrain|Stuttgart Nürnberger Str.|Stuttgart-Bad Cannstatt|Stuttgart Hbf (tief)|Stuttgart Stadtmitte|Stuttgart Feuersee|Stuttgart Schwabstr.|Stuttgart Universität|Stuttgart-Österfeld|Stuttgart-Vaihingen|Stuttgart-Rohr|Oberaichen,8003622,Leinfelden,Baden-Württemberg,Leinfelden-Echterdingen,70771,9.142859698,48.6964193,4,2601031248,,2601031248,,,,,,,,,,,2.0,1.0
-1430692459813981855-2601031248-4,7832,2601031257,2601031258,2,,S,S2,Filderstadt|Stuttgart Flughafen/Messe|Echterdingen,8003622,Leinfelden,Baden-Württemberg,Leinfelden-Echterdingen,70771,9.142859698,48.6964193,4,2601031257,,2601031258,,,,,,,,,,,0.0,0.0
-5681419952559341398-2601031133-24,7825,2601031231,2601031232,1,,S,S2,Schorndorf|Weiler(Rems)|Winterbach(b Schorndorf)|Geradstetten|Grunbach|Beutelsbach|Endersbach|Stetten-Beinstein|Rommelshausen|Waiblingen|Fellbach|Stuttgart-Sommerrain|Stuttgart Nürnberger Str.|Stuttgart-Bad Cannstatt|Stuttgart Hbf (tief)|Stuttgart Stadtmitte|Stuttgart Feuersee|Stuttgart Schwabstr.|Stuttgart Universität|Stuttgart-Österfeld|Stuttgart-Vaihingen|Stuttgart-Rohr|Oberaichen,8003622,Leinfelden,Baden-Württemberg,Leinfelden-Echterdingen,70771,9.142859698,48.6964193,4,2601031232,,2601031233,,,,,,,,,,,1.0,1.0
-7250951253539911335-2601031118-24,7229,2601031216,2601031217,1,,S,S2,Schorndorf|Weiler(Rems)|Winterbach(b Schorndorf)|Geradstetten|Grunbach|Beutelsbach|Endersbach|Stetten-Beinstein|Rommelshausen|Waiblingen|Fellbach|Stuttgart-Sommerrain|Stuttgart Nürnberger Str.|Stuttgart-Bad Cannstatt|Stuttgart Hbf (tief)|Stuttgart Stadtmitte|Stuttgart Feuersee|Stuttgart Schwabstr.|Stuttgart Universität|Stuttgart-Österfeld|Stuttgart-Vaihingen|Stuttgart-Rohr|Oberaichen,8003622,Leinfelden,Baden-Württemberg,Leinfelden-Echterdingen,70771,9.142859698,48.6964193,4,2601031221,,2601031222,,,,,,,,,,,5.0,5.0
-2740283852421142578-2601031218-4,7830,2601031227,2601031228,2,,S,S2,Filderstadt|Stuttgart Flughafen/Messe|Echterdingen,8003622,Leinfelden,Baden-Württemberg,Leinfelden-Echterdingen,70771,9.142859698,48.6964193,4,2601031227,,2601031228,,,,,,,,,,,0.0,0.0
6168129635936742431-2601031203-4,7228,2601031212,2601031213,2,,S,S2,Filderstadt|Stuttgart Flughafen/Messe|Echterdingen,8003622,Leinfelden,Baden-Württemberg,Leinfelden-Echterdingen,70771,9.142859698,48.6964193,4,2601031212,,2601031213,,,,,,,,,,,0.0,0.0
7608028257592331283-2601031204-9,7029,2601031232,2601031232,1,,S,S60,Böblingen|Sindelfingen|Maichingen|Maichingen Nord|Magstadt|Renningen Süd|Renningen|Rutesheim,8003652,Leonberg,Baden-Württemberg,Leonberg,71229,9.004025993,48.79970547,3,2601031233,,2601031233,,,,,,,,,,,1.0,1.0
-4444589756830246864-2601031218-5,7929,2601031232,2601031232,1,,S,S6,Weil der Stadt|Malmsheim|Renningen|Rutesheim,8003652,Leonberg,Baden-Württemberg,Leonberg,71229,9.004025993,48.79970547,3,2601031233,,2601031233,,,,,,,,,,,1.0,1.0
3131517444573088003-2601031148-5,7927,2601031202,2601031202,1,,S,S6,Weil der Stadt|Malmsheim|Renningen|Rutesheim,8003652,Leonberg,Baden-Württemberg,Leonberg,71229,9.004025993,48.79970547,3,2601031207,,2601031208,,,,,,,,,,,5.0,6.0
3519679731657304538-2601031142-13,7626,2601031213,2601031213,2,,S,S6,Stuttgart Schwabstr.|Stuttgart Feuersee|Stuttgart Stadtmitte|Stuttgart Hbf (tief)|Stuttgart Nordbahnhof|Stuttgart-Feuerbach|Stuttgart-Zuffenhausen|Neuwirtshaus(Porscheplatz)|Korntal|Weilimdorf|Ditzingen|Höfingen,8003652,Leonberg,Baden-Württemberg,Leonberg,71229,9.004025993,48.79970547,3,2601031214,,2601031214,,,,,,,,,,,1.0,1.0
3112151770582767081-2601031157-13,7932,2601031228,2601031228,2,,S,S6,Stuttgart Schwabstr.|Stuttgart Feuersee|Stuttgart Stadtmitte|Stuttgart Hbf (tief)|Stuttgart Nordbahnhof|Stuttgart-Feuerbach|Stuttgart-Zuffenhausen|Neuwirtshaus(Porscheplatz)|Korntal|Weilimdorf|Ditzingen|Höfingen,8003652,Leonberg,Baden-Württemberg,Leonberg,71229,9.004025993,48.79970547,3,2601031228,,2601031228,,,,,,,,,,,0.0,0.0
-7035220678398818959-2601031212-13,7628,2601031243,2601031243,2,,S,S6,Stuttgart Schwabstr.|Stuttgart Feuersee|Stuttgart Stadtmitte|Stuttgart Hbf (tief)|Stuttgart Nordbahnhof|Stuttgart-Feuerbach|Stuttgart-Zuffenhausen|Neuwirtshaus(Porscheplatz)|Korntal|Weilimdorf|Ditzingen|Höfingen,8003652,Leonberg,Baden-Württemberg,Leonberg,71229,9.004025993,48.79970547,3,2601031245,,2601031246,,,,,,,,,,,2.0,3.0
-3839002302897574901-2601031157-13,7032,2601031228,2601031228,2,,S,S60,Stuttgart Schwabstr.|Stuttgart Feuersee|Stuttgart Stadtmitte|Stuttgart Hbf (tief)|Stuttgart Nordbahnhof|Stuttgart-Feuerbach|Stuttgart-Zuffenhausen|Neuwirtshaus(Porscheplatz)|Korntal|Weilimdorf|Ditzingen|Höfingen,8003652,Leonberg,Baden-Württemberg,Leonberg,71229,9.004025993,48.79970547,3,2601031228,,2601031228,,,,,,,,,,,0.0,0.0
-2997586613667252816-2601031134-9,7027,2601031202,2601031202,1,,S,S60,Böblingen|Sindelfingen|Maichingen|Maichingen Nord|Magstadt|Renningen Süd|Renningen|Rutesheim,8003652,Leonberg,Baden-Württemberg,Leonberg,71229,9.004025993,48.79970547,3,2601031207,,2601031208,,,,,,,,,,,5.0,6.0
-7003931357074639826-2601031227-13,7934,2601031258,2601031258,2,,S,S6,Stuttgart Schwabstr.|Stuttgart Feuersee|Stuttgart Stadtmitte|Stuttgart Hbf (tief)|Stuttgart Nordbahnhof|Stuttgart-Feuerbach|Stuttgart-Zuffenhausen|Neuwirtshaus(Porscheplatz)|Korntal|Weilimdorf|Ditzingen|Höfingen,8003652,Leonberg,Baden-Württemberg,Leonberg,71229,9.004025993,48.79970547,3,2601031258,,2601031258,,,,,,,,,,,0.0,0.0
-8922964933325247623-2601031233-5,7633,2601031247,2601031247,1,,S,S6,Weil der Stadt|Malmsheim|Renningen|Rutesheim,8003652,Leonberg,Baden-Württemberg,Leonberg,71229,9.004025993,48.79970547,3,2601031247,,2601031247,,,,,,,,,,,0.0,0.0
8207272767207255575-2601031203-5,7631,2601031217,2601031217,1,,S,S6,Weil der Stadt|Malmsheim|Renningen|Rutesheim,8003652,Leonberg,Baden-Württemberg,Leonberg,71229,9.004025993,48.79970547,3,2601031217,,2601031217,,,,,,,,,,,0.0,0.0
9194663872562058086-2601031227-13,7034,2601031258,2601031258,2,,S,S60,Stuttgart Schwabstr.|Stuttgart Feuersee|Stuttgart Stadtmitte|Stuttgart Hbf (tief)|Stuttgart Nordbahnhof|Stuttgart-Feuerbach|Stuttgart-Zuffenhausen|Neuwirtshaus(Porscheplatz)|Korntal|Weilimdorf|Ditzingen|Höfingen,8003652,Leonberg,Baden-Württemberg,Leonberg,71229,9.004025993,48.79970547,3,2601031258,,2601031258,,,,,,,,,,,0.0,0.0
-4501469853120362621-2601031210-5,28395,2601031221,2601031221,3,,S,S4,Marbach(Neckar)|Benningen(Neckar)|Freiberg(Neckar)|Favoritepark,8000235,Ludwigsburg,Baden-Württemberg,Ludwigsburg,71638,9.185229823,48.89208622,3,2601031221,,2601031222,,,,,,,,,,,0.0,1.0
2697541885442165569-2601031214-13,19517,2601031257,2601031257,4,,RE,MEX17,Pforzheim Hbf|Eutingen(Baden)|Niefern|Enzberg|Mühlacker|Mühlacker Rößlesweg|Illingen(Württ)|Vaihingen(Enz)|Sersheim|Sachsenheim|Ellental|Bietigheim-Bissingen,8000235,Ludwigsburg,Baden-Württemberg,Ludwigsburg,71638,9.185229823,48.89208622,3,2601031257,,2601031257,,,,,,,,,,,0.0,0.0
5127975581387066276-2601031202-9,7426,2601031223,2601031224,2,,S,S4,Stuttgart Schwabstr.|Stuttgart Feuersee|Stuttgart Stadtmitte|Stuttgart Hbf (tief)|Stuttgart Nordbahnhof|Stuttgart-Feuerbach|Stuttgart-Zuffenhausen|Kornwestheim Pbf,8000235,Ludwigsburg,Baden-Württemberg,Ludwigsburg,71638,9.185229823,48.89208622,3,2601031226,,2601031226,,,,,,,,,,,3.0,2.0
3717617338847420907-2601031152-4,28465,2601031201,2601031201,3,,S,S5,Bietigheim-Bissingen|Tamm(Württ)|Asperg,8000235,Ludwigsburg,Baden-Württemberg,Ludwigsburg,71638,9.185229823,48.89208622,3,2601031203,,2601031203,,,,,,,,,,,2.0,2.0
6869395830049887240-2601031211-2,19068,2601031220,2601031221,1,,ARV,RE8,Stuttgart Hbf,8000235,Ludwigsburg,Baden-Württemberg,Ludwigsburg,71638,9.185229823,48.89208622,3,2601031224,,2601031225,,h,2,Information,,,,,,,4.0,4.0
8332536860707671559-2601031207-9,28464,2601031228,2601031229,2,,S,S5,Stuttgart Schwabstr.|Stuttgart Feuersee|Stuttgart Stadtmitte|Stuttgart Hbf (tief)|Stuttgart Nordbahnhof|Stuttgart-Feuerbach|Stuttgart-Zuffenhausen|Kornwestheim Pbf,8000235,Ludwigsburg,Baden-Württemberg,Ludwigsburg,71638,9.185229823,48.89208622,3,2601031229,,2601031229,,,,,,,,,,,1.0,0.0
7698261313813520999-2601031105-12,19228,2601031228,2601031229,1,,RE,MEX12,Tübingen Hbf|Reutlingen Hbf|Metzingen(Württ)|Bempflingen|Nürtingen|Oberboihingen|Wendlingen(Neckar)|Plochingen|Esslingen(Neckar)|Stuttgart-Bad Cannstatt|Stuttgart Hbf,8000235,Ludwigsburg,Baden-Württemberg,Ludwigsburg,71638,9.185229823,48.89208622,3,2601031230,,2601031231,,,,,,,,,,,2.0,2.0
-144422822861230009-2601031237-4,7533,2601031246,2601031246,3,,S,S5,Bietigheim-Bissingen|Tamm(Württ)|Asperg,8000235,Ludwigsburg,Baden-Württemberg,Ludwigsburg,71638,9.185229823,48.89208622,3,2601031247,,2601031247,,,,,,,,,,,1.0,1.0
6534681549550626676-2601031217-9,28398,2601031238,2601031239,2,,S,S4,Stuttgart Schwabstr.|Stuttgart Feuersee|Stuttgart Stadtmitte|Stuttgart Hbf (tief)|Stuttgart Nordbahnhof|Stuttgart-Feuerbach|Stuttgart-Zuffenhausen|Kornwestheim Pbf,8000235,Ludwigsburg,Baden-Württemberg,Ludwigsburg,71638,9.185229823,48.89208622,3,2601031243,,2601031243,,,,,,,,,,,5.0,4.0
-3504815606642380245-2601031222-4,28467,2601031231,2601031231,3,,S,S5,Bietigheim-Bissingen|Tamm(Württ)|Asperg,8000235,Ludwigsburg,Baden-Württemberg,Ludwigsburg,71638,9.185229823,48.89208622,3,2601031231,,2601031231,,,,,,,,,,,0.0,0.0
4009390930234313645-2601031147-9,28396,2601031208,2601031209,2,,S,S4,Stuttgart Schwabstr.|Stuttgart Feuersee|Stuttgart Stadtmitte|Stuttgart Hbf (tief)|Stuttgart Nordbahnhof|Stuttgart-Feuerbach|Stuttgart-Zuffenhausen|Kornwestheim Pbf,8000235,Ludwigsburg,Baden-Württemberg,Ludwigsburg,71638,9.185229823,48.89208622,3,2601031210,,2601031209,,,,,,,,,,,2.0,0.0
-4761009494772144822-2601031152-9,7528,2601031213,2601031214,2,,S,S5,Stuttgart Schwabstr.|Stuttgart Feuersee|Stuttgart Stadtmitte|Stuttgart Hbf (tief)|Stuttgart Nordbahnhof|Stuttgart-Feuerbach|Stuttgart-Zuffenhausen|Kornwestheim Pbf,8000235,Ludwigsburg,Baden-Württemberg,Ludwigsburg,71638,9.185229823,48.89208622,3,2601031215,,2601031215,,,,,,,,,,,2.0,1.0
-182569074075306425-2601031222-9,7530,2601031243,2601031244,2,,S,S5,Stuttgart Schwabstr.|Stuttgart Feuersee|Stuttgart Stadtmitte|Stuttgart Hbf (tief)|Stuttgart Nordbahnhof|Stuttgart-Feuerbach|Stuttgart-Zuffenhausen|Kornwestheim Pbf,8000235,Ludwigsburg,Baden-Württemberg,Ludwigsburg,71638,9.185229823,48.89208622,3,,,,,,,,,,,,c,c,0.0,0.0
5693136962771673302-2601031232-9,7428,2601031253,2601031254,2,,S,S4,Stuttgart Schwabstr.|Stuttgart Feuersee|Stuttgart Stadtmitte|Stuttgart Hbf (tief)|Stuttgart Nordbahnhof|Stuttgart-Feuerbach|Stuttgart-Zuffenhausen|Kornwestheim Pbf,8000235,Ludwigsburg,Baden-Württemberg,Ludwigsburg,71638,9.185229823,48.89208622,3,2601031254,,2601031254,,,,,,,,,,,1.0,0.0
-5042970796843621512-2601031157-8,19223,2601031231,2601031231,4,,RE,MEX12,Heilbronn Hbf|Nordheim(Württ)|Lauffen(Neckar)|Kirchheim(Neckar)|Walheim(Württ)|Besigheim|Bietigheim-Bissingen,8000235,Ludwigsburg,Baden-Württemberg,Ludwigsburg,71638,9.185229823,48.89208622,3,2601031232,,2601031233,,,,,,,,,,,1.0,2.0
-3901454027336800522-2601031203-9,7431,2601031236,2601031236,3,,S,S4,Backnang|Burgstall(Murr)|Kirchberg(Murr)|Erdmannhausen|Marbach(Neckar)|Benningen(Neckar)|Freiberg(Neckar)|Favoritepark,8000235,Ludwigsburg,Baden-Württemberg,Ludwigsburg,71638,9.185229823,48.89208622,3,2601031236,,2601031237,,,,,,,,,,,0.0,1.0
-1050718254766280262-2601031240-5,28397,2601031251,2601031251,3,,S,S4,Marbach(Neckar)|Benningen(Neckar)|Freiberg(Neckar)|Favoritepark,8000235,Ludwigsburg,Baden-Württemberg,Ludwigsburg,71638,9.185229823,48.89208622,3,2601031251,,2601031251,,,,,,,,,,,0.0,0.0
3655115014084866226-2601031237-9,28466,2601031258,2601031259,2,,S,S5,Stuttgart Schwabstr.|Stuttgart Feuersee|Stuttgart Stadtmitte|Stuttgart Hbf (tief)|Stuttgart Nordbahnhof|Stuttgart-Feuerbach|Stuttgart-Zuffenhausen|Kornwestheim Pbf,8000235,Ludwigsburg,Baden-Württemberg,Ludwigsburg,71638,9.185229823,48.89208622,3,2601031300,,2601031300,,,,,,,,,,,2.0,1.0
2930744972942057808-2601031207-4,7531,2601031216,2601031216,3,,S,S5,Bietigheim-Bissingen|Tamm(Württ)|Asperg,8000235,Ludwigsburg,Baden-Württemberg,Ludwigsburg,71638,9.185229823,48.89208622,3,,,,,,,,,,,,c,c,0.0,0.0
-2837347101663805561-2601031133-9,7429,2601031206,2601031206,3,,S,S4,Backnang|Burgstall(Murr)|Kirchberg(Murr)|Erdmannhausen|Marbach(Neckar)|Benningen(Neckar)|Freiberg(Neckar)|Favoritepark,8000235,Ludwigsburg,Baden-Württemberg,Ludwigsburg,71638,9.185229823,48.89208622,3,2601031207,,2601031208,,,,,,,,,,,1.0,2.0
5127296555604559795-2601031036-21,19317,2601031204,2601031205,4,,RE,MEX18,Osterburken|Adelsheim Ost|Sennfeld|Roigheim|Möckmühl|Züttlingen|Siglingen|Neudenau|Herbolzheim(Jagst)|Untergriesheim|Bad Friedrichshall Hbf|Neckarsulm|Heilbronn Sülmertor|Heilbronn Hbf|Nordheim(Württ)|Lauffen(Neckar)|Kirchheim(Neckar)|Walheim(Württ)|Besigheim|Bietigheim-Bissingen,8000235,Ludwigsburg,Baden-Württemberg,Ludwigsburg,71638,9.185229823,48.89208622,3,2601031204,,2601031205,,,,,,,,,,,0.0,0.0
5197957692469736326-2601031133-10,19316,2601031252,2601031253,1,,RE,MEX18,Tübingen Hbf|Reutlingen Hbf|Metzingen(Württ)|Nürtingen|Wendlingen(Neckar)|Plochingen|Esslingen(Neckar)|Stuttgart-Bad Cannstatt|Stuttgart Hbf,8000235,Ludwigsburg,Baden-Württemberg,Ludwigsburg,71638,9.185229823,48.89208622,3,2601031257,,2601031258,,,,,,,,,,,5.0,5.0
6058100869638896125-2601031109-8,19065,2601031239,2601031240,4,,ARV,RE8,Lauda|Osterburken|Möckmühl|Bad Friedrichshall Hbf|Neckarsulm|Heilbronn Hbf|Bietigheim-Bissingen,8000235,Ludwigsburg,Baden-Württemberg,Ludwigsburg,71638,9.185229823,48.89208622,3,2601031239,,2601031240,,h,2,Information,,,,,,,0.0,0.0
3386742724916937636-2601031246-2,19514,2601031256,2601031257,1,,RE,MEX17,Stuttgart Hbf,8000235,Ludwigsburg,Baden-Württemberg,Ludwigsburg,71638,9.185229823,48.89208622,3,2601031301,,2601031301,,,,,,,,,,,5.0,4.0
-4444589756830246864-2601031218-2,7929,2601031220,2601031220,2,,S,S6,Weil der Stadt,8003831,Malmsheim,Baden-Württemberg,Renningen,71272,8.905105557,48.77183564,5,2601031221,,2601031221,,,,,,,,,,,1.0,1.0
-4671468548274859337-2601031248-2,7931,2601031250,2601031250,2,,S,S6,Weil der Stadt,8003831,Malmsheim,Baden-Württemberg,Renningen,71272,8.905105557,48.77183564,5,2601031251,,2601031252,,,,,,,,,,,1.0,2.0
-4467381660354326502-2601031127-16,7930,2601031209,2601031209,1,,S,S6,Stuttgart Schwabstr.|Stuttgart Feuersee|Stuttgart Stadtmitte|Stuttgart Hbf (tief)|Stuttgart Nordbahnhof|Stuttgart-Feuerbach|Stuttgart-Zuffenhausen|Neuwirtshaus(Porscheplatz)|Korntal|Weilimdorf|Ditzingen|Höfingen|Leonberg|Rutesheim|Renningen,8003831,Malmsheim,Baden-Württemberg,Renningen,71272,8.905105557,48.77183564,5,2601031211,,2601031212,,,,,,,,,,,2.0,3.0
3519679731657304538-2601031142-16,7626,2601031224,2601031224,1,,S,S6,Stuttgart Schwabstr.|Stuttgart Feuersee|Stuttgart Stadtmitte|Stuttgart Hbf (tief)|Stuttgart Nordbahnhof|Stuttgart-Feuerbach|Stuttgart-Zuffenhausen|Neuwirtshaus(Porscheplatz)|Korntal|Weilimdorf|Ditzingen|Höfingen|Leonberg|Rutesheim|Renningen,8003831,Malmsheim,Baden-Württemberg,Renningen,71272,8.905105557,48.77183564,5,2601031224,,2601031224,,,,,,,,,,,0.0,0.0
3112151770582767081-2601031157-16,7932,2601031239,2601031239,1,,S,S6,Stuttgart Schwabstr.|Stuttgart Feuersee|Stuttgart Stadtmitte|Stuttgart Hbf (tief)|Stuttgart Nordbahnhof|Stuttgart-Feuerbach|Stuttgart-Zuffenhausen|Neuwirtshaus(Porscheplatz)|Korntal|Weilimdorf|Ditzingen|Höfingen|Leonberg|Rutesheim|Renningen,8003831,Malmsheim,Baden-Württemberg,Renningen,71272,8.905105557,48.77183564,5,2601031239,,2601031239,,,,,,,,,,,0.0,0.0
-7035220678398818959-2601031212-16,7628,2601031254,2601031254,1,,S,S6,Stuttgart Schwabstr.|Stuttgart Feuersee|Stuttgart Stadtmitte|Stuttgart Hbf (tief)|Stuttgart Nordbahnhof|Stuttgart-Feuerbach|Stuttgart-Zuffenhausen|Neuwirtshaus(Porscheplatz)|Korntal|Weilimdorf|Ditzingen|Höfingen|Leonberg|Rutesheim|Renningen,8003831,Malmsheim,Baden-Württemberg,Renningen,71272,8.905105557,48.77183564,5,2601031254,,2601031254,,,,,,,,,,,0.0,0.0
-8922964933325247623-2601031233-2,7633,2601031235,2601031235,2,,S,S6,Weil der Stadt,8003831,Malmsheim,Baden-Württemberg,Renningen,71272,8.905105557,48.77183564,5,2601031235,,2601031236,,,,,,,,,,,0.0,1.0
8207272767207255575-2601031203-2,7631,2601031205,2601031205,2,,S,S6,Weil der Stadt,8003831,Malmsheim,Baden-Württemberg,Renningen,71272,8.905105557,48.77183564,5,2601031205,,2601031206,,,,,,,,,,,0.0,1.0
-4501469853120362621-2601031210-1,28395,,2601031210,,,S,S4,,8003853,Marbach (Neckar),Baden-Württemberg,Marbach am Neckar,71672,9.264611825,48.9437708,3,,,2601031210,,,,,,,,,,,0.0,0.0
5127975581387066276-2601031202-13,7426,2601031235,2601031238,1,,S,S4,Stuttgart Schwabstr.|Stuttgart Feuersee|Stuttgart Stadtmitte|Stuttgart Hbf (tief)|Stuttgart Nordbahnhof|Stuttgart-Feuerbach|Stuttgart-Zuffenhausen|Kornwestheim Pbf|Ludwigsburg|Favoritepark|Freiberg(Neckar)|Benningen(Neckar),8003853,Marbach (Neckar),Baden-Württemberg,Marbach am Neckar,71672,9.264611825,48.9437708,3,2601031238,,2601031238,,,,,,,,,,,3.0,0.0
-960944489364412818-2601031233-5,7433,2601031251,2601031255,2,,S,S4,Backnang|Burgstall(Murr)|Kirchberg(Murr)|Erdmannhausen,8003853,Marbach (Neckar),Baden-Württemberg,Marbach am Neckar,71672,9.264611825,48.9437708,3,2601031251,,2601031255,,,,,,,,,,,0.0,0.0
-701678331120959432-2601031132-13,7424,2601031205,2601031208,1,,S,S4,Stuttgart Schwabstr.|Stuttgart Feuersee|Stuttgart Stadtmitte|Stuttgart Hbf (tief)|Stuttgart Nordbahnhof|Stuttgart-Feuerbach|Stuttgart-Zuffenhausen|Kornwestheim Pbf|Ludwigsburg|Favoritepark|Freiberg(Neckar)|Benningen(Neckar),8003853,Marbach (Neckar),Baden-Württemberg,Marbach am Neckar,71672,9.264611825,48.9437708,3,2601031208,,2601031208,,h,1,Störung,,,,,,,3.0,0.0
6534681549550626676-2601031217-13,28398,2601031250,,1,,S,,Stuttgart Schwabstr.|Stuttgart Feuersee|Stuttgart Stadtmitte|Stuttgart Hbf (tief)|Stuttgart Nordbahnhof|Stuttgart-Feuerbach|Stuttgart-Zuffenhausen|Kornwestheim Pbf|Ludwigsburg|Favoritepark|Freiberg(Neckar)|Benningen(Neckar),8003853,Marbach (Neckar),Baden-Württemberg,Marbach am Neckar,71672,9.264611825,48.9437708,3,2601031253,,,,,,,,,,,,,3.0,0.0
4009390930234313645-2601031147-13,28396,2601031220,,1,,S,,Stuttgart Schwabstr.|Stuttgart Feuersee|Stuttgart Stadtmitte|Stuttgart Hbf (tief)|Stuttgart Nordbahnhof|Stuttgart-Feuerbach|Stuttgart-Zuffenhausen|Kornwestheim Pbf|Ludwigsburg|Favoritepark|Freiberg(Neckar)|Benningen(Neckar),8003853,Marbach (Neckar),Baden-Württemberg,Marbach am Neckar,71672,9.264611825,48.9437708,3,2601031220,,,,,,,,,,,,,0.0,0.0
-3901454027336800522-2601031203-5,7431,2601031221,2601031225,2,,S,S4,Backnang|Burgstall(Murr)|Kirchberg(Murr)|Erdmannhausen,8003853,Marbach (Neckar),Baden-Württemberg,Marbach am Neckar,71672,9.264611825,48.9437708,3,2601031221,,2601031225,,,,,,,,,,,0.0,0.0
-1050718254766280262-2601031240-1,28397,,2601031240,,,S,S4,,8003853,Marbach (Neckar),Baden-Württemberg,Marbach am Neckar,71672,9.264611825,48.9437708,3,,,2601031240,,,,,,,,,,,0.0,0.0
-97699751698418973-2601031241-2,7333,2601031243,2601031244,1,,S,S3,Backnang,8003913,Maubach,Baden-Württemberg,Backnang,71522,9.419487062,48.92623463,4,2601031244,,2601031244,,,,,,,,,,,1.0,0.0
-2797726383545175511-2601031226-2,28327,2601031228,2601031229,1,,S,S3,Backnang,8003913,Maubach,Baden-Württemberg,Backnang,71522,9.419487062,48.92623463,4,2601031231,,2601031231,,,,,,,,,,,3.0,2.0
4960236751390972026-2601031200-17,7328,2601031244,2601031245,2,,S,S3,Stuttgart-Vaihingen|Stuttgart-Österfeld|Stuttgart Universität|Stuttgart Schwabstr.|Stuttgart Feuersee|Stuttgart Stadtmitte|Stuttgart Hbf (tief)|Stuttgart-Bad Cannstatt|Stuttgart Nürnberger Str.|Stuttgart-Sommerrain|Fellbach|Waiblingen|Neustadt-Hohenacker|Schwaikheim|Winnenden|Nellmersbach,8003913,Maubach,Baden-Württemberg,Backnang,71522,9.419487062,48.92623463,4,2601031245,,2601031245,,,,,,,,,,,1.0,0.0
8851012744564607240-2601031211-2,7331,2601031213,2601031214,1,,S,S3,Backnang,8003913,Maubach,Baden-Württemberg,Backnang,71522,9.419487062,48.92623463,4,2601031215,,2601031215,,,,,,,,,,,2.0,1.0
-5605026880843091945-2601031256-2,28329,2601031258,2601031259,1,,S,S3,Backnang,8003913,Maubach,Baden-Württemberg,Backnang,71522,9.419487062,48.92623463,4,2601031259,,2601031259,,,,,,,,,,,1.0,0.0
5532078017754681393-2601031215-17,28326,2601031259,2601031300,2,,S,S3,Stuttgart-Vaihingen|Stuttgart-Österfeld|Stuttgart Universität|Stuttgart Schwabstr.|Stuttgart Feuersee|Stuttgart Stadtmitte|Stuttgart Hbf (tief)|Stuttgart-Bad Cannstatt|Stuttgart Nürnberger Str.|Stuttgart-Sommerrain|Fellbach|Waiblingen|Neustadt-Hohenacker|Schwaikheim|Winnenden|Nellmersbach,8003913,Maubach,Baden-Württemberg,Backnang,71522,9.419487062,48.92623463,4,2601031301,,2601031301,,,,,,,,,,,2.0,1.0
-4536433194496505288-2601031130-17,7326,2601031214,2601031215,2,,S,S3,Stuttgart-Vaihingen|Stuttgart-Österfeld|Stuttgart Universität|Stuttgart Schwabstr.|Stuttgart Feuersee|Stuttgart Stadtmitte|Stuttgart Hbf (tief)|Stuttgart-Bad Cannstatt|Stuttgart Nürnberger Str.|Stuttgart-Sommerrain|Fellbach|Waiblingen|Neustadt-Hohenacker|Schwaikheim|Winnenden|Nellmersbach,8003913,Maubach,Baden-Württemberg,Backnang,71522,9.419487062,48.92623463,4,2601031220,,2601031219,,,,,,,,,,,6.0,4.0
-7226438864905084030-2601031115-17,28322,2601031159,2601031200,2,,S,S3,Stuttgart-Vaihingen|Stuttgart-Österfeld|Stuttgart Universität|Stuttgart Schwabstr.|Stuttgart Feuersee|Stuttgart Stadtmitte|Stuttgart Hbf (tief)|Stuttgart-Bad Cannstatt|Stuttgart Nürnberger Str.|Stuttgart-Sommerrain|Fellbach|Waiblingen|Neustadt-Hohenacker|Schwaikheim|Winnenden|Nellmersbach,8003913,Maubach,Baden-Württemberg,Backnang,71522,9.419487062,48.92623463,4,2601031201,,2601031202,,,,,,,,,,,2.0,2.0
5274226899640306616-2601031145-17,28324,2601031229,2601031230,2,,S,S3,Stuttgart-Vaihingen|Stuttgart-Österfeld|Stuttgart Universität|Stuttgart Schwabstr.|Stuttgart Feuersee|Stuttgart Stadtmitte|Stuttgart Hbf (tief)|Stuttgart-Bad Cannstatt|Stuttgart Nürnberger Str.|Stuttgart-Sommerrain|Fellbach|Waiblingen|Neustadt-Hohenacker|Schwaikheim|Winnenden|Nellmersbach,8003913,Maubach,Baden-Württemberg,Backnang,71522,9.419487062,48.92623463,4,2601031231,,2601031230,,,,,,,,,,,2.0,0.0
-97699751698418973-2601031241-3,7333,2601031246,2601031246,1,,S,S3,Backnang|Maubach,8004233,Nellmersbach,Baden-Württemberg,Leutenbach,71397,9.415421538,48.90336425,5,2601031246,,2601031246,,,,,,,,,,,0.0,0.0
-2797726383545175511-2601031226-3,28327,2601031231,2601031231,1,,S,S3,Backnang|Maubach,8004233,Nellmersbach,Baden-Württemberg,Leutenbach,71397,9.415421538,48.90336425,5,2601031233,,2601031233,,,,,,,,,,,2.0,2.0
4960236751390972026-2601031200-16,7328,2601031241,2601031242,2,,S,S3,Stuttgart-Vaihingen|Stuttgart-Österfeld|Stuttgart Universität|Stuttgart Schwabstr.|Stuttgart Feuersee|Stuttgart Stadtmitte|Stuttgart Hbf (tief)|Stuttgart-Bad Cannstatt|Stuttgart Nürnberger Str.|Stuttgart-Sommerrain|Fellbach|Waiblingen|Neustadt-Hohenacker|Schwaikheim|Winnenden,8004233,Nellmersbach,Baden-Württemberg,Leutenbach,71397,9.415421538,48.90336425,5,2601031243,,2601031242,,,,,,,,,,,2.0,0.0
8851012744564607240-2601031211-3,7331,2601031216,2601031216,1,,S,S3,Backnang|Maubach,8004233,Nellmersbach,Baden-Württemberg,Leutenbach,71397,9.415421538,48.90336425,5,2601031218,,2601031218,,,,,,,,,,,2.0,2.0
5532078017754681393-2601031215-16,28326,2601031256,2601031257,2,,S,S3,Stuttgart-Vaihingen|Stuttgart-Österfeld|Stuttgart Universität|Stuttgart Schwabstr.|Stuttgart Feuersee|Stuttgart Stadtmitte|Stuttgart Hbf (tief)|Stuttgart-Bad Cannstatt|Stuttgart Nürnberger Str.|Stuttgart-Sommerrain|Fellbach|Waiblingen|Neustadt-Hohenacker|Schwaikheim|Winnenden,8004233,Nellmersbach,Baden-Württemberg,Leutenbach,71397,9.415421538,48.90336425,5,2601031258,,2601031258,,,,,,,,,,,2.0,1.0
-4536433194496505288-2601031130-16,7326,2601031211,2601031212,2,,S,S3,Stuttgart-Vaihingen|Stuttgart-Österfeld|Stuttgart Universität|Stuttgart Schwabstr.|Stuttgart Feuersee|Stuttgart Stadtmitte|Stuttgart Hbf (tief)|Stuttgart-Bad Cannstatt|Stuttgart Nürnberger Str.|Stuttgart-Sommerrain|Fellbach|Waiblingen|Neustadt-Hohenacker|Schwaikheim|Winnenden,8004233,Nellmersbach,Baden-Württemberg,Leutenbach,71397,9.415421538,48.90336425,5,2601031217,,2601031217,,,,,,,,,,,6.0,5.0
-83917606962888125-2601031156-3,28325,2601031201,2601031201,1,,S,S3,Backnang|Maubach,8004233,Nellmersbach,Baden-Württemberg,Leutenbach,71397,9.415421538,48.90336425,5,2601031201,,2601031202,,,,,,,,,,,0.0,1.0
5274226899640306616-2601031145-16,28324,2601031226,2601031227,2,,S,S3,Stuttgart-Vaihingen|Stuttgart-Österfeld|Stuttgart Universität|Stuttgart Schwabstr.|Stuttgart Feuersee|Stuttgart Stadtmitte|Stuttgart Hbf (tief)|Stuttgart-Bad Cannstatt|Stuttgart Nürnberger Str.|Stuttgart-Sommerrain|Fellbach|Waiblingen|Neustadt-Hohenacker|Schwaikheim|Winnenden,8004233,Nellmersbach,Baden-Württemberg,Leutenbach,71397,9.415421538,48.90336425,5,2601031228,,2601031229,,,,,,,,,,,2.0,2.0
-97699751698418973-2601031241-6,7333,2601031255,2601031255,2,,S,S3,Backnang|Maubach|Nellmersbach|Winnenden|Schwaikheim,8004333,Neustadt-Hohenacker,Baden-Württemberg,Waiblingen,71336,9.32455106,48.85921668,5,2601031255,,2601031255,,,,,,,,,,,0.0,0.0
-2797726383545175511-2601031226-6,28327,2601031240,2601031240,2,,S,S3,Backnang|Maubach|Nellmersbach|Winnenden|Schwaikheim,8004333,Neustadt-Hohenacker,Baden-Württemberg,Waiblingen,71336,9.32455106,48.85921668,5,2601031241,,2601031241,,,,,,,,,,,1.0,1.0
4960236751390972026-2601031200-13,7328,2601031233,2601031233,1,,S,S3,Stuttgart-Vaihingen|Stuttgart-Österfeld|Stuttgart Universität|Stuttgart Schwabstr.|Stuttgart Feuersee|Stuttgart Stadtmitte|Stuttgart Hbf (tief)|Stuttgart-Bad Cannstatt|Stuttgart Nürnberger Str.|Stuttgart-Sommerrain|Fellbach|Waiblingen,8004333,Neustadt-Hohenacker,Baden-Württemberg,Waiblingen,71336,9.32455106,48.85921668,5,2601031234,,2601031235,,,,,,,,,,,1.0,2.0
8851012744564607240-2601031211-6,7331,2601031225,2601031225,2,,S,S3,Backnang|Maubach|Nellmersbach|Winnenden|Schwaikheim,8004333,Neustadt-Hohenacker,Baden-Württemberg,Waiblingen,71336,9.32455106,48.85921668,5,2601031227,,2601031227,,,,,,,,,,,2.0,2.0
5532078017754681393-2601031215-13,28326,2601031248,2601031248,1,,S,S3,Stuttgart-Vaihingen|Stuttgart-Österfeld|Stuttgart Universität|Stuttgart Schwabstr.|Stuttgart Feuersee|Stuttgart Stadtmitte|Stuttgart Hbf (tief)|Stuttgart-Bad Cannstatt|Stuttgart Nürnberger Str.|Stuttgart-Sommerrain|Fellbach|Waiblingen,8004333,Neustadt-Hohenacker,Baden-Württemberg,Waiblingen,71336,9.32455106,48.85921668,5,2601031250,,2601031250,,,,,,,,,,,2.0,2.0
-4536433194496505288-2601031130-13,7326,2601031203,2601031203,1,,S,S3,Stuttgart-Vaihingen|Stuttgart-Österfeld|Stuttgart Universität|Stuttgart Schwabstr.|Stuttgart Feuersee|Stuttgart Stadtmitte|Stuttgart Hbf (tief)|Stuttgart-Bad Cannstatt|Stuttgart Nürnberger Str.|Stuttgart-Sommerrain|Fellbach|Waiblingen,8004333,Neustadt-Hohenacker,Baden-Württemberg,Waiblingen,71336,9.32455106,48.85921668,5,2601031209,,2601031209,,,,,,,,,,,6.0,6.0
-83917606962888125-2601031156-6,28325,2601031210,2601031210,2,,S,S3,Backnang|Maubach|Nellmersbach|Winnenden|Schwaikheim,8004333,Neustadt-Hohenacker,Baden-Württemberg,Waiblingen,71336,9.32455106,48.85921668,5,2601031210,,2601031210,,,,,,,,,,,0.0,0.0
5274226899640306616-2601031145-13,28324,2601031218,2601031218,1,,S,S3,Stuttgart-Vaihingen|Stuttgart-Österfeld|Stuttgart Universität|Stuttgart Schwabstr.|Stuttgart Feuersee|Stuttgart Stadtmitte|Stuttgart Hbf (tief)|Stuttgart-Bad Cannstatt|Stuttgart Nürnberger Str.|Stuttgart-Sommerrain|Fellbach|Waiblingen,8004333,Neustadt-Hohenacker,Baden-Württemberg,Waiblingen,71336,9.32455106,48.85921668,5,2601031220,,2601031220,,,,,,,,,,,2.0,2.0
7608028257592331283-2601031204-14,7029,2601031246,2601031246,2,,S,S60,Böblingen|Sindelfingen|Maichingen|Maichingen Nord|Magstadt|Renningen Süd|Renningen|Rutesheim|Leonberg|Höfingen|Ditzingen|Weilimdorf|Korntal,8004338,Neuwirtshaus (Porscheplatz),Baden-Württemberg,Stuttgart,70435,9.151955614,48.83384734,4,2601031246,,2601031247,,,,,,,,,,,0.0,1.0
-4444589756830246864-2601031218-10,7929,2601031246,2601031246,2,,S,S6,Weil der Stadt|Malmsheim|Renningen|Rutesheim|Leonberg|Höfingen|Ditzingen|Weilimdorf|Korntal,8004338,Neuwirtshaus (Porscheplatz),Baden-Württemberg,Stuttgart,70435,9.151955614,48.83384734,4,2601031246,,2601031247,,,,,,,,,,,0.0,1.0
3131517444573088003-2601031148-10,7927,2601031216,2601031216,2,,S,S6,Weil der Stadt|Malmsheim|Renningen|Rutesheim|Leonberg|Höfingen|Ditzingen|Weilimdorf|Korntal,8004338,Neuwirtshaus (Porscheplatz),Baden-Württemberg,Stuttgart,70435,9.151955614,48.83384734,4,2601031222,,2601031222,,,,,,,,,,,6.0,6.0
-661438075088023210-2601031242-8,7630,2601031258,2601031258,1,,S,S6,Stuttgart Schwabstr.|Stuttgart Feuersee|Stuttgart Stadtmitte|Stuttgart Hbf (tief)|Stuttgart Nordbahnhof|Stuttgart-Feuerbach|Stuttgart-Zuffenhausen,8004338,Neuwirtshaus (Porscheplatz),Baden-Württemberg,Stuttgart,70435,9.151955614,48.83384734,4,2601031301,,2601031301,,,,,,,,,,,3.0,3.0
3112151770582767081-2601031157-8,7932,2601031213,2601031213,1,,S,S6,Stuttgart Schwabstr.|Stuttgart Feuersee|Stuttgart Stadtmitte|Stuttgart Hbf (tief)|Stuttgart Nordbahnhof|Stuttgart-Feuerbach|Stuttgart-Zuffenhausen,8004338,Neuwirtshaus (Porscheplatz),Baden-Württemberg,Stuttgart,70435,9.151955614,48.83384734,4,2601031214,,2601031214,,,,,,,,,,,1.0,1.0
-7035220678398818959-2601031212-8,7628,2601031228,2601031228,1,,S,S6,Stuttgart Schwabstr.|Stuttgart Feuersee|Stuttgart Stadtmitte|Stuttgart Hbf (tief)|Stuttgart Nordbahnhof|Stuttgart-Feuerbach|Stuttgart-Zuffenhausen,8004338,Neuwirtshaus (Porscheplatz),Baden-Württemberg,Stuttgart,70435,9.151955614,48.83384734,4,2601031232,,2601031232,,,,,,,,,,,4.0,4.0
6476044054617913836-2601031133-10,7629,2601031201,2601031201,2,,S,S6,Weil der Stadt|Malmsheim|Renningen|Rutesheim|Leonberg|Höfingen|Ditzingen|Weilimdorf|Korntal,8004338,Neuwirtshaus (Porscheplatz),Baden-Württemberg,Stuttgart,70435,9.151955614,48.83384734,4,2601031201,,2601031201,,,,,,,,,,,0.0,0.0
-3839002302897574901-2601031157-8,7032,2601031213,2601031213,1,,S,S60,Stuttgart Schwabstr.|Stuttgart Feuersee|Stuttgart Stadtmitte|Stuttgart Hbf (tief)|Stuttgart Nordbahnhof|Stuttgart-Feuerbach|Stuttgart-Zuffenhausen,8004338,Neuwirtshaus (Porscheplatz),Baden-Württemberg,Stuttgart,70435,9.151955614,48.83384734,4,2601031214,,2601031214,,,,,,,,,,,1.0,1.0
-2997586613667252816-2601031134-14,7027,2601031216,2601031216,2,,S,S60,Böblingen|Sindelfingen|Maichingen|Maichingen Nord|Magstadt|Renningen Süd|Renningen|Rutesheim|Leonberg|Höfingen|Ditzingen|Weilimdorf|Korntal,8004338,Neuwirtshaus (Porscheplatz),Baden-Württemberg,Stuttgart,70435,9.151955614,48.83384734,4,2601031222,,2601031222,,,,,,,,,,,6.0,6.0
-7003931357074639826-2601031227-8,7934,2601031243,2601031243,1,,S,S6,Stuttgart Schwabstr.|Stuttgart Feuersee|Stuttgart Stadtmitte|Stuttgart Hbf (tief)|Stuttgart Nordbahnhof|Stuttgart-Feuerbach|Stuttgart-Zuffenhausen,8004338,Neuwirtshaus (Porscheplatz),Baden-Württemberg,Stuttgart,70435,9.151955614,48.83384734,4,2601031243,,2601031243,,,,,,,,,,,0.0,0.0
8207272767207255575-2601031203-10,7631,2601031231,2601031231,2,,S,S6,Weil der Stadt|Malmsheim|Renningen|Rutesheim|Leonberg|Höfingen|Ditzingen|Weilimdorf|Korntal,8004338,Neuwirtshaus (Porscheplatz),Baden-Württemberg,Stuttgart,70435,9.151955614,48.83384734,4,2601031231,,2601031231,,,,,,,,,,,0.0,0.0
9194663872562058086-2601031227-8,7034,2601031243,2601031243,1,,S,S60,Stuttgart Schwabstr.|Stuttgart Feuersee|Stuttgart Stadtmitte|Stuttgart Hbf (tief)|Stuttgart Nordbahnhof|Stuttgart-Feuerbach|Stuttgart-Zuffenhausen,8004338,Neuwirtshaus (Porscheplatz),Baden-Württemberg,Stuttgart,70435,9.151955614,48.83384734,4,2601031243,,2601031243,,,,,,,,,,,0.0,0.0
3410717060998267101-2601031216-2,7132,2601031219,2601031219,2,,S,S1,Herrenberg,8004490,Nufringen,Baden-Württemberg,Nufringen,71154,8.889817485,48.62010967,5,2601031226,,2601031227,,,,,,,,,,,7.0,8.0
-5490041423935091879-2601031246-2,7134,2601031249,2601031249,2,,S,S1,Herrenberg,8004490,Nufringen,Baden-Württemberg,Nufringen,71154,8.889817485,48.62010967,5,2601031250,,2601031250,,,,,,,,,,,1.0,1.0
41668567353075799-2601031231-2,7730,2601031234,2601031234,2,,S,S1,Herrenberg,8004490,Nufringen,Baden-Württemberg,Nufringen,71154,8.889817485,48.62010967,5,2601031235,,2601031235,,,,,,,,,,,1.0,1.0
-5040164597006626382-2601031120-28,7129,2601031240,2601031240,1,,S,S1,Kirchheim(Teck)|Kirchheim(Teck)-Ötlingen|Wendlingen(Neckar)|Wernau(Neckar)|Plochingen|Altbach|Esslingen-Zell|Oberesslingen|Esslingen(Neckar)|Esslingen-Mettingen|Stuttgart-Obertürkheim|Stuttgart-Untertürkheim|Stuttgart Neckarpark|Stuttgart-Bad Cannstatt|Stuttgart Hbf (tief)|Stuttgart Stadtmitte|Stuttgart Feuersee|Stuttgart Schwabstr.|Stuttgart Universität|Stuttgart-Österfeld|Stuttgart-Vaihingen|Stuttgart-Rohr|Goldberg(Württ)|Böblingen|Hulb|Ehningen(b Böblingen)|Gärtringen,8004490,Nufringen,Baden-Württemberg,Nufringen,71154,8.889817485,48.62010967,5,2601031244,,2601031244,,,,,,,,,,,4.0,4.0
-4197374811050490820-2601031122-24,7729,2601031225,2601031225,1,,S,S1,Plochingen|Altbach|Esslingen-Zell|Oberesslingen|Esslingen(Neckar)|Esslingen-Mettingen|Stuttgart-Obertürkheim|Stuttgart-Untertürkheim|Stuttgart Neckarpark|Stuttgart-Bad Cannstatt|Stuttgart Hbf (tief)|Stuttgart Stadtmitte|Stuttgart Feuersee|Stuttgart Schwabstr.|Stuttgart Universität|Stuttgart-Österfeld|Stuttgart-Vaihingen|Stuttgart-Rohr|Goldberg(Württ)|Böblingen|Hulb|Ehningen(b Böblingen)|Gärtringen,8004490,Nufringen,Baden-Württemberg,Nufringen,71154,8.889817485,48.62010967,5,2601031225,,2601031225,,,,,,,,,,,0.0,0.0
-8319398400678058003-2601031050-28,7127,2601031210,2601031210,1,,S,S1,Kirchheim(Teck)|Kirchheim(Teck)-Ötlingen|Wendlingen(Neckar)|Wernau(Neckar)|Plochingen|Altbach|Esslingen-Zell|Oberesslingen|Esslingen(Neckar)|Esslingen-Mettingen|Stuttgart-Obertürkheim|Stuttgart-Untertürkheim|Stuttgart Neckarpark|Stuttgart-Bad Cannstatt|Stuttgart Hbf (tief)|Stuttgart Stadtmitte|Stuttgart Feuersee|Stuttgart Schwabstr.|Stuttgart Universität|Stuttgart-Österfeld|Stuttgart-Vaihingen|Stuttgart-Rohr|Goldberg(Württ)|Böblingen|Hulb|Ehningen(b Böblingen)|Gärtringen,8004490,Nufringen,Baden-Württemberg,Nufringen,71154,8.889817485,48.62010967,5,2601031210,,2601031211,,,,,,,,,,,0.0,1.0
2059911478828825113-2601031201-2,7728,2601031204,2601031204,2,,S,S1,Herrenberg,8004490,Nufringen,Baden-Württemberg,Nufringen,71154,8.889817485,48.62010967,5,2601031206,,2601031206,,,,,,,,,,,2.0,2.0
504511267373916834-2601031148-5,7828,2601031200,2601031200,2,,S,S2,Filderstadt|Stuttgart Flughafen/Messe|Echterdingen|Leinfelden,8004496,Oberaichen,Baden-Württemberg,Leinfelden-Echterdingen,70771,9.12743664,48.70512422,5,2601031200,,2601031200,,,,,,,,,,,0.0,0.0
6037380939760231204-2601031233-5,7230,2601031245,2601031245,2,,S,S2,Filderstadt|Stuttgart Flughafen/Messe|Echterdingen|Leinfelden,8004496,Oberaichen,Baden-Württemberg,Leinfelden-Echterdingen,70771,9.12743664,48.70512422,5,2601031245,,2601031247,,,,,,,,,,,0.0,2.0
-2732981563110923380-2601031148-23,7231,2601031244,2601031244,1,,S,S2,Schorndorf|Weiler(Rems)|Winterbach(b Schorndorf)|Geradstetten|Grunbach|Beutelsbach|Endersbach|Stetten-Beinstein|Rommelshausen|Waiblingen|Fellbach|Stuttgart-Sommerrain|Stuttgart Nürnberger Str.|Stuttgart-Bad Cannstatt|Stuttgart Hbf (tief)|Stuttgart Stadtmitte|Stuttgart Feuersee|Stuttgart Schwabstr.|Stuttgart Universität|Stuttgart-Österfeld|Stuttgart-Vaihingen|Stuttgart-Rohr,8004496,Oberaichen,Baden-Württemberg,Leinfelden-Echterdingen,70771,9.12743664,48.70512422,5,2601031245,,2601031246,,,,,,,,,,,1.0,2.0
-4520082460048067316-2601031203-23,7827,2601031259,2601031259,1,,S,S2,Schorndorf|Weiler(Rems)|Winterbach(b Schorndorf)|Geradstetten|Grunbach|Beutelsbach|Endersbach|Stetten-Beinstein|Rommelshausen|Waiblingen|Fellbach|Stuttgart-Sommerrain|Stuttgart Nürnberger Str.|Stuttgart-Bad Cannstatt|Stuttgart Hbf (tief)|Stuttgart Stadtmitte|Stuttgart Feuersee|Stuttgart Schwabstr.|Stuttgart Universität|Stuttgart-Österfeld|Stuttgart-Vaihingen|Stuttgart-Rohr,8004496,Oberaichen,Baden-Württemberg,Leinfelden-Echterdingen,70771,9.12743664,48.70512422,5,2601031300,,2601031301,,,,,,,,,,,1.0,2.0
-5681419952559341398-2601031133-23,7825,2601031229,2601031229,1,,S,S2,Schorndorf|Weiler(Rems)|Winterbach(b Schorndorf)|Geradstetten|Grunbach|Beutelsbach|Endersbach|Stetten-Beinstein|Rommelshausen|Waiblingen|Fellbach|Stuttgart-Sommerrain|Stuttgart Nürnberger Str.|Stuttgart-Bad Cannstatt|Stuttgart Hbf (tief)|Stuttgart Stadtmitte|Stuttgart Feuersee|Stuttgart Schwabstr.|Stuttgart Universität|Stuttgart-Österfeld|Stuttgart-Vaihingen|Stuttgart-Rohr,8004496,Oberaichen,Baden-Württemberg,Leinfelden-Echterdingen,70771,9.12743664,48.70512422,5,2601031230,,2601031230,,,,,,,,,,,1.0,1.0
-7250951253539911335-2601031118-23,7229,2601031214,2601031214,1,,S,S2,Schorndorf|Weiler(Rems)|Winterbach(b Schorndorf)|Geradstetten|Grunbach|Beutelsbach|Endersbach|Stetten-Beinstein|Rommelshausen|Waiblingen|Fellbach|Stuttgart-Sommerrain|Stuttgart Nürnberger Str.|Stuttgart-Bad Cannstatt|Stuttgart Hbf (tief)|Stuttgart Stadtmitte|Stuttgart Feuersee|Stuttgart Schwabstr.|Stuttgart Universität|Stuttgart-Österfeld|Stuttgart-Vaihingen|Stuttgart-Rohr,8004496,Oberaichen,Baden-Württemberg,Leinfelden-Echterdingen,70771,9.12743664,48.70512422,5,2601031218,,2601031219,,,,,,,,,,,4.0,5.0
-2740283852421142578-2601031218-5,7830,2601031230,2601031230,2,,S,S2,Filderstadt|Stuttgart Flughafen/Messe|Echterdingen|Leinfelden,8004496,Oberaichen,Baden-Württemberg,Leinfelden-Echterdingen,70771,9.12743664,48.70512422,5,2601031230,,2601031230,,,,,,,,,,,0.0,0.0
6168129635936742431-2601031203-5,7228,2601031215,2601031215,2,,S,S2,Filderstadt|Stuttgart Flughafen/Messe|Echterdingen|Leinfelden,8004496,Oberaichen,Baden-Württemberg,Leinfelden-Echterdingen,70771,9.12743664,48.70512422,5,2601031215,,2601031215,,,,,,,,,,,0.0,0.0
1917902183543807700-2601031104-18,7724,2601031200,2601031200,4,,S,S1,Herrenberg|Böblingen|Goldberg(Württ)|Stuttgart-Rohr|Stuttgart-Vaihingen|Stuttgart-Österfeld|Stuttgart Universität|Stuttgart Schwabstr.|Stuttgart Feuersee|Stuttgart Stadtmitte|Stuttgart Hbf (tief)|Stuttgart-Bad Cannstatt|Stuttgart Neckarpark|Stuttgart-Untertürkheim|Stuttgart-Obertürkheim|Esslingen-Mettingen|Esslingen(Neckar),8004528,Oberesslingen,Baden-Württemberg,Esslingen am Neckar,73730,9.327277435,48.72983585,3,2601031203,,2601031204,,,,,,,,,,,3.0,4.0
1836435062166220832-2601031131-22,7726,2601031230,2601031230,4,,S,S1,Herrenberg|Nufringen|Gärtringen|Ehningen(b Böblingen)|Hulb|Böblingen|Goldberg(Württ)|Stuttgart-Rohr|Stuttgart-Vaihingen|Stuttgart-Österfeld|Stuttgart Universität|Stuttgart Schwabstr.|Stuttgart Feuersee|Stuttgart Stadtmitte|Stuttgart Hbf (tief)|Stuttgart-Bad Cannstatt|Stuttgart Neckarpark|Stuttgart-Untertürkheim|Stuttgart-Obertürkheim|Esslingen-Mettingen|Esslingen(Neckar),8004528,Oberesslingen,Baden-Württemberg,Esslingen am Neckar,73730,9.327277435,48.72983585,3,2601031230,,2601031231,,,,,,,,,,,0.0,1.0
-1667866592525461048-2601031152-4,7731,2601031200,2601031200,3,,S,S1,Plochingen|Altbach|Esslingen-Zell,8004528,Oberesslingen,Baden-Württemberg,Esslingen am Neckar,73730,9.327277435,48.72983585,3,2601031200,,2601031200,,,,,,,,,,,0.0,0.0
-6319936848544854600-2601031220-8,7133,2601031245,2601031245,3,,S,S1,Kirchheim(Teck)|Kirchheim(Teck)-Ötlingen|Wendlingen(Neckar)|Wernau(Neckar)|Plochingen|Altbach|Esslingen-Zell,8004528,Oberesslingen,Baden-Württemberg,Esslingen am Neckar,73730,9.327277435,48.72983585,3,2601031247,,2601031247,,,,,,,,,,,2.0,2.0
3158900998064725317-2601031116-22,7128,2601031215,2601031215,4,,S,S1,Herrenberg|Nufringen|Gärtringen|Ehningen(b Böblingen)|Hulb|Böblingen|Goldberg(Württ)|Stuttgart-Rohr|Stuttgart-Vaihingen|Stuttgart-Österfeld|Stuttgart Universität|Stuttgart Schwabstr.|Stuttgart Feuersee|Stuttgart Stadtmitte|Stuttgart Hbf (tief)|Stuttgart-Bad Cannstatt|Stuttgart Neckarpark|Stuttgart-Untertürkheim|Stuttgart-Obertürkheim|Esslingen-Mettingen|Esslingen(Neckar),8004528,Oberesslingen,Baden-Württemberg,Esslingen am Neckar,73730,9.327277435,48.72983585,3,2601031215,,2601031216,,,,,,,,,,,0.0,1.0
4736637014602700336-2601031150-8,7131,2601031215,2601031215,3,,S,S1,Kirchheim(Teck)|Kirchheim(Teck)-Ötlingen|Wendlingen(Neckar)|Wernau(Neckar)|Plochingen|Altbach|Esslingen-Zell,8004528,Oberesslingen,Baden-Württemberg,Esslingen am Neckar,73730,9.327277435,48.72983585,3,2601031215,,2601031215,,,,,,,,,,,0.0,0.0
1899806724872395697-2601031222-4,7733,2601031230,2601031230,3,,S,S1,Plochingen|Altbach|Esslingen-Zell,8004528,Oberesslingen,Baden-Württemberg,Esslingen am Neckar,73730,9.327277435,48.72983585,3,2601031230,,2601031231,,,,,,,,,,,0.0,1.0
-5759624544289762969-2601031146-22,7130,2601031245,2601031245,4,,S,S1,Herrenberg|Nufringen|Gärtringen|Ehningen(b Böblingen)|Hulb|Böblingen|Goldberg(Württ)|Stuttgart-Rohr|Stuttgart-Vaihingen|Stuttgart-Österfeld|Stuttgart Universität|Stuttgart Schwabstr.|Stuttgart Feuersee|Stuttgart Stadtmitte|Stuttgart Hbf (tief)|Stuttgart-Bad Cannstatt|Stuttgart Neckarpark|Stuttgart-Untertürkheim|Stuttgart-Obertürkheim|Esslingen-Mettingen|Esslingen(Neckar),8004528,Oberesslingen,Baden-Württemberg,Esslingen am Neckar,73730,9.327277435,48.72983585,3,2601031245,,2601031245,,,,,,,,,,,0.0,0.0
1917902183543807700-2601031104-21,7724,2601031208,,10,,S,,Herrenberg|Böblingen|Goldberg(Württ)|Stuttgart-Rohr|Stuttgart-Vaihingen|Stuttgart-Österfeld|Stuttgart Universität|Stuttgart Schwabstr.|Stuttgart Feuersee|Stuttgart Stadtmitte|Stuttgart Hbf (tief)|Stuttgart-Bad Cannstatt|Stuttgart Neckarpark|Stuttgart-Untertürkheim|Stuttgart-Obertürkheim|Esslingen-Mettingen|Esslingen(Neckar)|Oberesslingen|Esslingen-Zell|Altbach,8000302,Plochingen,Baden-Württemberg,Plochingen,73207,9.411294578,48.71293906,2,2601031211,,,,,,,,,,,,,3.0,0.0
-5722273275463151764-2601031204-4,19139,2601031223,2601031233,6,,ARV,MEX16,Stuttgart Hbf|Stuttgart-Bad Cannstatt|Esslingen(Neckar),8000302,Plochingen,Baden-Württemberg,Plochingen,73207,9.411294578,48.71293906,2,2601031223,3,2601031233,3,,,,,,,,,,0.0,0.0
-8401269000654257227-2601031140-4,19193,2601031200,2601031200,6,,ARV,MEX16,Stuttgart Hbf|Stuttgart-Bad Cannstatt|Esslingen(Neckar),8000302,Plochingen,Baden-Württemberg,Plochingen,73207,9.411294578,48.71293906,2,2601031210,,2601031218,,,,,,,,,,,10.0,18.0
1836435062166220832-2601031131-25,7726,2601031238,,10,,S,,Herrenberg|Nufringen|Gärtringen|Ehningen(b Böblingen)|Hulb|Böblingen|Goldberg(Württ)|Stuttgart-Rohr|Stuttgart-Vaihingen|Stuttgart-Österfeld|Stuttgart Universität|Stuttgart Schwabstr.|Stuttgart Feuersee|Stuttgart Stadtmitte|Stuttgart Hbf (tief)|Stuttgart-Bad Cannstatt|Stuttgart Neckarpark|Stuttgart-Untertürkheim|Stuttgart-Obertürkheim|Esslingen-Mettingen|Esslingen(Neckar)|Oberesslingen|Esslingen-Zell|Altbach,8000302,Plochingen,Baden-Württemberg,Plochingen,73207,9.411294578,48.71293906,2,2601031238,,,,,,,,,,,,,0.0,0.0
7360062188173606239-2601031252-1,7735,,2601031252,,,S,S1,,8000302,Plochingen,Baden-Württemberg,Plochingen,73207,9.411294578,48.71293906,2,,,2601031252,,,,,,,,,,,0.0,0.0
-4362160255130481243-2601031143-19,19140,2601031256,2601031257,3,,ARV,MEX16,Ulm Hbf|Beimerstetten|Westerstetten|Lonsee|Urspring|Amstetten(Württ)|Geislingen(Steige)|Geislingen(Steige)West|Kuchen|Gingen(Fils)|Süßen|Salach|Eislingen(Fils)|Göppingen|Faurndau|Uhingen|Ebersbach(Fils)|Reichenbach(Fils),8000302,Plochingen,Baden-Württemberg,Plochingen,73207,9.411294578,48.71293906,2,2601031259,,2601031259,,,,,,,,,,,3.0,2.0
-6319936848544854600-2601031220-5,7133,2601031235,2601031237,9,,S,S1,Kirchheim(Teck)|Kirchheim(Teck)-Ötlingen|Wendlingen(Neckar)|Wernau(Neckar),8000302,Plochingen,Baden-Württemberg,Plochingen,73207,9.411294578,48.71293906,2,2601031236,,2601031237,,,,,,,,,,,1.0,0.0
3158900998064725317-2601031116-25,7128,2601031223,2601031225,9,,S,S1,Herrenberg|Nufringen|Gärtringen|Ehningen(b Böblingen)|Hulb|Böblingen|Goldberg(Württ)|Stuttgart-Rohr|Stuttgart-Vaihingen|Stuttgart-Österfeld|Stuttgart Universität|Stuttgart Schwabstr.|Stuttgart Feuersee|Stuttgart Stadtmitte|Stuttgart Hbf (tief)|Stuttgart-Bad Cannstatt|Stuttgart Neckarpark|Stuttgart-Untertürkheim|Stuttgart-Obertürkheim|Esslingen-Mettingen|Esslingen(Neckar)|Oberesslingen|Esslingen-Zell|Altbach,8000302,Plochingen,Baden-Württemberg,Plochingen,73207,9.411294578,48.71293906,2,2601031223,,2601031225,,,,,,,,,,,0.0,0.0
-1993606386599546493-2601031148-13,19138,2601031228,2601031234,1,,ARV,MEX16,Geislingen(Steige)|Geislingen(Steige)West|Kuchen|Gingen(Fils)|Süßen|Salach|Eislingen(Fils)|Göppingen|Faurndau|Uhingen|Ebersbach(Fils)|Reichenbach(Fils),8000302,Plochingen,Baden-Württemberg,Plochingen,73207,9.411294578,48.71293906,2,2601031228,,2601031234,,,,,,,,,,,0.0,0.0
4736637014602700336-2601031150-5,7131,2601031205,2601031207,9,,S,S1,Kirchheim(Teck)|Kirchheim(Teck)-Ötlingen|Wendlingen(Neckar)|Wernau(Neckar),8000302,Plochingen,Baden-Württemberg,Plochingen,73207,9.411294578,48.71293906,2,2601031206,,2601031207,,,,,,,,,,,1.0,0.0
1899806724872395697-2601031222-1,7733,,2601031222,,,S,S1,,8000302,Plochingen,Baden-Württemberg,Plochingen,73207,9.411294578,48.71293906,2,,,2601031222,,,,,,,,,,,0.0,0.0
2297543165058573928-2601031237-3,4217,2601031254,2601031256,4,,RE,RE5,Stuttgart Hbf|Esslingen(Neckar),8000302,Plochingen,Baden-Württemberg,Plochingen,73207,9.411294578,48.71293906,2,2601031255,,2601031257,,h,2,Information,,,,,,,1.0,1.0
1366757169240187578-2601031005-11,4212,2601031202,2601031206,1,,RE,RE5,Friedrichshafen Stadt|Meckenbeuren|Ravensburg|Aulendorf|Bad Schussenried|Biberach(Riß)|Laupheim West|Ulm Hbf|Geislingen(Steige)|Göppingen,8000302,Plochingen,Baden-Württemberg,Plochingen,73207,9.411294578,48.71293906,2,2601031204,,2601031206,,h,2,Information,,,,,,,2.0,0.0
5127296555604559795-2601031036-25,19317,2601031242,2601031245,9,,RE,MEX18,Osterburken|Adelsheim Ost|Sennfeld|Roigheim|Möckmühl|Züttlingen|Siglingen|Neudenau|Herbolzheim(Jagst)|Untergriesheim|Bad Friedrichshall Hbf|Neckarsulm|Heilbronn Sülmertor|Heilbronn Hbf|Nordheim(Württ)|Lauffen(Neckar)|Kirchheim(Neckar)|Walheim(Württ)|Besigheim|Bietigheim-Bissingen|Ludwigsburg|Stuttgart Hbf|Stuttgart-Bad Cannstatt|Esslingen(Neckar),8000302,Plochingen,Baden-Württemberg,Plochingen,73207,9.411294578,48.71293906,2,2601031243,,2601031245,,c,,,,,,,,,1.0,0.0
-5759624544289762969-2601031146-25,7130,2601031253,2601031255,9,,S,S1,Herrenberg|Nufringen|Gärtringen|Ehningen(b Böblingen)|Hulb|Böblingen|Goldberg(Württ)|Stuttgart-Rohr|Stuttgart-Vaihingen|Stuttgart-Österfeld|Stuttgart Universität|Stuttgart Schwabstr.|Stuttgart Feuersee|Stuttgart Stadtmitte|Stuttgart Hbf (tief)|Stuttgart-Bad Cannstatt|Stuttgart Neckarpark|Stuttgart-Untertürkheim|Stuttgart-Obertürkheim|Esslingen-Mettingen|Esslingen(Neckar)|Oberesslingen|Esslingen-Zell|Altbach,8000302,Plochingen,Baden-Württemberg,Plochingen,73207,9.411294578,48.71293906,2,2601031253,,2601031256,,,,,,,,,,,0.0,1.0
5197957692469736326-2601031133-6,19316,2601031211,2601031212,6,,RE,MEX18,Tübingen Hbf|Reutlingen Hbf|Metzingen(Württ)|Nürtingen|Wendlingen(Neckar),8000302,Plochingen,Baden-Württemberg,Plochingen,73207,9.411294578,48.71293906,2,2601031221,7,2601031222,7,,,,,,,,,,10.0,10.0
5428406942819857702-2601031205-8,19230,2601031246,2601031247,7,,RE,MEX12,Tübingen Hbf|Reutlingen Hbf|Metzingen(Württ)|Bempflingen|Nürtingen|Oberboihingen|Wendlingen(Neckar),8000302,Plochingen,Baden-Württemberg,Plochingen,73207,9.411294578,48.71293906,2,2601031249,,2601031250,,c,,,,,,,,,3.0,3.0
-3458622020077786212-2601031057-12,19221,2601031211,2601031212,9,,RE,MEX12,Heilbronn Hbf|Nordheim(Württ)|Lauffen(Neckar)|Kirchheim(Neckar)|Walheim(Württ)|Besigheim|Bietigheim-Bissingen|Ludwigsburg|Stuttgart Hbf|Stuttgart-Bad Cannstatt|Esslingen(Neckar),8000302,Plochingen,Baden-Württemberg,Plochingen,73207,9.411294578,48.71293906,2,2601031214,,2601031215,,,,,,,,,,,3.0,3.0
7608028257592331283-2601031204-7,7029,2601031220,2601031226,2,,S,S60,Böblingen|Sindelfingen|Maichingen|Maichingen Nord|Magstadt|Renningen Süd,8000313,Renningen,Baden-Württemberg,Renningen,71272,8.932650148,48.77515509,3,2601031222,,2601031227,,,,,,,,,,,2.0,1.0
-4444589756830246864-2601031218-3,7929,2601031223,2601031226,2,,S,S6,Weil der Stadt|Malmsheim,8000313,Renningen,Baden-Württemberg,Renningen,71272,8.932650148,48.77515509,3,2601031225,,2601031227,,,,,,,,,,,2.0,1.0
-4671468548274859337-2601031248-3,7931,2601031253,2601031256,2,,S,S6,Weil der Stadt|Malmsheim,8000313,Renningen,Baden-Württemberg,Renningen,71272,8.932650148,48.77515509,3,2601031254,,2601031257,,,,,,,,,,,1.0,1.0
-4467381660354326502-2601031127-15,7930,2601031204,2601031207,3,,S,S6,Stuttgart Schwabstr.|Stuttgart Feuersee|Stuttgart Stadtmitte|Stuttgart Hbf (tief)|Stuttgart Nordbahnhof|Stuttgart-Feuerbach|Stuttgart-Zuffenhausen|Neuwirtshaus(Porscheplatz)|Korntal|Weilimdorf|Ditzingen|Höfingen|Leonberg|Rutesheim,8000313,Renningen,Baden-Württemberg,Renningen,71272,8.932650148,48.77515509,3,2601031206,,2601031209,,,,,,,,,,,2.0,2.0
-8244462081615470367-2601031234-7,7031,2601031250,2601031256,2,,S,S60,Böblingen|Sindelfingen|Maichingen|Maichingen Nord|Magstadt|Renningen Süd,8000313,Renningen,Baden-Württemberg,Renningen,71272,8.932650148,48.77515509,3,2601031251,,2601031257,,,,,,,,,,,1.0,1.0
3519679731657304538-2601031142-15,7626,2601031219,2601031222,3,,S,S6,Stuttgart Schwabstr.|Stuttgart Feuersee|Stuttgart Stadtmitte|Stuttgart Hbf (tief)|Stuttgart Nordbahnhof|Stuttgart-Feuerbach|Stuttgart-Zuffenhausen|Neuwirtshaus(Porscheplatz)|Korntal|Weilimdorf|Ditzingen|Höfingen|Leonberg|Rutesheim,8000313,Renningen,Baden-Württemberg,Renningen,71272,8.932650148,48.77515509,3,2601031219,,2601031222,,,,,,,,,,,0.0,0.0
3112151770582767081-2601031157-15,7932,2601031234,2601031237,3,,S,S6,Stuttgart Schwabstr.|Stuttgart Feuersee|Stuttgart Stadtmitte|Stuttgart Hbf (tief)|Stuttgart Nordbahnhof|Stuttgart-Feuerbach|Stuttgart-Zuffenhausen|Neuwirtshaus(Porscheplatz)|Korntal|Weilimdorf|Ditzingen|Höfingen|Leonberg|Rutesheim,8000313,Renningen,Baden-Württemberg,Renningen,71272,8.932650148,48.77515509,3,2601031234,,2601031237,,,,,,,,,,,0.0,0.0
-7035220678398818959-2601031212-15,7628,2601031249,2601031252,3,,S,S6,Stuttgart Schwabstr.|Stuttgart Feuersee|Stuttgart Stadtmitte|Stuttgart Hbf (tief)|Stuttgart Nordbahnhof|Stuttgart-Feuerbach|Stuttgart-Zuffenhausen|Neuwirtshaus(Porscheplatz)|Korntal|Weilimdorf|Ditzingen|Höfingen|Leonberg|Rutesheim,8000313,Renningen,Baden-Württemberg,Renningen,71272,8.932650148,48.77515509,3,2601031252,,2601031252,,,,,,,,,,,3.0,0.0
-3839002302897574901-2601031157-15,7032,2601031234,2601031239,3,,S,S60,Stuttgart Schwabstr.|Stuttgart Feuersee|Stuttgart Stadtmitte|Stuttgart Hbf (tief)|Stuttgart Nordbahnhof|Stuttgart-Feuerbach|Stuttgart-Zuffenhausen|Neuwirtshaus(Porscheplatz)|Korntal|Weilimdorf|Ditzingen|Höfingen|Leonberg|Rutesheim,8000313,Renningen,Baden-Württemberg,Renningen,71272,8.932650148,48.77515509,3,2601031234,,2601031239,,,,,,,,,,,0.0,0.0
6621898459612569085-2601031127-15,7030,2601031204,2601031209,3,,S,S60,Stuttgart Schwabstr.|Stuttgart Feuersee|Stuttgart Stadtmitte|Stuttgart Hbf (tief)|Stuttgart Nordbahnhof|Stuttgart-Feuerbach|Stuttgart-Zuffenhausen|Neuwirtshaus(Porscheplatz)|Korntal|Weilimdorf|Ditzingen|Höfingen|Leonberg|Rutesheim,8000313,Renningen,Baden-Württemberg,Renningen,71272,8.932650148,48.77515509,3,2601031206,,2601031211,,,,,,,,,,,2.0,2.0
-8922964933325247623-2601031233-3,7633,2601031237,2601031241,2,,S,S6,Weil der Stadt|Malmsheim,8000313,Renningen,Baden-Württemberg,Renningen,71272,8.932650148,48.77515509,3,2601031238,,2601031241,,,,,,,,,,,1.0,0.0
8207272767207255575-2601031203-3,7631,2601031207,2601031211,2,,S,S6,Weil der Stadt|Malmsheim,8000313,Renningen,Baden-Württemberg,Renningen,71272,8.932650148,48.77515509,3,2601031208,,2601031211,,,,,,,,,,,1.0,0.0
-8725533177147162662-2601031233-9,7829,2601031251,2601031252,2,,S,S2,Schorndorf|Weiler(Rems)|Winterbach(b Schorndorf)|Geradstetten|Grunbach|Beutelsbach|Endersbach|Stetten-Beinstein,8005157,Rommelshausen,Baden-Württemberg,Kernen,71394,9.319175885,48.81552017,4,2601031251,,2601031252,,,,,,,,,,,0.0,0.0
3177327826888597271-2601031218-9,7233,2601031236,2601031237,2,,S,S2,Schorndorf|Weiler(Rems)|Winterbach(b Schorndorf)|Geradstetten|Grunbach|Beutelsbach|Endersbach|Stetten-Beinstein,8005157,Rommelshausen,Baden-Württemberg,Kernen,71394,9.319175885,48.81552017,4,2601031237,,2601031238,,,,,,,,,,,1.0,1.0
504511267373916834-2601031148-19,7828,2601031237,2601031237,1,,S,S2,Filderstadt|Stuttgart Flughafen/Messe|Echterdingen|Leinfelden|Oberaichen|Stuttgart-Rohr|Stuttgart-Vaihingen|Stuttgart-Österfeld|Stuttgart Universität|Stuttgart Schwabstr.|Stuttgart Feuersee|Stuttgart Stadtmitte|Stuttgart Hbf (tief)|Stuttgart-Bad Cannstatt|Stuttgart Nürnberger Str.|Stuttgart-Sommerrain|Fellbach|Waiblingen,8005157,Rommelshausen,Baden-Württemberg,Kernen,71394,9.319175885,48.81552017,4,2601031237,,2601031238,,,,,,,,,,,0.0,1.0
-2732981563110923380-2601031148-9,7231,2601031206,2601031207,2,,S,S2,Schorndorf|Weiler(Rems)|Winterbach(b Schorndorf)|Geradstetten|Grunbach|Beutelsbach|Endersbach|Stetten-Beinstein,8005157,Rommelshausen,Baden-Württemberg,Kernen,71394,9.319175885,48.81552017,4,2601031206,,2601031207,,,,,,,,,,,0.0,0.0
-4520082460048067316-2601031203-9,7827,2601031221,2601031222,2,,S,S2,Schorndorf|Weiler(Rems)|Winterbach(b Schorndorf)|Geradstetten|Grunbach|Beutelsbach|Endersbach|Stetten-Beinstein,8005157,Rommelshausen,Baden-Württemberg,Kernen,71394,9.319175885,48.81552017,4,2601031222,,2601031223,,,,,,,,,,,1.0,1.0
-4376819822122462379-2601031133-19,7226,2601031222,2601031222,1,,S,S2,Filderstadt|Stuttgart Flughafen/Messe|Echterdingen|Leinfelden|Oberaichen|Stuttgart-Rohr|Stuttgart-Vaihingen|Stuttgart-Österfeld|Stuttgart Universität|Stuttgart Schwabstr.|Stuttgart Feuersee|Stuttgart Stadtmitte|Stuttgart Hbf (tief)|Stuttgart-Bad Cannstatt|Stuttgart Nürnberger Str.|Stuttgart-Sommerrain|Fellbach|Waiblingen,8005157,Rommelshausen,Baden-Württemberg,Kernen,71394,9.319175885,48.81552017,4,2601031224,,2601031224,,,,,,,,,,,2.0,2.0
-3444202453718850758-2601031118-19,7826,2601031207,2601031207,1,,S,S2,Filderstadt|Stuttgart Flughafen/Messe|Echterdingen|Leinfelden|Oberaichen|Stuttgart-Rohr|Stuttgart-Vaihingen|Stuttgart-Österfeld|Stuttgart Universität|Stuttgart Schwabstr.|Stuttgart Feuersee|Stuttgart Stadtmitte|Stuttgart Hbf (tief)|Stuttgart-Bad Cannstatt|Stuttgart Nürnberger Str.|Stuttgart-Sommerrain|Fellbach|Waiblingen,8005157,Rommelshausen,Baden-Württemberg,Kernen,71394,9.319175885,48.81552017,4,2601031210,,2601031211,,,,,,,,,,,3.0,4.0
6168129635936742431-2601031203-19,7228,2601031252,2601031252,1,,S,S2,Filderstadt|Stuttgart Flughafen/Messe|Echterdingen|Leinfelden|Oberaichen|Stuttgart-Rohr|Stuttgart-Vaihingen|Stuttgart-Österfeld|Stuttgart Universität|Stuttgart Schwabstr.|Stuttgart Feuersee|Stuttgart Stadtmitte|Stuttgart Hbf (tief)|Stuttgart-Bad Cannstatt|Stuttgart Nürnberger Str.|Stuttgart-Sommerrain|Fellbach|Waiblingen,8005157,Rommelshausen,Baden-Württemberg,Kernen,71394,9.319175885,48.81552017,4,2601031253,,2601031253,,,,,,,,,,,1.0,1.0
7608028257592331283-2601031204-8,7029,2601031228,2601031229,1,,S,S60,Böblingen|Sindelfingen|Maichingen|Maichingen Nord|Magstadt|Renningen Süd|Renningen,8005236,Rutesheim,Baden-Württemberg,Leonberg,71229,8.960325242,48.79031093,5,2601031229,,2601031229,,,,,,,,,,,1.0,0.0
-4444589756830246864-2601031218-4,7929,2601031228,2601031229,1,,S,S6,Weil der Stadt|Malmsheim|Renningen,8005236,Rutesheim,Baden-Württemberg,Leonberg,71229,8.960325242,48.79031093,5,2601031229,,2601031229,,,,,,,,,,,1.0,0.0
-4671468548274859337-2601031248-4,7931,2601031258,2601031259,1,,S,S6,Weil der Stadt|Malmsheim|Renningen,8005236,Rutesheim,Baden-Württemberg,Leonberg,71229,8.960325242,48.79031093,5,2601031259,,2601031300,,,,,,,,,,,1.0,1.0
-4467381660354326502-2601031127-14,7930,2601031201,2601031201,2,,S,S6,Stuttgart Schwabstr.|Stuttgart Feuersee|Stuttgart Stadtmitte|Stuttgart Hbf (tief)|Stuttgart Nordbahnhof|Stuttgart-Feuerbach|Stuttgart-Zuffenhausen|Neuwirtshaus(Porscheplatz)|Korntal|Weilimdorf|Ditzingen|Höfingen|Leonberg,8005236,Rutesheim,Baden-Württemberg,Leonberg,71229,8.960325242,48.79031093,5,2601031204,,2601031204,,,,,,,,,,,3.0,3.0
-8244462081615470367-2601031234-8,7031,2601031258,2601031259,1,,S,S60,Böblingen|Sindelfingen|Maichingen|Maichingen Nord|Magstadt|Renningen Süd|Renningen,8005236,Rutesheim,Baden-Württemberg,Leonberg,71229,8.960325242,48.79031093,5,2601031259,,2601031300,,,,,,,,,,,1.0,1.0
3519679731657304538-2601031142-14,7626,2601031216,2601031216,2,,S,S6,Stuttgart Schwabstr.|Stuttgart Feuersee|Stuttgart Stadtmitte|Stuttgart Hbf (tief)|Stuttgart Nordbahnhof|Stuttgart-Feuerbach|Stuttgart-Zuffenhausen|Neuwirtshaus(Porscheplatz)|Korntal|Weilimdorf|Ditzingen|Höfingen|Leonberg,8005236,Rutesheim,Baden-Württemberg,Leonberg,71229,8.960325242,48.79031093,5,2601031217,,2601031217,,,,,,,,,,,1.0,1.0
3112151770582767081-2601031157-14,7932,2601031231,2601031231,2,,S,S6,Stuttgart Schwabstr.|Stuttgart Feuersee|Stuttgart Stadtmitte|Stuttgart Hbf (tief)|Stuttgart Nordbahnhof|Stuttgart-Feuerbach|Stuttgart-Zuffenhausen|Neuwirtshaus(Porscheplatz)|Korntal|Weilimdorf|Ditzingen|Höfingen|Leonberg,8005236,Rutesheim,Baden-Württemberg,Leonberg,71229,8.960325242,48.79031093,5,2601031231,,2601031231,,,,,,,,,,,0.0,0.0
-7035220678398818959-2601031212-14,7628,2601031246,2601031246,2,,S,S6,Stuttgart Schwabstr.|Stuttgart Feuersee|Stuttgart Stadtmitte|Stuttgart Hbf (tief)|Stuttgart Nordbahnhof|Stuttgart-Feuerbach|Stuttgart-Zuffenhausen|Neuwirtshaus(Porscheplatz)|Korntal|Weilimdorf|Ditzingen|Höfingen|Leonberg,8005236,Rutesheim,Baden-Württemberg,Leonberg,71229,8.960325242,48.79031093,5,2601031249,,2601031249,,,,,,,,,,,3.0,3.0
-3839002302897574901-2601031157-14,7032,2601031231,2601031231,2,,S,S60,Stuttgart Schwabstr.|Stuttgart Feuersee|Stuttgart Stadtmitte|Stuttgart Hbf (tief)|Stuttgart Nordbahnhof|Stuttgart-Feuerbach|Stuttgart-Zuffenhausen|Neuwirtshaus(Porscheplatz)|Korntal|Weilimdorf|Ditzingen|Höfingen|Leonberg,8005236,Rutesheim,Baden-Württemberg,Leonberg,71229,8.960325242,48.79031093,5,2601031231,,2601031231,,,,,,,,,,,0.0,0.0
6621898459612569085-2601031127-14,7030,2601031201,2601031201,2,,S,S60,Stuttgart Schwabstr.|Stuttgart Feuersee|Stuttgart Stadtmitte|Stuttgart Hbf (tief)|Stuttgart Nordbahnhof|Stuttgart-Feuerbach|Stuttgart-Zuffenhausen|Neuwirtshaus(Porscheplatz)|Korntal|Weilimdorf|Ditzingen|Höfingen|Leonberg,8005236,Rutesheim,Baden-Württemberg,Leonberg,71229,8.960325242,48.79031093,5,2601031204,,2601031204,,,,,,,,,,,3.0,3.0
-8922964933325247623-2601031233-4,7633,2601031243,2601031244,1,,S,S6,Weil der Stadt|Malmsheim|Renningen,8005236,Rutesheim,Baden-Württemberg,Leonberg,71229,8.960325242,48.79031093,5,2601031244,,2601031244,,,,,,,,,,,1.0,0.0
8207272767207255575-2601031203-4,7631,2601031213,2601031214,1,,S,S6,Weil der Stadt|Malmsheim|Renningen,8005236,Rutesheim,Baden-Württemberg,Leonberg,71229,8.960325242,48.79031093,5,2601031214,,2601031214,,,,,,,,,,,1.0,0.0
-8725533177147162662-2601031233-1,7829,,2601031233,,,S,S2,,8005424,Schorndorf,Baden-Württemberg,Schorndorf,73614,9.525686251,48.80693898,3,,,2601031233,,,,,,,,,,,0.0,0.0
3177327826888597271-2601031218-1,7233,,2601031218,,,S,S2,,8005424,Schorndorf,Baden-Württemberg,Schorndorf,73614,9.525686251,48.80693898,3,,,2601031218,,,,,,,,,,,0.0,0.0
504511267373916834-2601031148-27,7828,2601031255,,14,,S,,Filderstadt|Stuttgart Flughafen/Messe|Echterdingen|Leinfelden|Oberaichen|Stuttgart-Rohr|Stuttgart-Vaihingen|Stuttgart-Österfeld|Stuttgart Universität|Stuttgart Schwabstr.|Stuttgart Feuersee|Stuttgart Stadtmitte|Stuttgart Hbf (tief)|Stuttgart-Bad Cannstatt|Stuttgart Nürnberger Str.|Stuttgart-Sommerrain|Fellbach|Waiblingen|Rommelshausen|Stetten-Beinstein|Endersbach|Beutelsbach|Grunbach|Geradstetten|Winterbach(b Schorndorf)|Weiler(Rems),8005424,Schorndorf,Baden-Württemberg,Schorndorf,73614,9.525686251,48.80693898,3,2601031257,,,,,,,,,,,,,2.0,0.0
-1631838863197296751-2601031149-10,3147,2601031209,,5,,WEG,,Rudersberg-Oberndorf|Rudersberg Nord|Rudersberg|Schlechtbach|Michelau(Württ)|Miedelsbach-Steinenberg|Haubersbronn Mitte|Haubersbronn|Schorndorf-Hammerschlag,8005424,Schorndorf,Baden-Württemberg,Schorndorf,73614,9.525686251,48.80693898,3,2601031209,,,,,,,,,,,,,0.0,0.0
-4520082460048067316-2601031203-1,7827,,2601031203,,,S,S2,,8005424,Schorndorf,Baden-Württemberg,Schorndorf,73614,9.525686251,48.80693898,3,,,2601031204,,,,,,,,,,,0.0,1.0
-1383251403817765975-2601031149-4,19415,2601031213,2601031214,2,,ARV,MEX13,Stuttgart Hbf|Stuttgart-Bad Cannstatt|Waiblingen,8005424,Schorndorf,Baden-Württemberg,Schorndorf,73614,9.525686251,48.80693898,3,2601031215,,2601031216,,,,,,,,,,,2.0,2.0
-4376819822122462379-2601031133-27,7226,2601031240,,1,,S,,Filderstadt|Stuttgart Flughafen/Messe|Echterdingen|Leinfelden|Oberaichen|Stuttgart-Rohr|Stuttgart-Vaihingen|Stuttgart-Österfeld|Stuttgart Universität|Stuttgart Schwabstr.|Stuttgart Feuersee|Stuttgart Stadtmitte|Stuttgart Hbf (tief)|Stuttgart-Bad Cannstatt|Stuttgart Nürnberger Str.|Stuttgart-Sommerrain|Fellbach|Waiblingen|Rommelshausen|Stetten-Beinstein|Endersbach|Beutelsbach|Grunbach|Geradstetten|Winterbach(b Schorndorf)|Weiler(Rems),8005424,Schorndorf,Baden-Württemberg,Schorndorf,73614,9.525686251,48.80693898,3,2601031243,,,,,,,,,,,,,3.0,0.0
-199621120327572298-2601031202-3,19676,2601031228,2601031229,3,,ARV,RE1,Aalen Hbf|Schwäbisch Gmünd,8005424,Schorndorf,Baden-Württemberg,Schorndorf,73614,9.525686251,48.80693898,3,2601031230,,2601031230,,,,,,,,,,,2.0,1.0
99159737906578332-2601031220-1,3148,,2601031220,,,WEG,RB61,,8005424,Schorndorf,Baden-Württemberg,Schorndorf,73614,9.525686251,48.80693898,3,,,2601031220,,,,,,,,,,,0.0,0.0
-5926818817737787503-2601031103-27,7224,2601031210,,1,,S,,Filderstadt|Stuttgart Flughafen/Messe|Echterdingen|Leinfelden|Oberaichen|Stuttgart-Rohr|Stuttgart-Vaihingen|Stuttgart-Österfeld|Stuttgart Universität|Stuttgart Schwabstr.|Stuttgart Feuersee|Stuttgart Stadtmitte|Stuttgart Hbf (tief)|Stuttgart-Bad Cannstatt|Stuttgart Nürnberger Str.|Stuttgart-Sommerrain|Fellbach|Waiblingen|Rommelshausen|Stetten-Beinstein|Endersbach|Beutelsbach|Grunbach|Geradstetten|Winterbach(b Schorndorf)|Weiler(Rems),8005424,Schorndorf,Baden-Württemberg,Schorndorf,73614,9.525686251,48.80693898,3,2601031214,,,,,,,,,,,,,4.0,0.0
5345487978883829702-2601031207-9,19420,2601031243,2601031244,3,,ARV,MEX13,Aalen Hbf|Mögglingen(Gmünd)|Böbingen(Rems)|Schwäbisch Gmünd|Lorch(Württ)|Waldhausen(b Schorndorf)|Plüderhausen|Urbach(b Schorndorf),8005424,Schorndorf,Baden-Württemberg,Schorndorf,73614,9.525686251,48.80693898,3,2601031244,,2601031247,,,,,,,,,,,1.0,3.0
-3444202453718850758-2601031118-27,7826,2601031225,,14,,S,,Filderstadt|Stuttgart Flughafen/Messe|Echterdingen|Leinfelden|Oberaichen|Stuttgart-Rohr|Stuttgart-Vaihingen|Stuttgart-Österfeld|Stuttgart Universität|Stuttgart Schwabstr.|Stuttgart Feuersee|Stuttgart Stadtmitte|Stuttgart Hbf (tief)|Stuttgart-Bad Cannstatt|Stuttgart Nürnberger Str.|Stuttgart-Sommerrain|Fellbach|Waiblingen|Rommelshausen|Stetten-Beinstein|Endersbach|Beutelsbach|Grunbach|Geradstetten|Winterbach(b Schorndorf)|Weiler(Rems),8005424,Schorndorf,Baden-Württemberg,Schorndorf,73614,9.525686251,48.80693898,3,2601031228,,,,,,,,,,,,,3.0,0.0
-3860455667623039078-2601031220-4,19467,2601031243,2601031244,2,,ARV,MEX13,Stuttgart Hbf|Stuttgart-Bad Cannstatt|Waiblingen,8005424,Schorndorf,Baden-Württemberg,Schorndorf,73614,9.525686251,48.80693898,3,2601031244,,2601031245,,,,,,,,,,,1.0,1.0
7732802453043643664-2601031111-15,19468,2601031213,2601031214,3,,ARV,MEX13,Ellwangen|Schrezheim|Schwabsberg|Goldshöfe|Hofen(b Aalen)|Wasseralfingen|Aalen Hbf|Mögglingen(Gmünd)|Böbingen(Rems)|Schwäbisch Gmünd|Lorch(Württ)|Waldhausen(b Schorndorf)|Plüderhausen|Urbach(b Schorndorf),8005424,Schorndorf,Baden-Württemberg,Schorndorf,73614,9.525686251,48.80693898,3,2601031213,,2601031214,,,,,,,,,,,0.0,0.0
-2770168325908074713-2601031248-1,7235,,2601031248,,,S,S2,,8005424,Schorndorf,Baden-Württemberg,Schorndorf,73614,9.525686251,48.80693898,3,,,2601031253,,,,,,,,,,,0.0,5.0
-97699751698418973-2601031241-5,7333,2601031252,2601031253,1,,S,S3,Backnang|Maubach|Nellmersbach|Winnenden,8005454,Schwaikheim,Baden-Württemberg,Schwaikheim,71409,9.354747358,48.86832665,4,2601031252,,2601031253,,,,,,,,,,,0.0,0.0
-2797726383545175511-2601031226-5,28327,2601031237,2601031238,1,,S,S3,Backnang|Maubach|Nellmersbach|Winnenden,8005454,Schwaikheim,Baden-Württemberg,Schwaikheim,71409,9.354747358,48.86832665,4,2601031239,,2601031238,,,,,,,,,,,2.0,0.0
4960236751390972026-2601031200-14,7328,2601031236,2601031236,2,,S,S3,Stuttgart-Vaihingen|Stuttgart-Österfeld|Stuttgart Universität|Stuttgart Schwabstr.|Stuttgart Feuersee|Stuttgart Stadtmitte|Stuttgart Hbf (tief)|Stuttgart-Bad Cannstatt|Stuttgart Nürnberger Str.|Stuttgart-Sommerrain|Fellbach|Waiblingen|Neustadt-Hohenacker,8005454,Schwaikheim,Baden-Württemberg,Schwaikheim,71409,9.354747358,48.86832665,4,2601031237,,2601031237,,,,,,,,,,,1.0,1.0
8851012744564607240-2601031211-5,7331,2601031222,2601031223,1,,S,S3,Backnang|Maubach|Nellmersbach|Winnenden,8005454,Schwaikheim,Baden-Württemberg,Schwaikheim,71409,9.354747358,48.86832665,4,2601031224,,2601031224,,,,,,,,,,,2.0,1.0
5532078017754681393-2601031215-14,28326,2601031251,2601031251,2,,S,S3,Stuttgart-Vaihingen|Stuttgart-Österfeld|Stuttgart Universität|Stuttgart Schwabstr.|Stuttgart Feuersee|Stuttgart Stadtmitte|Stuttgart Hbf (tief)|Stuttgart-Bad Cannstatt|Stuttgart Nürnberger Str.|Stuttgart-Sommerrain|Fellbach|Waiblingen|Neustadt-Hohenacker,8005454,Schwaikheim,Baden-Württemberg,Schwaikheim,71409,9.354747358,48.86832665,4,2601031253,,2601031253,,,,,,,,,,,2.0,2.0
-4536433194496505288-2601031130-14,7326,2601031206,2601031206,2,,S,S3,Stuttgart-Vaihingen|Stuttgart-Österfeld|Stuttgart Universität|Stuttgart Schwabstr.|Stuttgart Feuersee|Stuttgart Stadtmitte|Stuttgart Hbf (tief)|Stuttgart-Bad Cannstatt|Stuttgart Nürnberger Str.|Stuttgart-Sommerrain|Fellbach|Waiblingen|Neustadt-Hohenacker,8005454,Schwaikheim,Baden-Württemberg,Schwaikheim,71409,9.354747358,48.86832665,4,2601031211,,2601031212,,,,,,,,,,,5.0,6.0
-83917606962888125-2601031156-5,28325,2601031207,2601031208,1,,S,S3,Backnang|Maubach|Nellmersbach|Winnenden,8005454,Schwaikheim,Baden-Württemberg,Schwaikheim,71409,9.354747358,48.86832665,4,2601031207,,2601031208,,,,,,,,,,,0.0,0.0
5274226899640306616-2601031145-14,28324,2601031221,2601031221,2,,S,S3,Stuttgart-Vaihingen|Stuttgart-Österfeld|Stuttgart Universität|Stuttgart Schwabstr.|Stuttgart Feuersee|Stuttgart Stadtmitte|Stuttgart Hbf (tief)|Stuttgart-Bad Cannstatt|Stuttgart Nürnberger Str.|Stuttgart-Sommerrain|Fellbach|Waiblingen|Neustadt-Hohenacker,8005454,Schwaikheim,Baden-Württemberg,Schwaikheim,71409,9.354747358,48.86832665,4,2601031223,,2601031223,,,,,,,,,,,2.0,2.0
7608028257592331283-2601031204-2,7029,2601031206,2601031207,1,,S,S60,Böblingen,8005574,Sindelfingen,Baden-Württemberg,Sindelfingen,71063,8.999262079,48.70387346,6,2601031206,,2601031207,,,,,,,,,,,0.0,0.0
-8244462081615470367-2601031234-2,7031,2601031236,2601031237,1,,S,S60,Böblingen,8005574,Sindelfingen,Baden-Württemberg,Sindelfingen,71063,8.999262079,48.70387346,6,2601031236,,2601031237,,,,,,,,,,,0.0,0.0
-3839002302897574901-2601031157-20,7032,2601031252,2601031253,1,,S,S60,Stuttgart Schwabstr.|Stuttgart Feuersee|Stuttgart Stadtmitte|Stuttgart Hbf (tief)|Stuttgart Nordbahnhof|Stuttgart-Feuerbach|Stuttgart-Zuffenhausen|Neuwirtshaus(Porscheplatz)|Korntal|Weilimdorf|Ditzingen|Höfingen|Leonberg|Rutesheim|Renningen|Renningen Süd|Magstadt|Maichingen Nord|Maichingen,8005574,Sindelfingen,Baden-Württemberg,Sindelfingen,71063,8.999262079,48.70387346,6,2601031253,,2601031253,,,,,,,,,,,1.0,0.0
6621898459612569085-2601031127-20,7030,2601031222,2601031223,1,,S,S60,Stuttgart Schwabstr.|Stuttgart Feuersee|Stuttgart Stadtmitte|Stuttgart Hbf (tief)|Stuttgart Nordbahnhof|Stuttgart-Feuerbach|Stuttgart-Zuffenhausen|Neuwirtshaus(Porscheplatz)|Korntal|Weilimdorf|Ditzingen|Höfingen|Leonberg|Rutesheim|Renningen|Renningen Süd|Magstadt|Maichingen Nord|Maichingen,8005574,Sindelfingen,Baden-Württemberg,Sindelfingen,71063,8.999262079,48.70387346,6,2601031224,,2601031224,,,,,,,,,,,2.0,1.0
-8725533177147162662-2601031233-8,7829,2601031249,2601031249,2,,S,S2,Schorndorf|Weiler(Rems)|Winterbach(b Schorndorf)|Geradstetten|Grunbach|Beutelsbach|Endersbach,8005726,Stetten-Beinstein,Baden-Württemberg,Weinstadt,71384,9.352769725,48.81199601,5,2601031249,,2601031249,,,,,,,,,,,0.0,0.0
3177327826888597271-2601031218-8,7233,2601031234,2601031234,2,,S,S2,Schorndorf|Weiler(Rems)|Winterbach(b Schorndorf)|Geradstetten|Grunbach|Beutelsbach|Endersbach,8005726,Stetten-Beinstein,Baden-Württemberg,Weinstadt,71384,9.352769725,48.81199601,5,2601031234,,2601031235,,,,,,,,,,,0.0,1.0
504511267373916834-2601031148-20,7828,2601031239,2601031239,1,,S,S2,Filderstadt|Stuttgart Flughafen/Messe|Echterdingen|Leinfelden|Oberaichen|Stuttgart-Rohr|Stuttgart-Vaihingen|Stuttgart-Österfeld|Stuttgart Universität|Stuttgart Schwabstr.|Stuttgart Feuersee|Stuttgart Stadtmitte|Stuttgart Hbf (tief)|Stuttgart-Bad Cannstatt|Stuttgart Nürnberger Str.|Stuttgart-Sommerrain|Fellbach|Waiblingen|Rommelshausen,8005726,Stetten-Beinstein,Baden-Württemberg,Weinstadt,71384,9.352769725,48.81199601,5,2601031239,,2601031240,,,,,,,,,,,0.0,1.0
-2732981563110923380-2601031148-8,7231,2601031204,2601031204,2,,S,S2,Schorndorf|Weiler(Rems)|Winterbach(b Schorndorf)|Geradstetten|Grunbach|Beutelsbach|Endersbach,8005726,Stetten-Beinstein,Baden-Württemberg,Weinstadt,71384,9.352769725,48.81199601,5,2601031204,,2601031204,,,,,,,,,,,0.0,0.0
-4520082460048067316-2601031203-8,7827,2601031219,2601031219,2,,S,S2,Schorndorf|Weiler(Rems)|Winterbach(b Schorndorf)|Geradstetten|Grunbach|Beutelsbach|Endersbach,8005726,Stetten-Beinstein,Baden-Württemberg,Weinstadt,71384,9.352769725,48.81199601,5,2601031220,,2601031220,,,,,,,,,,,1.0,1.0
-4376819822122462379-2601031133-20,7226,2601031224,2601031224,1,,S,S2,Filderstadt|Stuttgart Flughafen/Messe|Echterdingen|Leinfelden|Oberaichen|Stuttgart-Rohr|Stuttgart-Vaihingen|Stuttgart-Österfeld|Stuttgart Universität|Stuttgart Schwabstr.|Stuttgart Feuersee|Stuttgart Stadtmitte|Stuttgart Hbf (tief)|Stuttgart-Bad Cannstatt|Stuttgart Nürnberger Str.|Stuttgart-Sommerrain|Fellbach|Waiblingen|Rommelshausen,8005726,Stetten-Beinstein,Baden-Württemberg,Weinstadt,71384,9.352769725,48.81199601,5,2601031226,,2601031227,,,,,,,,,,,2.0,3.0
-3444202453718850758-2601031118-20,7826,2601031209,2601031209,1,,S,S2,Filderstadt|Stuttgart Flughafen/Messe|Echterdingen|Leinfelden|Oberaichen|Stuttgart-Rohr|Stuttgart-Vaihingen|Stuttgart-Österfeld|Stuttgart Universität|Stuttgart Schwabstr.|Stuttgart Feuersee|Stuttgart Stadtmitte|Stuttgart Hbf (tief)|Stuttgart-Bad Cannstatt|Stuttgart Nürnberger Str.|Stuttgart-Sommerrain|Fellbach|Waiblingen|Rommelshausen,8005726,Stetten-Beinstein,Baden-Württemberg,Weinstadt,71384,9.352769725,48.81199601,5,2601031213,,2601031213,,,,,,,,,,,4.0,4.0
6168129635936742431-2601031203-20,7228,2601031254,2601031254,1,,S,S2,Filderstadt|Stuttgart Flughafen/Messe|Echterdingen|Leinfelden|Oberaichen|Stuttgart-Rohr|Stuttgart-Vaihingen|Stuttgart-Österfeld|Stuttgart Universität|Stuttgart Schwabstr.|Stuttgart Feuersee|Stuttgart Stadtmitte|Stuttgart Hbf (tief)|Stuttgart-Bad Cannstatt|Stuttgart Nürnberger Str.|Stuttgart-Sommerrain|Fellbach|Waiblingen|Rommelshausen,8005726,Stetten-Beinstein,Baden-Württemberg,Weinstadt,71384,9.352769725,48.81199601,5,2601031255,,2601031256,,,,,,,,,,,1.0,2.0
-3193439599918682335-2601031132-11,17530,2601031232,,1,,RB,,Gaildorf West|Fichtenberg|Fornsbach|Murrhardt|Sulzbach(Murr)|Oppenweiler(Württ)|Backnang|Winnenden|Waiblingen|Stuttgart-Bad Cannstatt,8000096,Stuttgart Hbf,Baden-Württemberg,Stuttgart,70173,9.183172973,48.78473069,1,2601031234,,,,,,,,,,,,,2.0,0.0
-1916595935237351304-2601030950-8,2012,2601031259,2601031314,9,,IC,,Oberstdorf|Fischen|Sonthofen|Immenstadt|Kempten(Allgäu)Hbf|Memmingen|Ulm Hbf,8000096,Stuttgart Hbf,Baden-Württemberg,Stuttgart,70173,9.183172973,48.78473069,1,2601031304,,2601031317,,h,3,Sonderansage,,,,,,,5.0,3.0
-5722273275463151764-2601031204-1,19139,,2601031204,,,ARV,MEX16,,8000096,Stuttgart Hbf,Baden-Württemberg,Stuttgart,70173,9.183172973,48.78473069,1,,,2601031205,16,,,,,,,,,,0.0,1.0
1409628509556846116-2601030721-9,575,2601031238,,6,,ICE,,Hamburg Dammtor|Hamburg Hbf|Celle|Hannover Hbf|Göttingen|Kassel-Wilhelmshöhe|Frankfurt(Main)Hbf|Mannheim Hbf,8000096,Stuttgart Hbf,Baden-Württemberg,Stuttgart,70173,9.183172973,48.78473069,1,2601031258,,,,h,2,Information,,,,,,,20.0,0.0
-4937374722654906829-2601031206-6,19677,2601031259,2601031306,15,,ARV,RE1,Karlsruhe Hbf|Karlsruhe-Durlach|Pforzheim Hbf|Mühlacker|Vaihingen(Enz),8000096,Stuttgart Hbf,Baden-Württemberg,Stuttgart,70173,9.183172973,48.78473069,1,2601031303,,2601031306,,,,,,,,,,,4.0,0.0
-3576512876377089804-2601031106-5,2069,2601031202,2601031208,16,,IC,,Karlsruhe Hbf|Pforzheim Hbf|Mühlacker|Vaihingen(Enz),8000096,Stuttgart Hbf,Baden-Württemberg,Stuttgart,70173,9.183172973,48.78473069,1,,,,,h,3,Sonderansage,,,,,c,c,0.0,0.0
7213038134863444723-2601031114-14,19515,2601031209,,5,,RE,,Pforzheim Hbf|Eutingen(Baden)|Niefern|Enzberg|Mühlacker|Mühlacker Rößlesweg|Illingen(Württ)|Vaihingen(Enz)|Sersheim|Sachsenheim|Ellental|Bietigheim-Bissingen|Ludwigsburg,8000096,Stuttgart Hbf,Baden-Württemberg,Stuttgart,70173,9.183172973,48.78473069,1,2601031208,,,,,,,,,,,,,-1.0,0.0
6869395830049887240-2601031211-1,19068,,2601031211,,,ARV,RE8,,8000096,Stuttgart Hbf,Baden-Württemberg,Stuttgart,70173,9.183172973,48.78473069,1,,,2601031214,,h,2,Information,,,,,,,0.0,3.0
-4854461811113868437-2601031207-1,3257,,2601031207,,,RE,RE6,,8000096,Stuttgart Hbf,Baden-Württemberg,Stuttgart,70173,9.183172973,48.78473069,1,,,2601031235,,,,,,,,,,,0.0,28.0
7698261313813520999-2601031105-11,19228,2601031206,2601031219,11,,RE,MEX12,Tübingen Hbf|Reutlingen Hbf|Metzingen(Württ)|Bempflingen|Nürtingen|Oberboihingen|Wendlingen(Neckar)|Plochingen|Esslingen(Neckar)|Stuttgart-Bad Cannstatt,8000096,Stuttgart Hbf,Baden-Württemberg,Stuttgart,70173,9.183172973,48.78473069,1,2601031213,,2601031221,,,,,,,,,,,7.0,2.0
-3197017655128514870-2601030839-10,219,2601031249,2601031257,16,,ICE,,Dortmund Hbf|Bochum Hbf|Essen Hbf|Duisburg Hbf|Düsseldorf Hbf|Köln Messe/Deutz Gl.11-12|Frankfurt(M) Flughafen Fernbf|Mannheim Hbf|Heidelberg Hbf,8000096,Stuttgart Hbf,Baden-Württemberg,Stuttgart,70173,9.183172973,48.78473069,1,2601031249,13,2601031259,14,h,2,Information,,,,,,,0.0,2.0
3852050367195316788-2601031207-1,3857,,2601031207,,,RE,RE6,,8000096,Stuttgart Hbf,Baden-Württemberg,Stuttgart,70173,9.183172973,48.78473069,1,,,2601031235,,,,,,,,,,,0.0,28.0
3705893801311502416-2601031205-3,565,2601031245,2601031251,13,,ICE,,Karlsruhe Hbf|Bruchsal,8000096,Stuttgart Hbf,Baden-Württemberg,Stuttgart,70173,9.183172973,48.78473069,1,2601031246,4,2601031251,4,h,3,Sonderansage,,,,,,,1.0,0.0
4695358664547013286-2601031036-22,19136,2601031216,,10,,ARV,,Ulm Hbf|Beimerstetten|Westerstetten|Lonsee|Urspring|Amstetten(Württ)|Geislingen(Steige)|Geislingen(Steige)West|Kuchen|Gingen(Fils)|Süßen|Salach|Eislingen(Fils)|Göppingen|Faurndau|Uhingen|Ebersbach(Fils)|Reichenbach(Fils)|Plochingen|Esslingen(Neckar)|Stuttgart-Bad Cannstatt,8000096,Stuttgart Hbf,Baden-Württemberg,Stuttgart,70173,9.183172973,48.78473069,1,2601031216,,,,,,,,,,,,,0.0,0.0
-3987770513815330460-2601030539-18,2040,2601031239,,3,,IC,,Hannover Hbf|Minden(Westf)|Bad Oeynhausen|Bielefeld Hbf|Gütersloh Hbf|Hamm(Westf)Hbf|Dortmund Hbf|Hagen Hbf|Wuppertal Hbf|Solingen Hbf|Köln Hbf|Bonn Hbf|Koblenz Hbf|Mainz Hbf|Mannheim Hbf|Heidelberg Hbf|Vaihingen(Enz),8000096,Stuttgart Hbf,Baden-Württemberg,Stuttgart,70173,9.183172973,48.78473069,1,2601031324,,,,h,3,Information,,,Hannover Hbf|Minden(Westf)|Bad Oeynhausen|Bielefeld Hbf|Gütersloh Hbf|Hamm(Westf)Hbf|Dortmund Hbf|Hagen Hbf|Wuppertal Hbf|Solingen Hbf|Köln Hbf|Bonn Hbf|Koblenz Hbf|Mainz Hbf|Mannheim Hbf|Heidelberg Hbf|Vaihingen(Enz),,,,45.0,0.0
8953531871725381468-2601031158-5,19384,2601031256,,13,,RE,,Tübingen Hbf|Reutlingen Hbf|Metzingen(Württ)|Nürtingen,8000096,Stuttgart Hbf,Baden-Württemberg,Stuttgart,70173,9.183172973,48.78473069,1,2601031257,1,,,,,,,,,,,,1.0,0.0
8993379184971619733-2601031035-13,50380,2601031243,,2,,RE,,Singen(Hohentwiel)|Engen|Tuttlingen|Spaichingen|Rottweil|Oberndorf(Neckar)|Sulz(Neckar)|Horb|Bondorf(b Herrenberg)|Gäufelden|Herrenberg|Böblingen,8000096,Stuttgart Hbf,Baden-Württemberg,Stuttgart,70173,9.183172973,48.78473069,1,2601031256,,,,c,,,,,,,,,13.0,0.0
1394235487267718911-2601031242-1,19141,,2601031242,,,ARV,MEX16,,8000096,Stuttgart Hbf,Baden-Württemberg,Stuttgart,70173,9.183172973,48.78473069,1,,,2601031242,,,,,,,,,,,0.0,0.0
7844358081895785158-2601031019-4,918,2601031219,2601031226,9,,ICE,,München Hbf|Augsburg Hbf|Ulm Hbf,8000096,Stuttgart Hbf,Baden-Württemberg,Stuttgart,70173,9.183172973,48.78473069,1,2601031229,,2601031235,,h,3,Sonderansage,,,,,,,10.0,9.0
-1993606386599546493-2601031148-16,19138,2601031253,,12,,ARV,,Geislingen(Steige)|Geislingen(Steige)West|Kuchen|Gingen(Fils)|Süßen|Salach|Eislingen(Fils)|Göppingen|Faurndau|Uhingen|Ebersbach(Fils)|Reichenbach(Fils)|Plochingen|Esslingen(Neckar)|Stuttgart-Bad Cannstatt,8000096,Stuttgart Hbf,Baden-Württemberg,Stuttgart,70173,9.183172973,48.78473069,1,2601031255,,,,,,,,,,,,,2.0,0.0
1360064575081714905-2601031045-5,598,2601031243,2601031249,9,,ICE,,München Hbf|München-Pasing|Augsburg Hbf|Ulm Hbf,8000096,Stuttgart Hbf,Baden-Württemberg,Stuttgart,70173,9.183172973,48.78473069,1,2601031246,,2601031253,,h,3,Sonderansage,,,,,,,3.0,4.0
4286078100246831779-2601031217-1,17639,,2601031217,,,RE,RE14a,,8000096,Stuttgart Hbf,Baden-Württemberg,Stuttgart,70173,9.183172973,48.78473069,1,,,2601031217,,,,,,,,,,,0.0,0.0
-5042970796843621512-2601031157-9,19223,2601031242,2601031254,15,,RE,MEX12,Heilbronn Hbf|Nordheim(Württ)|Lauffen(Neckar)|Kirchheim(Neckar)|Walheim(Württ)|Besigheim|Bietigheim-Bissingen|Ludwigsburg,8000096,Stuttgart Hbf,Baden-Württemberg,Stuttgart,70173,9.183172973,48.78473069,1,2601031243,,2601031254,,,,,,,,,,,1.0,0.0
6512354943507599026-2601030526-15,515,2601031211,2601031217,15,,ICE,,Hamburg-Altona|Hamburg Dammtor|Hamburg Hbf|Hamburg-Harburg|Bremen Hbf|Osnabrück Hbf|Münster(Westf)Hbf|Dortmund Hbf|Hagen Hbf|Wuppertal Hbf|Solingen Hbf|Köln Hbf|Frankfurt(M) Flughafen Fernbf|Mannheim Hbf,8000096,Stuttgart Hbf,Baden-Württemberg,Stuttgart,70173,9.183172973,48.78473069,1,2601031211,,2601031217,,,,,,,,,,,0.0,0.0
-567364517811325165-2601031217-1,17637,,2601031217,,,RE,RE14b,,8000096,Stuttgart Hbf,Baden-Württemberg,Stuttgart,70173,9.183172973,48.78473069,1,,,2601031217,,,,,,,,,,,0.0,0.0
-199621120327572298-2601031202-4,19676,2601031249,2601031259,10,,ARV,RE1,Aalen Hbf|Schwäbisch Gmünd|Schorndorf,8000096,Stuttgart Hbf,Baden-Württemberg,Stuttgart,70173,9.183172973,48.78473069,1,2601031252,,2601031300,,,,,,,,,,,3.0,1.0
2297543165058573928-2601031237-1,4217,,2601031237,,,RE,RE5,,8000096,Stuttgart Hbf,Baden-Württemberg,Stuttgart,70173,9.183172973,48.78473069,1,,,2601031237,,h,2,Information,,,,,,,0.0,0.0
3529743929784818117-2601030937-15,380,2601031243,,2,,IC,,Zürich HB|Schaffhausen|Singen(Hohentwiel)|Engen|Tuttlingen|Spaichingen|Rottweil|Oberndorf(Neckar)|Sulz(Neckar)|Horb|Bondorf(b Herrenberg)|Gäufelden|Herrenberg|Böblingen,8000096,Stuttgart Hbf,Baden-Württemberg,Stuttgart,70173,9.183172973,48.78473069,1,2601031256,,,,h,3,Sonderansage,,,,,,,13.0,0.0
2504979402186393238-2601031232-1,19014,,2601031232,,,ARV,RE1,,8000096,Stuttgart Hbf,Baden-Württemberg,Stuttgart,70173,9.183172973,48.78473069,1,,,2601031239,,,,,,,,,,,0.0,7.0
-7635674851184058793-2601031132-7,19013,2601031227,,4,,ARV,,Karlsruhe Hbf|Karlsruhe-Durlach|Wilferdingen-Singen|Pforzheim Hbf|Mühlacker|Vaihingen(Enz),8000096,Stuttgart Hbf,Baden-Württemberg,Stuttgart,70173,9.183172973,48.78473069,1,2601031231,6,,,,,,,,,,,,4.0,0.0
1366757169240187578-2601031005-13,4212,2601031223,,13,,RE,,Friedrichshafen Stadt|Meckenbeuren|Ravensburg|Aulendorf|Bad Schussenried|Biberach(Riß)|Laupheim West|Ulm Hbf|Geislingen(Steige)|Göppingen|Plochingen|Esslingen(Neckar),8000096,Stuttgart Hbf,Baden-Württemberg,Stuttgart,70173,9.183172973,48.78473069,1,2601031224,,,,h,2,Information,,,,,,,1.0,0.0
5127296555604559795-2601031036-22,19317,2601031215,2601031223,16,,RE,MEX18,Osterburken|Adelsheim Ost|Sennfeld|Roigheim|Möckmühl|Züttlingen|Siglingen|Neudenau|Herbolzheim(Jagst)|Untergriesheim|Bad Friedrichshall Hbf|Neckarsulm|Heilbronn Sülmertor|Heilbronn Hbf|Nordheim(Württ)|Lauffen(Neckar)|Kirchheim(Neckar)|Walheim(Württ)|Besigheim|Bietigheim-Bissingen|Ludwigsburg,8000096,Stuttgart Hbf,Baden-Württemberg,Stuttgart,70173,9.183172973,48.78473069,1,2601031216,,2601031223,,,,,,,,,,,1.0,0.0
700874854166477544-2601031228-1,187,,2601031228,,,IC,,,8000096,Stuttgart Hbf,Baden-Württemberg,Stuttgart,70173,9.183172973,48.78473069,1,,,2601031228,3,h,3,Sonderansage,,,,,,,0.0,0.0
-1975987368948360309-2601031103-10,17528,2601031202,,12,,RE,,Schwäbisch Hall-Hessental|Gaildorf West|Murrhardt|Sulzbach(Murr)|Oppenweiler(Württ)|Backnang|Winnenden|Waiblingen|Stuttgart-Bad Cannstatt,8000096,Stuttgart Hbf,Baden-Württemberg,Stuttgart,70173,9.183172973,48.78473069,1,2601031207,,,,,,,,,,,,,5.0,0.0
791009188262532597-2601031214-1,1242,,2601031214,,,FLX,10,,8000096,Stuttgart Hbf,Baden-Württemberg,Stuttgart,70173,9.183172973,48.78473069,1,,,2601031218,,,,,,,,,,,0.0,4.0
8872306478114488142-2601031247-1,19417,,2601031247,,,ARV,MEX13,,8000096,Stuttgart Hbf,Baden-Württemberg,Stuttgart,70173,9.183172973,48.78473069,1,,,2601031250,,,,,,,,,,,0.0,3.0
-3860455667623039078-2601031220-1,19467,,2601031220,,,ARV,MEX13,,8000096,Stuttgart Hbf,Baden-Württemberg,Stuttgart,70173,9.183172973,48.78473069,1,,,2601031220,13,,,,,,,,,,0.0,0.0
6665004006593220666-2601031228-1,50187,,2601031228,,,RE,IC87,,8000096,Stuttgart Hbf,Baden-Württemberg,Stuttgart,70173,9.183172973,48.78473069,1,,,2601031228,3,,,,,,,,,,0.0,0.0
3982192266941366031-2601031226-1,17527,,2601031226,,,RB,MEX19,,8000096,Stuttgart Hbf,Baden-Württemberg,Stuttgart,70173,9.183172973,48.78473069,1,,,2601031226,,,,,,,,,,,0.0,0.0
-8067296884655750468-2601030947-5,1094,2601031159,2601031205,8,,ICE,,München Hbf|Augsburg Hbf|Günzburg|Ulm Hbf,8000096,Stuttgart Hbf,Baden-Württemberg,Stuttgart,70173,9.183172973,48.78473069,1,2601031203,,2601031211,,h,3,Sonderansage,,,,,,,4.0,6.0
5197957692469736326-2601031133-9,19316,2601031231,2601031243,8,,RE,MEX18,Tübingen Hbf|Reutlingen Hbf|Metzingen(Württ)|Nürtingen|Wendlingen(Neckar)|Plochingen|Esslingen(Neckar)|Stuttgart-Bad Cannstatt,8000096,Stuttgart Hbf,Baden-Württemberg,Stuttgart,70173,9.183172973,48.78473069,1,2601031242,10,2601031248,10,,,,,,,,,,11.0,5.0
7732802453043643664-2601031111-18,19468,2601031239,,11,,ARV,,Ellwangen|Schrezheim|Schwabsberg|Goldshöfe|Hofen(b Aalen)|Wasseralfingen|Aalen Hbf|Mögglingen(Gmünd)|Böbingen(Rems)|Schwäbisch Gmünd|Lorch(Württ)|Waldhausen(b Schorndorf)|Plüderhausen|Urbach(b Schorndorf)|Schorndorf|Waiblingen|Stuttgart-Bad Cannstatt,8000096,Stuttgart Hbf,Baden-Württemberg,Stuttgart,70173,9.183172973,48.78473069,1,2601031239,,,,,,,,,,,,,0.0,0.0
-2544673030953853232-2601030909-6,2267,2601031219,,6,,ICE,,Basel Bad Bf|Müllheim im Markgräflerland|Freiburg(Breisgau) Hbf|Offenburg|Karlsruhe Hbf,8000096,Stuttgart Hbf,Baden-Württemberg,Stuttgart,70173,9.183172973,48.78473069,1,2601031219,14,,,,,,,,,,,,0.0,0.0
-2690453283388249865-2601031107-12,19418,2601031209,,14,,ARV,,Aalen Hbf|Mögglingen(Gmünd)|Böbingen(Rems)|Schwäbisch Gmünd|Lorch(Württ)|Waldhausen(b Schorndorf)|Plüderhausen|Urbach(b Schorndorf)|Schorndorf|Waiblingen|Stuttgart-Bad Cannstatt,8000096,Stuttgart Hbf,Baden-Württemberg,Stuttgart,70173,9.183172973,48.78473069,1,2601031209,13,,,,,,,,,,,,0.0,0.0
6058100869638896125-2601031109-9,19065,2601031253,,7,,ARV,,Lauda|Osterburken|Möckmühl|Bad Friedrichshall Hbf|Neckarsulm|Heilbronn Hbf|Bietigheim-Bissingen|Ludwigsburg,8000096,Stuttgart Hbf,Baden-Württemberg,Stuttgart,70173,9.183172973,48.78473069,1,2601031255,,,,h,2,Information,,,,,,,2.0,0.0
3386742724916937636-2601031246-1,19514,,2601031246,,,RE,MEX17,,8000096,Stuttgart Hbf,Baden-Württemberg,Stuttgart,70173,9.183172973,48.78473069,1,,,2601031251,,,,,,,,,,,0.0,5.0
1836435062166220832-2601031131-17,7726,2601031217,2601031217,2,,S,S1,Herrenberg|Nufringen|Gärtringen|Ehningen(b Böblingen)|Hulb|Böblingen|Goldberg(Württ)|Stuttgart-Rohr|Stuttgart-Vaihingen|Stuttgart-Österfeld|Stuttgart Universität|Stuttgart Schwabstr.|Stuttgart Feuersee|Stuttgart Stadtmitte|Stuttgart Hbf (tief)|Stuttgart-Bad Cannstatt,8006743,Stuttgart Neckarpark,Baden-Württemberg,Stuttgart,70372,9.24106855,48.79194362,4,2601031219,,2601031220,,,,,,,,,,,2.0,3.0
-1667866592525461048-2601031152-9,7731,2601031212,2601031212,1,,S,S1,Plochingen|Altbach|Esslingen-Zell|Oberesslingen|Esslingen(Neckar)|Esslingen-Mettingen|Stuttgart-Obertürkheim|Stuttgart-Untertürkheim,8006743,Stuttgart Neckarpark,Baden-Württemberg,Stuttgart,70372,9.24106855,48.79194362,4,2601031212,,2601031212,,,,,,,,,,,0.0,0.0
-6319936848544854600-2601031220-13,7133,2601031257,2601031257,1,,S,S1,Kirchheim(Teck)|Kirchheim(Teck)-Ötlingen|Wendlingen(Neckar)|Wernau(Neckar)|Plochingen|Altbach|Esslingen-Zell|Oberesslingen|Esslingen(Neckar)|Esslingen-Mettingen|Stuttgart-Obertürkheim|Stuttgart-Untertürkheim,8006743,Stuttgart Neckarpark,Baden-Württemberg,Stuttgart,70372,9.24106855,48.79194362,4,2601031259,,2601031259,,,,,,,,,,,2.0,2.0
3158900998064725317-2601031116-17,7128,2601031202,2601031202,2,,S,S1,Herrenberg|Nufringen|Gärtringen|Ehningen(b Böblingen)|Hulb|Böblingen|Goldberg(Württ)|Stuttgart-Rohr|Stuttgart-Vaihingen|Stuttgart-Österfeld|Stuttgart Universität|Stuttgart Schwabstr.|Stuttgart Feuersee|Stuttgart Stadtmitte|Stuttgart Hbf (tief)|Stuttgart-Bad Cannstatt,8006743,Stuttgart Neckarpark,Baden-Württemberg,Stuttgart,70372,9.24106855,48.79194362,4,2601031205,,2601031205,,,,,,,,,,,3.0,3.0
4736637014602700336-2601031150-13,7131,2601031227,2601031227,1,,S,S1,Kirchheim(Teck)|Kirchheim(Teck)-Ötlingen|Wendlingen(Neckar)|Wernau(Neckar)|Plochingen|Altbach|Esslingen-Zell|Oberesslingen|Esslingen(Neckar)|Esslingen-Mettingen|Stuttgart-Obertürkheim|Stuttgart-Untertürkheim,8006743,Stuttgart Neckarpark,Baden-Württemberg,Stuttgart,70372,9.24106855,48.79194362,4,2601031227,,2601031227,,,,,,,,,,,0.0,0.0
1899806724872395697-2601031222-9,7733,2601031242,2601031242,1,,S,S1,Plochingen|Altbach|Esslingen-Zell|Oberesslingen|Esslingen(Neckar)|Esslingen-Mettingen|Stuttgart-Obertürkheim|Stuttgart-Untertürkheim,8006743,Stuttgart Neckarpark,Baden-Württemberg,Stuttgart,70372,9.24106855,48.79194362,4,2601031243,,2601031243,,,,,,,,,,,1.0,1.0
2059911478828825113-2601031201-17,7728,2601031247,2601031247,2,,S,S1,Herrenberg|Nufringen|Gärtringen|Ehningen(b Böblingen)|Hulb|Böblingen|Goldberg(Württ)|Stuttgart-Rohr|Stuttgart-Vaihingen|Stuttgart-Österfeld|Stuttgart Universität|Stuttgart Schwabstr.|Stuttgart Feuersee|Stuttgart Stadtmitte|Stuttgart Hbf (tief)|Stuttgart-Bad Cannstatt,8006743,Stuttgart Neckarpark,Baden-Württemberg,Stuttgart,70372,9.24106855,48.79194362,4,2601031250,,2601031250,,,,,,,,,,,3.0,3.0
-5759624544289762969-2601031146-17,7130,2601031232,2601031232,2,,S,S1,Herrenberg|Nufringen|Gärtringen|Ehningen(b Böblingen)|Hulb|Böblingen|Goldberg(Württ)|Stuttgart-Rohr|Stuttgart-Vaihingen|Stuttgart-Österfeld|Stuttgart Universität|Stuttgart Schwabstr.|Stuttgart Feuersee|Stuttgart Stadtmitte|Stuttgart Hbf (tief)|Stuttgart-Bad Cannstatt,8006743,Stuttgart Neckarpark,Baden-Württemberg,Stuttgart,70372,9.24106855,48.79194362,4,2601031233,,2601031233,,,,,,,,,,,1.0,1.0
-4501469853120362621-2601031210-9,28395,2601031233,2601031234,4,,S,S4,Marbach(Neckar)|Benningen(Neckar)|Freiberg(Neckar)|Favoritepark|Ludwigsburg|Kornwestheim Pbf|Stuttgart-Zuffenhausen|Stuttgart-Feuerbach,8005767,Stuttgart Nord,Baden-Württemberg,Stuttgard-Nord,70174,9.188061449,48.80374161,5,2601031234,,2601031234,,,,,,,,,,,1.0,0.0
7608028257592331283-2601031204-17,7029,2601031253,2601031254,4,,S,S60,Böblingen|Sindelfingen|Maichingen|Maichingen Nord|Magstadt|Renningen Süd|Renningen|Rutesheim|Leonberg|Höfingen|Ditzingen|Weilimdorf|Korntal|Neuwirtshaus(Porscheplatz)|Stuttgart-Zuffenhausen|Stuttgart-Feuerbach,8005767,Stuttgart Nord,Baden-Württemberg,Stuttgard-Nord,70174,9.188061449,48.80374161,5,2601031254,,2601031254,,,,,,,,,,,1.0,0.0
5127975581387066276-2601031202-5,7426,2601031211,2601031211,3,,S,S4,Stuttgart Schwabstr.|Stuttgart Feuersee|Stuttgart Stadtmitte|Stuttgart Hbf (tief),8005767,Stuttgart Nord,Baden-Württemberg,Stuttgard-Nord,70174,9.188061449,48.80374161,5,2601031214,,2601031215,,,,,,,,,,,3.0,4.0
3717617338847420907-2601031152-8,28465,2601031213,2601031214,4,,S,S5,Bietigheim-Bissingen|Tamm(Württ)|Asperg|Ludwigsburg|Kornwestheim Pbf|Stuttgart-Zuffenhausen|Stuttgart-Feuerbach,8005767,Stuttgart Nord,Baden-Württemberg,Stuttgard-Nord,70174,9.188061449,48.80374161,5,2601031215,,2601031215,,,,,,,,,,,2.0,1.0
-4444589756830246864-2601031218-13,7929,2601031253,2601031254,4,,S,S6,Weil der Stadt|Malmsheim|Renningen|Rutesheim|Leonberg|Höfingen|Ditzingen|Weilimdorf|Korntal|Neuwirtshaus(Porscheplatz)|Stuttgart-Zuffenhausen|Stuttgart-Feuerbach,8005767,Stuttgart Nord,Baden-Württemberg,Stuttgard-Nord,70174,9.188061449,48.80374161,5,2601031254,,2601031254,,,,,,,,,,,1.0,0.0
3131517444573088003-2601031148-13,7927,2601031223,2601031224,4,,S,S6,Weil der Stadt|Malmsheim|Renningen|Rutesheim|Leonberg|Höfingen|Ditzingen|Weilimdorf|Korntal|Neuwirtshaus(Porscheplatz)|Stuttgart-Zuffenhausen|Stuttgart-Feuerbach,8005767,Stuttgart Nord,Baden-Württemberg,Stuttgard-Nord,70174,9.188061449,48.80374161,5,2601031229,,2601031230,,,,,,,,,,,6.0,6.0
5081771628023632994-2601031140-9,28393,2601031203,2601031204,4,,S,S4,Marbach(Neckar)|Benningen(Neckar)|Freiberg(Neckar)|Favoritepark|Ludwigsburg|Kornwestheim Pbf|Stuttgart-Zuffenhausen|Stuttgart-Feuerbach,8005767,Stuttgart Nord,Baden-Württemberg,Stuttgard-Nord,70174,9.188061449,48.80374161,5,,,,,h,1,Störung,,,,,c,c,0.0,0.0
8332536860707671559-2601031207-5,28464,2601031216,2601031216,3,,S,S5,Stuttgart Schwabstr.|Stuttgart Feuersee|Stuttgart Stadtmitte|Stuttgart Hbf (tief),8005767,Stuttgart Nord,Baden-Württemberg,Stuttgard-Nord,70174,9.188061449,48.80374161,5,2601031218,,2601031218,,,,,,,,,,,2.0,2.0
-144422822861230009-2601031237-8,7533,2601031258,2601031259,4,,S,S5,Bietigheim-Bissingen|Tamm(Württ)|Asperg|Ludwigsburg|Kornwestheim Pbf|Stuttgart-Zuffenhausen|Stuttgart-Feuerbach,8005767,Stuttgart Nord,Baden-Württemberg,Stuttgard-Nord,70174,9.188061449,48.80374161,5,2601031258,,2601031259,,,,,,,,,,,0.0,0.0
6534681549550626676-2601031217-5,28398,2601031226,2601031226,3,,S,S4,Stuttgart Schwabstr.|Stuttgart Feuersee|Stuttgart Stadtmitte|Stuttgart Hbf (tief),8005767,Stuttgart Nord,Baden-Württemberg,Stuttgard-Nord,70174,9.188061449,48.80374161,5,2601031232,,2601031232,,,,,,,,,,,6.0,6.0
-3504815606642380245-2601031222-8,28467,2601031243,2601031244,4,,S,S5,Bietigheim-Bissingen|Tamm(Württ)|Asperg|Ludwigsburg|Kornwestheim Pbf|Stuttgart-Zuffenhausen|Stuttgart-Feuerbach,8005767,Stuttgart Nord,Baden-Württemberg,Stuttgard-Nord,70174,9.188061449,48.80374161,5,2601031243,,2601031244,,,,,,,,,,,0.0,0.0
-661438075088023210-2601031242-5,7630,2601031251,2601031251,3,,S,S6,Stuttgart Schwabstr.|Stuttgart Feuersee|Stuttgart Stadtmitte|Stuttgart Hbf (tief),8005767,Stuttgart Nord,Baden-Württemberg,Stuttgard-Nord,70174,9.188061449,48.80374161,5,2601031254,,2601031255,,,,,,,,,,,3.0,4.0
-4761009494772144822-2601031152-5,7528,2601031201,2601031201,3,,S,S5,Stuttgart Schwabstr.|Stuttgart Feuersee|Stuttgart Stadtmitte|Stuttgart Hbf (tief),8005767,Stuttgart Nord,Baden-Württemberg,Stuttgard-Nord,70174,9.188061449,48.80374161,5,2601031204,,2601031205,,,,,,,,,,,3.0,4.0
-182569074075306425-2601031222-5,7530,2601031231,2601031231,3,,S,S5,Stuttgart Schwabstr.|Stuttgart Feuersee|Stuttgart Stadtmitte|Stuttgart Hbf (tief),8005767,Stuttgart Nord,Baden-Württemberg,Stuttgard-Nord,70174,9.188061449,48.80374161,5,,,,,,,,,,,,c,c,0.0,0.0
5693136962771673302-2601031232-5,7428,2601031241,2601031241,3,,S,S4,Stuttgart Schwabstr.|Stuttgart Feuersee|Stuttgart Stadtmitte|Stuttgart Hbf (tief),8005767,Stuttgart Nord,Baden-Württemberg,Stuttgard-Nord,70174,9.188061449,48.80374161,5,2601031243,,2601031243,,,,,,,,,,,2.0,2.0
3112151770582767081-2601031157-5,7932,2601031206,2601031206,3,,S,S6,Stuttgart Schwabstr.|Stuttgart Feuersee|Stuttgart Stadtmitte|Stuttgart Hbf (tief),8005767,Stuttgart Nord,Baden-Württemberg,Stuttgard-Nord,70174,9.188061449,48.80374161,5,2601031208,,2601031209,,,,,,,,,,,2.0,3.0
-7035220678398818959-2601031212-5,7628,2601031221,2601031221,3,,S,S6,Stuttgart Schwabstr.|Stuttgart Feuersee|Stuttgart Stadtmitte|Stuttgart Hbf (tief),8005767,Stuttgart Nord,Baden-Württemberg,Stuttgard-Nord,70174,9.188061449,48.80374161,5,2601031227,,2601031227,,,,,,,,,,,6.0,6.0
-3901454027336800522-2601031203-13,7431,2601031248,2601031249,4,,S,S4,Backnang|Burgstall(Murr)|Kirchberg(Murr)|Erdmannhausen|Marbach(Neckar)|Benningen(Neckar)|Freiberg(Neckar)|Favoritepark|Ludwigsburg|Kornwestheim Pbf|Stuttgart-Zuffenhausen|Stuttgart-Feuerbach,8005767,Stuttgart Nord,Baden-Württemberg,Stuttgard-Nord,70174,9.188061449,48.80374161,5,2601031248,,2601031249,,,,,,,,,,,0.0,0.0
6476044054617913836-2601031133-13,7629,2601031208,2601031209,4,,S,S6,Weil der Stadt|Malmsheim|Renningen|Rutesheim|Leonberg|Höfingen|Ditzingen|Weilimdorf|Korntal|Neuwirtshaus(Porscheplatz)|Stuttgart-Zuffenhausen|Stuttgart-Feuerbach,8005767,Stuttgart Nord,Baden-Württemberg,Stuttgard-Nord,70174,9.188061449,48.80374161,5,2601031209,,2601031210,,,,,,,,,,,1.0,1.0
-3839002302897574901-2601031157-5,7032,2601031206,2601031206,3,,S,S60,Stuttgart Schwabstr.|Stuttgart Feuersee|Stuttgart Stadtmitte|Stuttgart Hbf (tief),8005767,Stuttgart Nord,Baden-Württemberg,Stuttgard-Nord,70174,9.188061449,48.80374161,5,2601031208,,2601031209,,,,,,,,,,,2.0,3.0
-2997586613667252816-2601031134-17,7027,2601031223,2601031224,4,,S,S60,Böblingen|Sindelfingen|Maichingen|Maichingen Nord|Magstadt|Renningen Süd|Renningen|Rutesheim|Leonberg|Höfingen|Ditzingen|Weilimdorf|Korntal|Neuwirtshaus(Porscheplatz)|Stuttgart-Zuffenhausen|Stuttgart-Feuerbach,8005767,Stuttgart Nord,Baden-Württemberg,Stuttgard-Nord,70174,9.188061449,48.80374161,5,2601031229,,2601031230,,,,,,,,,,,6.0,6.0
-7003931357074639826-2601031227-5,7934,2601031236,2601031236,3,,S,S6,Stuttgart Schwabstr.|Stuttgart Feuersee|Stuttgart Stadtmitte|Stuttgart Hbf (tief),8005767,Stuttgart Nord,Baden-Württemberg,Stuttgard-Nord,70174,9.188061449,48.80374161,5,2601031236,,2601031236,,,,,,,,,,,0.0,0.0
3655115014084866226-2601031237-5,28466,2601031246,2601031246,3,,S,S5,Stuttgart Schwabstr.|Stuttgart Feuersee|Stuttgart Stadtmitte|Stuttgart Hbf (tief),8005767,Stuttgart Nord,Baden-Württemberg,Stuttgard-Nord,70174,9.188061449,48.80374161,5,2601031248,,2601031249,,,,,,,,,,,2.0,3.0
-5995002106705392995-2601031247-5,28400,2601031256,2601031256,3,,S,S4,Stuttgart Schwabstr.|Stuttgart Feuersee|Stuttgart Stadtmitte|Stuttgart Hbf (tief),8005767,Stuttgart Nord,Baden-Württemberg,Stuttgard-Nord,70174,9.188061449,48.80374161,5,,,,,,,,,,,,c,c,0.0,0.0
2930744972942057808-2601031207-8,7531,2601031228,2601031229,4,,S,S5,Bietigheim-Bissingen|Tamm(Württ)|Asperg|Ludwigsburg|Kornwestheim Pbf|Stuttgart-Zuffenhausen|Stuttgart-Feuerbach,8005767,Stuttgart Nord,Baden-Württemberg,Stuttgard-Nord,70174,9.188061449,48.80374161,5,,,,,,,,,,,,c,c,0.0,0.0
-2837347101663805561-2601031133-13,7429,2601031218,2601031219,4,,S,S4,Backnang|Burgstall(Murr)|Kirchberg(Murr)|Erdmannhausen|Marbach(Neckar)|Benningen(Neckar)|Freiberg(Neckar)|Favoritepark|Ludwigsburg|Kornwestheim Pbf|Stuttgart-Zuffenhausen|Stuttgart-Feuerbach,8005767,Stuttgart Nord,Baden-Württemberg,Stuttgard-Nord,70174,9.188061449,48.80374161,5,2601031219,,2601031219,,,,,,,,,,,1.0,0.0
8207272767207255575-2601031203-13,7631,2601031238,2601031239,4,,S,S6,Weil der Stadt|Malmsheim|Renningen|Rutesheim|Leonberg|Höfingen|Ditzingen|Weilimdorf|Korntal|Neuwirtshaus(Porscheplatz)|Stuttgart-Zuffenhausen|Stuttgart-Feuerbach,8005767,Stuttgart Nord,Baden-Württemberg,Stuttgard-Nord,70174,9.188061449,48.80374161,5,2601031238,,2601031239,,,,,,,,,,,0.0,0.0
9194663872562058086-2601031227-5,7034,2601031236,2601031236,3,,S,S60,Stuttgart Schwabstr.|Stuttgart Feuersee|Stuttgart Stadtmitte|Stuttgart Hbf (tief),8005767,Stuttgart Nord,Baden-Württemberg,Stuttgard-Nord,70174,9.188061449,48.80374161,5,2601031236,,2601031236,,,,,,,,,,,0.0,0.0
3177327826888597271-2601031218-13,7233,2601031247,2601031248,1,,S,S2,Schorndorf|Weiler(Rems)|Winterbach(b Schorndorf)|Geradstetten|Grunbach|Beutelsbach|Endersbach|Stetten-Beinstein|Rommelshausen|Waiblingen|Fellbach|Stuttgart-Sommerrain,8004357,Stuttgart Nürnberger Straße,Baden-Württemberg,Stuttgart,70374,9.234576905,48.80656062,5,2601031247,,2601031248,,,,,,,,,,,0.0,0.0
-2797726383545175511-2601031226-10,28327,2601031252,2601031253,1,,S,S3,Backnang|Maubach|Nellmersbach|Winnenden|Schwaikheim|Neustadt-Hohenacker|Waiblingen|Fellbach|Stuttgart-Sommerrain,8004357,Stuttgart Nürnberger Straße,Baden-Württemberg,Stuttgart,70374,9.234576905,48.80656062,5,2601031252,,2601031253,,,,,,,,,,,0.0,0.0
504511267373916834-2601031148-15,7828,2601031227,2601031227,4,,S,S2,Filderstadt|Stuttgart Flughafen/Messe|Echterdingen|Leinfelden|Oberaichen|Stuttgart-Rohr|Stuttgart-Vaihingen|Stuttgart-Österfeld|Stuttgart Universität|Stuttgart Schwabstr.|Stuttgart Feuersee|Stuttgart Stadtmitte|Stuttgart Hbf (tief)|Stuttgart-Bad Cannstatt,8004357,Stuttgart Nürnberger Straße,Baden-Württemberg,Stuttgart,70374,9.234576905,48.80656062,5,2601031228,,2601031228,,,,,,,,,,,1.0,1.0
-2732981563110923380-2601031148-13,7231,2601031217,2601031218,1,,S,S2,Schorndorf|Weiler(Rems)|Winterbach(b Schorndorf)|Geradstetten|Grunbach|Beutelsbach|Endersbach|Stetten-Beinstein|Rommelshausen|Waiblingen|Fellbach|Stuttgart-Sommerrain,8004357,Stuttgart Nürnberger Straße,Baden-Württemberg,Stuttgart,70374,9.234576905,48.80656062,5,2601031217,,2601031218,,,,,,,,,,,0.0,0.0
4960236751390972026-2601031200-9,7328,2601031222,2601031222,4,,S,S3,Stuttgart-Vaihingen|Stuttgart-Österfeld|Stuttgart Universität|Stuttgart Schwabstr.|Stuttgart Feuersee|Stuttgart Stadtmitte|Stuttgart Hbf (tief)|Stuttgart-Bad Cannstatt,8004357,Stuttgart Nürnberger Straße,Baden-Württemberg,Stuttgart,70374,9.234576905,48.80656062,5,2601031224,,2601031224,,,,,,,,,,,2.0,2.0
-4520082460048067316-2601031203-13,7827,2601031232,2601031233,1,,S,S2,Schorndorf|Weiler(Rems)|Winterbach(b Schorndorf)|Geradstetten|Grunbach|Beutelsbach|Endersbach|Stetten-Beinstein|Rommelshausen|Waiblingen|Fellbach|Stuttgart-Sommerrain,8004357,Stuttgart Nürnberger Straße,Baden-Württemberg,Stuttgart,70374,9.234576905,48.80656062,5,2601031232,,2601031233,,,,,,,,,,,0.0,0.0
8851012744564607240-2601031211-10,7331,2601031237,2601031238,1,,S,S3,Backnang|Maubach|Nellmersbach|Winnenden|Schwaikheim|Neustadt-Hohenacker|Waiblingen|Fellbach|Stuttgart-Sommerrain,8004357,Stuttgart Nürnberger Straße,Baden-Württemberg,Stuttgart,70374,9.234576905,48.80656062,5,2601031238,,2601031239,,,,,,,,,,,1.0,1.0
-5681419952559341398-2601031133-13,7825,2601031202,2601031203,1,,S,S2,Schorndorf|Weiler(Rems)|Winterbach(b Schorndorf)|Geradstetten|Grunbach|Beutelsbach|Endersbach|Stetten-Beinstein|Rommelshausen|Waiblingen|Fellbach|Stuttgart-Sommerrain,8004357,Stuttgart Nürnberger Straße,Baden-Württemberg,Stuttgart,70374,9.234576905,48.80656062,5,2601031202,,2601031203,,,,,,,,,,,0.0,0.0
-2740283852421142578-2601031218-15,7830,2601031257,2601031257,4,,S,S2,Filderstadt|Stuttgart Flughafen/Messe|Echterdingen|Leinfelden|Oberaichen|Stuttgart-Rohr|Stuttgart-Vaihingen|Stuttgart-Österfeld|Stuttgart Universität|Stuttgart Schwabstr.|Stuttgart Feuersee|Stuttgart Stadtmitte|Stuttgart Hbf (tief)|Stuttgart-Bad Cannstatt,8004357,Stuttgart Nürnberger Straße,Baden-Württemberg,Stuttgart,70374,9.234576905,48.80656062,5,2601031300,,2601031301,,,,,,,,,,,3.0,4.0
-4376819822122462379-2601031133-15,7226,2601031212,2601031212,4,,S,S2,Filderstadt|Stuttgart Flughafen/Messe|Echterdingen|Leinfelden|Oberaichen|Stuttgart-Rohr|Stuttgart-Vaihingen|Stuttgart-Österfeld|Stuttgart Universität|Stuttgart Schwabstr.|Stuttgart Feuersee|Stuttgart Stadtmitte|Stuttgart Hbf (tief)|Stuttgart-Bad Cannstatt,8004357,Stuttgart Nürnberger Straße,Baden-Württemberg,Stuttgart,70374,9.234576905,48.80656062,5,2601031215,,2601031215,,,,,,,,,,,3.0,3.0
-3955134605586594139-2601031141-10,7329,2601031207,2601031208,1,,S,S3,Backnang|Maubach|Nellmersbach|Winnenden|Schwaikheim|Neustadt-Hohenacker|Waiblingen|Fellbach|Stuttgart-Sommerrain,8004357,Stuttgart Nürnberger Straße,Baden-Württemberg,Stuttgart,70374,9.234576905,48.80656062,5,2601031207,,2601031208,,,,,,,,,,,0.0,0.0
5532078017754681393-2601031215-9,28326,2601031237,2601031237,4,,S,S3,Stuttgart-Vaihingen|Stuttgart-Österfeld|Stuttgart Universität|Stuttgart Schwabstr.|Stuttgart Feuersee|Stuttgart Stadtmitte|Stuttgart Hbf (tief)|Stuttgart-Bad Cannstatt,8004357,Stuttgart Nürnberger Straße,Baden-Württemberg,Stuttgart,70374,9.234576905,48.80656062,5,2601031237,,2601031239,,,,,,,,,,,0.0,2.0
-83917606962888125-2601031156-10,28325,2601031222,2601031223,1,,S,S3,Backnang|Maubach|Nellmersbach|Winnenden|Schwaikheim|Neustadt-Hohenacker|Waiblingen|Fellbach|Stuttgart-Sommerrain,8004357,Stuttgart Nürnberger Straße,Baden-Württemberg,Stuttgart,70374,9.234576905,48.80656062,5,2601031222,,2601031223,,,,,,,,,,,0.0,0.0
6168129635936742431-2601031203-15,7228,2601031242,2601031242,4,,S,S2,Filderstadt|Stuttgart Flughafen/Messe|Echterdingen|Leinfelden|Oberaichen|Stuttgart-Rohr|Stuttgart-Vaihingen|Stuttgart-Österfeld|Stuttgart Universität|Stuttgart Schwabstr.|Stuttgart Feuersee|Stuttgart Stadtmitte|Stuttgart Hbf (tief)|Stuttgart-Bad Cannstatt,8004357,Stuttgart Nürnberger Straße,Baden-Württemberg,Stuttgart,70374,9.234576905,48.80656062,5,2601031244,,2601031244,,,,,,,,,,,2.0,2.0
7206179278625566012-2601031230-9,7330,2601031252,2601031252,4,,S,S3,Stuttgart-Vaihingen|Stuttgart-Österfeld|Stuttgart Universität|Stuttgart Schwabstr.|Stuttgart Feuersee|Stuttgart Stadtmitte|Stuttgart Hbf (tief)|Stuttgart-Bad Cannstatt,8004357,Stuttgart Nürnberger Straße,Baden-Württemberg,Stuttgart,70374,9.234576905,48.80656062,5,2601031255,,2601031255,,,,,,,,,,,3.0,3.0
5274226899640306616-2601031145-9,28324,2601031207,2601031207,4,,S,S3,Stuttgart-Vaihingen|Stuttgart-Österfeld|Stuttgart Universität|Stuttgart Schwabstr.|Stuttgart Feuersee|Stuttgart Stadtmitte|Stuttgart Hbf (tief)|Stuttgart-Bad Cannstatt,8004357,Stuttgart Nürnberger Straße,Baden-Württemberg,Stuttgart,70374,9.234576905,48.80656062,5,2601031209,,2601031210,,,,,,,,,,,2.0,3.0
3410717060998267101-2601031216-10,7132,2601031242,2601031242,2,,S,S1,Herrenberg|Nufringen|Gärtringen|Ehningen(b Böblingen)|Hulb|Böblingen|Goldberg(Württ)|Stuttgart-Rohr|Stuttgart-Vaihingen,8005779,Stuttgart Österfeld,Baden-Württemberg,Stuttgart,70563,9.116751457,48.73749946,4,2601031251,,2601031251,,,,,,,,,,,9.0,9.0
504511267373916834-2601031148-8,7828,2601031207,2601031207,2,,S,S2,Filderstadt|Stuttgart Flughafen/Messe|Echterdingen|Leinfelden|Oberaichen|Stuttgart-Rohr|Stuttgart-Vaihingen,8005779,Stuttgart Österfeld,Baden-Württemberg,Stuttgart,70563,9.116751457,48.73749946,4,2601031207,,2601031207,,,,,,,,,,,0.0,0.0
-6341375793071528498-2601031126-17,28323,2601031212,2601031212,1,,S,S3,Backnang|Maubach|Nellmersbach|Winnenden|Schwaikheim|Neustadt-Hohenacker|Waiblingen|Fellbach|Stuttgart-Sommerrain|Stuttgart Nürnberger Str.|Stuttgart-Bad Cannstatt|Stuttgart Hbf (tief)|Stuttgart Stadtmitte|Stuttgart Feuersee|Stuttgart Schwabstr.|Stuttgart Universität,8005779,Stuttgart Österfeld,Baden-Württemberg,Stuttgart,70563,9.116751457,48.73749946,4,2601031214,,2601031216,,,,,,,,,,,2.0,4.0
6037380939760231204-2601031233-8,7230,2601031252,2601031252,2,,S,S2,Filderstadt|Stuttgart Flughafen/Messe|Echterdingen|Leinfelden|Oberaichen|Stuttgart-Rohr|Stuttgart-Vaihingen,8005779,Stuttgart Österfeld,Baden-Württemberg,Stuttgart,70563,9.116751457,48.73749946,4,2601031255,,2601031256,,,,,,,,,,,3.0,4.0
41668567353075799-2601031231-10,7730,2601031257,2601031257,2,,S,S1,Herrenberg|Nufringen|Gärtringen|Ehningen(b Böblingen)|Hulb|Böblingen|Goldberg(Württ)|Stuttgart-Rohr|Stuttgart-Vaihingen,8005779,Stuttgart Österfeld,Baden-Württemberg,Stuttgart,70563,9.116751457,48.73749946,4,2601031300,,2601031301,,,,,,,,,,,3.0,4.0
-5040164597006626382-2601031120-20,7129,2601031217,2601031217,1,,S,S1,Kirchheim(Teck)|Kirchheim(Teck)-Ötlingen|Wendlingen(Neckar)|Wernau(Neckar)|Plochingen|Altbach|Esslingen-Zell|Oberesslingen|Esslingen(Neckar)|Esslingen-Mettingen|Stuttgart-Obertürkheim|Stuttgart-Untertürkheim|Stuttgart Neckarpark|Stuttgart-Bad Cannstatt|Stuttgart Hbf (tief)|Stuttgart Stadtmitte|Stuttgart Feuersee|Stuttgart Schwabstr.|Stuttgart Universität,8005779,Stuttgart Österfeld,Baden-Württemberg,Stuttgart,70563,9.116751457,48.73749946,4,2601031218,,2601031220,,,,,,,,,,,1.0,3.0
-2732981563110923380-2601031148-20,7231,2601031237,2601031237,1,,S,S2,Schorndorf|Weiler(Rems)|Winterbach(b Schorndorf)|Geradstetten|Grunbach|Beutelsbach|Endersbach|Stetten-Beinstein|Rommelshausen|Waiblingen|Fellbach|Stuttgart-Sommerrain|Stuttgart Nürnberger Str.|Stuttgart-Bad Cannstatt|Stuttgart Hbf (tief)|Stuttgart Stadtmitte|Stuttgart Feuersee|Stuttgart Schwabstr.|Stuttgart Universität,8005779,Stuttgart Österfeld,Baden-Württemberg,Stuttgart,70563,9.116751457,48.73749946,4,2601031239,,2601031239,,,,,,,,,,,2.0,2.0
-4197374811050490820-2601031122-16,7729,2601031202,2601031202,1,,S,S1,Plochingen|Altbach|Esslingen-Zell|Oberesslingen|Esslingen(Neckar)|Esslingen-Mettingen|Stuttgart-Obertürkheim|Stuttgart-Untertürkheim|Stuttgart Neckarpark|Stuttgart-Bad Cannstatt|Stuttgart Hbf (tief)|Stuttgart Stadtmitte|Stuttgart Feuersee|Stuttgart Schwabstr.|Stuttgart Universität,8005779,Stuttgart Österfeld,Baden-Württemberg,Stuttgart,70563,9.116751457,48.73749946,4,2601031202,,2601031202,,,,,,,,,,,0.0,0.0
4960236751390972026-2601031200-2,7328,2601031202,2601031202,2,,S,S3,Stuttgart-Vaihingen,8005779,Stuttgart Österfeld,Baden-Württemberg,Stuttgart,70563,9.116751457,48.73749946,4,2601031202,,2601031203,,,,,,,,,,,0.0,1.0
-4520082460048067316-2601031203-20,7827,2601031252,2601031252,1,,S,S2,Schorndorf|Weiler(Rems)|Winterbach(b Schorndorf)|Geradstetten|Grunbach|Beutelsbach|Endersbach|Stetten-Beinstein|Rommelshausen|Waiblingen|Fellbach|Stuttgart-Sommerrain|Stuttgart Nürnberger Str.|Stuttgart-Bad Cannstatt|Stuttgart Hbf (tief)|Stuttgart Stadtmitte|Stuttgart Feuersee|Stuttgart Schwabstr.|Stuttgart Universität,8005779,Stuttgart Österfeld,Baden-Württemberg,Stuttgart,70563,9.116751457,48.73749946,4,2601031253,,2601031254,,,,,,,,,,,1.0,2.0
8851012744564607240-2601031211-17,7331,2601031257,2601031257,1,,S,S3,Backnang|Maubach|Nellmersbach|Winnenden|Schwaikheim|Neustadt-Hohenacker|Waiblingen|Fellbach|Stuttgart-Sommerrain|Stuttgart Nürnberger Str.|Stuttgart-Bad Cannstatt|Stuttgart Hbf (tief)|Stuttgart Stadtmitte|Stuttgart Feuersee|Stuttgart Schwabstr.|Stuttgart Universität,8005779,Stuttgart Österfeld,Baden-Württemberg,Stuttgart,70563,9.116751457,48.73749946,4,2601031257,,2601031258,,,,,,,,,,,0.0,1.0
-5681419952559341398-2601031133-20,7825,2601031222,2601031222,1,,S,S2,Schorndorf|Weiler(Rems)|Winterbach(b Schorndorf)|Geradstetten|Grunbach|Beutelsbach|Endersbach|Stetten-Beinstein|Rommelshausen|Waiblingen|Fellbach|Stuttgart-Sommerrain|Stuttgart Nürnberger Str.|Stuttgart-Bad Cannstatt|Stuttgart Hbf (tief)|Stuttgart Stadtmitte|Stuttgart Feuersee|Stuttgart Schwabstr.|Stuttgart Universität,8005779,Stuttgart Österfeld,Baden-Württemberg,Stuttgart,70563,9.116751457,48.73749946,4,2601031222,,2601031224,,,,,,,,,,,0.0,2.0
-1667866592525461048-2601031152-16,7731,2601031232,2601031232,1,,S,S1,Plochingen|Altbach|Esslingen-Zell|Oberesslingen|Esslingen(Neckar)|Esslingen-Mettingen|Stuttgart-Obertürkheim|Stuttgart-Untertürkheim|Stuttgart Neckarpark|Stuttgart-Bad Cannstatt|Stuttgart Hbf (tief)|Stuttgart Stadtmitte|Stuttgart Feuersee|Stuttgart Schwabstr.|Stuttgart Universität,8005779,Stuttgart Österfeld,Baden-Württemberg,Stuttgart,70563,9.116751457,48.73749946,4,2601031232,,2601031233,,,,,,,,,,,0.0,1.0
5028335445624663016-2601031245-2,28328,2601031247,2601031247,2,,S,S3,Stuttgart-Vaihingen,8005779,Stuttgart Österfeld,Baden-Württemberg,Stuttgart,70563,9.116751457,48.73749946,4,2601031247,,2601031247,,,,,,,,,,,0.0,0.0
-7250951253539911335-2601031118-20,7229,2601031207,2601031207,1,,S,S2,Schorndorf|Weiler(Rems)|Winterbach(b Schorndorf)|Geradstetten|Grunbach|Beutelsbach|Endersbach|Stetten-Beinstein|Rommelshausen|Waiblingen|Fellbach|Stuttgart-Sommerrain|Stuttgart Nürnberger Str.|Stuttgart-Bad Cannstatt|Stuttgart Hbf (tief)|Stuttgart Stadtmitte|Stuttgart Feuersee|Stuttgart Schwabstr.|Stuttgart Universität,8005779,Stuttgart Österfeld,Baden-Württemberg,Stuttgart,70563,9.116751457,48.73749946,4,2601031210,,2601031211,,,,,,,,,,,3.0,4.0
-2740283852421142578-2601031218-8,7830,2601031237,2601031237,2,,S,S2,Filderstadt|Stuttgart Flughafen/Messe|Echterdingen|Leinfelden|Oberaichen|Stuttgart-Rohr|Stuttgart-Vaihingen,8005779,Stuttgart Österfeld,Baden-Württemberg,Stuttgart,70563,9.116751457,48.73749946,4,2601031237,,2601031238,,,,,,,,,,,0.0,1.0
4736637014602700336-2601031150-20,7131,2601031247,2601031247,1,,S,S1,Kirchheim(Teck)|Kirchheim(Teck)-Ötlingen|Wendlingen(Neckar)|Wernau(Neckar)|Plochingen|Altbach|Esslingen-Zell|Oberesslingen|Esslingen(Neckar)|Esslingen-Mettingen|Stuttgart-Obertürkheim|Stuttgart-Untertürkheim|Stuttgart Neckarpark|Stuttgart-Bad Cannstatt|Stuttgart Hbf (tief)|Stuttgart Stadtmitte|Stuttgart Feuersee|Stuttgart Schwabstr.|Stuttgart Universität,8005779,Stuttgart Österfeld,Baden-Württemberg,Stuttgart,70563,9.116751457,48.73749946,4,2601031249,,2601031250,,,,,,,,,,,2.0,3.0
-3955134605586594139-2601031141-17,7329,2601031227,2601031227,1,,S,S3,Backnang|Maubach|Nellmersbach|Winnenden|Schwaikheim|Neustadt-Hohenacker|Waiblingen|Fellbach|Stuttgart-Sommerrain|Stuttgart Nürnberger Str.|Stuttgart-Bad Cannstatt|Stuttgart Hbf (tief)|Stuttgart Stadtmitte|Stuttgart Feuersee|Stuttgart Schwabstr.|Stuttgart Universität,8005779,Stuttgart Österfeld,Baden-Württemberg,Stuttgart,70563,9.116751457,48.73749946,4,2601031227,,2601031228,,,,,,,,,,,0.0,1.0
5532078017754681393-2601031215-2,28326,2601031217,2601031217,2,,S,S3,Stuttgart-Vaihingen,8005779,Stuttgart Österfeld,Baden-Württemberg,Stuttgart,70563,9.116751457,48.73749946,4,2601031218,,2601031218,,,,,,,,,,,1.0,1.0
2059911478828825113-2601031201-10,7728,2601031227,2601031227,2,,S,S1,Herrenberg|Nufringen|Gärtringen|Ehningen(b Böblingen)|Hulb|Böblingen|Goldberg(Württ)|Stuttgart-Rohr|Stuttgart-Vaihingen,8005779,Stuttgart Österfeld,Baden-Württemberg,Stuttgart,70563,9.116751457,48.73749946,4,2601031229,,2601031229,,,,,,,,,,,2.0,2.0
-5759624544289762969-2601031146-10,7130,2601031212,2601031212,2,,S,S1,Herrenberg|Nufringen|Gärtringen|Ehningen(b Böblingen)|Hulb|Böblingen|Goldberg(Württ)|Stuttgart-Rohr|Stuttgart-Vaihingen,8005779,Stuttgart Österfeld,Baden-Württemberg,Stuttgart,70563,9.116751457,48.73749946,4,2601031212,,2601031213,,,,,,,,,,,0.0,1.0
-83917606962888125-2601031156-17,28325,2601031242,2601031242,1,,S,S3,Backnang|Maubach|Nellmersbach|Winnenden|Schwaikheim|Neustadt-Hohenacker|Waiblingen|Fellbach|Stuttgart-Sommerrain|Stuttgart Nürnberger Str.|Stuttgart-Bad Cannstatt|Stuttgart Hbf (tief)|Stuttgart Stadtmitte|Stuttgart Feuersee|Stuttgart Schwabstr.|Stuttgart Universität,8005779,Stuttgart Österfeld,Baden-Württemberg,Stuttgart,70563,9.116751457,48.73749946,4,2601031242,,2601031243,,,,,,,,,,,0.0,1.0
6168129635936742431-2601031203-8,7228,2601031222,2601031222,2,,S,S2,Filderstadt|Stuttgart Flughafen/Messe|Echterdingen|Leinfelden|Oberaichen|Stuttgart-Rohr|Stuttgart-Vaihingen,8005779,Stuttgart Österfeld,Baden-Württemberg,Stuttgart,70563,9.116751457,48.73749946,4,2601031222,,2601031223,,,,,,,,,,,0.0,1.0
7206179278625566012-2601031230-2,7330,2601031232,2601031232,2,,S,S3,Stuttgart-Vaihingen,8005779,Stuttgart Österfeld,Baden-Württemberg,Stuttgart,70563,9.116751457,48.73749946,4,2601031233,,2601031233,,,,,,,,,,,1.0,1.0
3410717060998267101-2601031216-11,7132,2601031244,2601031244,2,,S,S1,Herrenberg|Nufringen|Gärtringen|Ehningen(b Böblingen)|Hulb|Böblingen|Goldberg(Württ)|Stuttgart-Rohr|Stuttgart-Vaihingen|Stuttgart-Österfeld,8006513,Stuttgart Universität,Baden-Württemberg,Stuttgart,70569,9.105864214,48.74511762,4,2601031253,,2601031253,,,,,,,,,,,9.0,9.0
504511267373916834-2601031148-9,7828,2601031209,2601031209,2,,S,S2,Filderstadt|Stuttgart Flughafen/Messe|Echterdingen|Leinfelden|Oberaichen|Stuttgart-Rohr|Stuttgart-Vaihingen|Stuttgart-Österfeld,8006513,Stuttgart Universität,Baden-Württemberg,Stuttgart,70569,9.105864214,48.74511762,4,2601031209,,2601031209,,,,,,,,,,,0.0,0.0
-6341375793071528498-2601031126-16,28323,2601031210,2601031210,1,,S,S3,Backnang|Maubach|Nellmersbach|Winnenden|Schwaikheim|Neustadt-Hohenacker|Waiblingen|Fellbach|Stuttgart-Sommerrain|Stuttgart Nürnberger Str.|Stuttgart-Bad Cannstatt|Stuttgart Hbf (tief)|Stuttgart Stadtmitte|Stuttgart Feuersee|Stuttgart Schwabstr.,8006513,Stuttgart Universität,Baden-Württemberg,Stuttgart,70569,9.105864214,48.74511762,4,2601031211,,2601031213,,,,,,,,,,,1.0,3.0
6037380939760231204-2601031233-9,7230,2601031254,2601031254,2,,S,S2,Filderstadt|Stuttgart Flughafen/Messe|Echterdingen|Leinfelden|Oberaichen|Stuttgart-Rohr|Stuttgart-Vaihingen|Stuttgart-Österfeld,8006513,Stuttgart Universität,Baden-Württemberg,Stuttgart,70569,9.105864214,48.74511762,4,2601031257,,2601031258,,,,,,,,,,,3.0,4.0
41668567353075799-2601031231-11,7730,2601031259,2601031259,2,,S,S1,Herrenberg|Nufringen|Gärtringen|Ehningen(b Böblingen)|Hulb|Böblingen|Goldberg(Württ)|Stuttgart-Rohr|Stuttgart-Vaihingen|Stuttgart-Österfeld,8006513,Stuttgart Universität,Baden-Württemberg,Stuttgart,70569,9.105864214,48.74511762,4,2601031302,,2601031303,,,,,,,,,,,3.0,4.0
-5040164597006626382-2601031120-19,7129,2601031215,2601031215,1,,S,S1,Kirchheim(Teck)|Kirchheim(Teck)-Ötlingen|Wendlingen(Neckar)|Wernau(Neckar)|Plochingen|Altbach|Esslingen-Zell|Oberesslingen|Esslingen(Neckar)|Esslingen-Mettingen|Stuttgart-Obertürkheim|Stuttgart-Untertürkheim|Stuttgart Neckarpark|Stuttgart-Bad Cannstatt|Stuttgart Hbf (tief)|Stuttgart Stadtmitte|Stuttgart Feuersee|Stuttgart Schwabstr.,8006513,Stuttgart Universität,Baden-Württemberg,Stuttgart,70569,9.105864214,48.74511762,4,2601031216,,2601031217,,,,,,,,,,,1.0,2.0
-2732981563110923380-2601031148-19,7231,2601031235,2601031235,1,,S,S2,Schorndorf|Weiler(Rems)|Winterbach(b Schorndorf)|Geradstetten|Grunbach|Beutelsbach|Endersbach|Stetten-Beinstein|Rommelshausen|Waiblingen|Fellbach|Stuttgart-Sommerrain|Stuttgart Nürnberger Str.|Stuttgart-Bad Cannstatt|Stuttgart Hbf (tief)|Stuttgart Stadtmitte|Stuttgart Feuersee|Stuttgart Schwabstr.,8006513,Stuttgart Universität,Baden-Württemberg,Stuttgart,70569,9.105864214,48.74511762,4,2601031237,,2601031237,,,,,,,,,,,2.0,2.0
-4197374811050490820-2601031122-15,7729,2601031200,2601031200,1,,S,S1,Plochingen|Altbach|Esslingen-Zell|Oberesslingen|Esslingen(Neckar)|Esslingen-Mettingen|Stuttgart-Obertürkheim|Stuttgart-Untertürkheim|Stuttgart Neckarpark|Stuttgart-Bad Cannstatt|Stuttgart Hbf (tief)|Stuttgart Stadtmitte|Stuttgart Feuersee|Stuttgart Schwabstr.,8006513,Stuttgart Universität,Baden-Württemberg,Stuttgart,70569,9.105864214,48.74511762,4,2601031200,,2601031200,,,,,,,,,,,0.0,0.0
4960236751390972026-2601031200-3,7328,2601031204,2601031204,2,,S,S3,Stuttgart-Vaihingen|Stuttgart-Österfeld,8006513,Stuttgart Universität,Baden-Württemberg,Stuttgart,70569,9.105864214,48.74511762,4,2601031204,,2601031205,,,,,,,,,,,0.0,1.0
-4520082460048067316-2601031203-19,7827,2601031250,2601031250,1,,S,S2,Schorndorf|Weiler(Rems)|Winterbach(b Schorndorf)|Geradstetten|Grunbach|Beutelsbach|Endersbach|Stetten-Beinstein|Rommelshausen|Waiblingen|Fellbach|Stuttgart-Sommerrain|Stuttgart Nürnberger Str.|Stuttgart-Bad Cannstatt|Stuttgart Hbf (tief)|Stuttgart Stadtmitte|Stuttgart Feuersee|Stuttgart Schwabstr.,8006513,Stuttgart Universität,Baden-Württemberg,Stuttgart,70569,9.105864214,48.74511762,4,2601031251,,2601031252,,,,,,,,,,,1.0,2.0
8851012744564607240-2601031211-16,7331,2601031255,2601031255,1,,S,S3,Backnang|Maubach|Nellmersbach|Winnenden|Schwaikheim|Neustadt-Hohenacker|Waiblingen|Fellbach|Stuttgart-Sommerrain|Stuttgart Nürnberger Str.|Stuttgart-Bad Cannstatt|Stuttgart Hbf (tief)|Stuttgart Stadtmitte|Stuttgart Feuersee|Stuttgart Schwabstr.,8006513,Stuttgart Universität,Baden-Württemberg,Stuttgart,70569,9.105864214,48.74511762,4,2601031256,,2601031256,,,,,,,,,,,1.0,1.0
-5681419952559341398-2601031133-19,7825,2601031220,2601031220,1,,S,S2,Schorndorf|Weiler(Rems)|Winterbach(b Schorndorf)|Geradstetten|Grunbach|Beutelsbach|Endersbach|Stetten-Beinstein|Rommelshausen|Waiblingen|Fellbach|Stuttgart-Sommerrain|Stuttgart Nürnberger Str.|Stuttgart-Bad Cannstatt|Stuttgart Hbf (tief)|Stuttgart Stadtmitte|Stuttgart Feuersee|Stuttgart Schwabstr.,8006513,Stuttgart Universität,Baden-Württemberg,Stuttgart,70569,9.105864214,48.74511762,4,2601031220,,2601031221,,,,,,,,,,,0.0,1.0
-1667866592525461048-2601031152-15,7731,2601031230,2601031230,1,,S,S1,Plochingen|Altbach|Esslingen-Zell|Oberesslingen|Esslingen(Neckar)|Esslingen-Mettingen|Stuttgart-Obertürkheim|Stuttgart-Untertürkheim|Stuttgart Neckarpark|Stuttgart-Bad Cannstatt|Stuttgart Hbf (tief)|Stuttgart Stadtmitte|Stuttgart Feuersee|Stuttgart Schwabstr.,8006513,Stuttgart Universität,Baden-Württemberg,Stuttgart,70569,9.105864214,48.74511762,4,2601031230,,2601031231,,,,,,,,,,,0.0,1.0
5028335445624663016-2601031245-3,28328,2601031249,2601031249,2,,S,S3,Stuttgart-Vaihingen|Stuttgart-Österfeld,8006513,Stuttgart Universität,Baden-Württemberg,Stuttgart,70569,9.105864214,48.74511762,4,2601031249,,2601031249,,,,,,,,,,,0.0,0.0
-7250951253539911335-2601031118-19,7229,2601031205,2601031205,1,,S,S2,Schorndorf|Weiler(Rems)|Winterbach(b Schorndorf)|Geradstetten|Grunbach|Beutelsbach|Endersbach|Stetten-Beinstein|Rommelshausen|Waiblingen|Fellbach|Stuttgart-Sommerrain|Stuttgart Nürnberger Str.|Stuttgart-Bad Cannstatt|Stuttgart Hbf (tief)|Stuttgart Stadtmitte|Stuttgart Feuersee|Stuttgart Schwabstr.,8006513,Stuttgart Universität,Baden-Württemberg,Stuttgart,70569,9.105864214,48.74511762,4,2601031208,,2601031209,,,,,,,,,,,3.0,4.0
-2740283852421142578-2601031218-9,7830,2601031239,2601031239,2,,S,S2,Filderstadt|Stuttgart Flughafen/Messe|Echterdingen|Leinfelden|Oberaichen|Stuttgart-Rohr|Stuttgart-Vaihingen|Stuttgart-Österfeld,8006513,Stuttgart Universität,Baden-Württemberg,Stuttgart,70569,9.105864214,48.74511762,4,2601031239,,2601031240,,,,,,,,,,,0.0,1.0
4736637014602700336-2601031150-19,7131,2601031245,2601031245,1,,S,S1,Kirchheim(Teck)|Kirchheim(Teck)-Ötlingen|Wendlingen(Neckar)|Wernau(Neckar)|Plochingen|Altbach|Esslingen-Zell|Oberesslingen|Esslingen(Neckar)|Esslingen-Mettingen|Stuttgart-Obertürkheim|Stuttgart-Untertürkheim|Stuttgart Neckarpark|Stuttgart-Bad Cannstatt|Stuttgart Hbf (tief)|Stuttgart Stadtmitte|Stuttgart Feuersee|Stuttgart Schwabstr.,8006513,Stuttgart Universität,Baden-Württemberg,Stuttgart,70569,9.105864214,48.74511762,4,2601031247,,2601031248,,,,,,,,,,,2.0,3.0
-3955134605586594139-2601031141-16,7329,2601031225,2601031225,1,,S,S3,Backnang|Maubach|Nellmersbach|Winnenden|Schwaikheim|Neustadt-Hohenacker|Waiblingen|Fellbach|Stuttgart-Sommerrain|Stuttgart Nürnberger Str.|Stuttgart-Bad Cannstatt|Stuttgart Hbf (tief)|Stuttgart Stadtmitte|Stuttgart Feuersee|Stuttgart Schwabstr.,8006513,Stuttgart Universität,Baden-Württemberg,Stuttgart,70569,9.105864214,48.74511762,4,2601031225,,2601031226,,,,,,,,,,,0.0,1.0
5532078017754681393-2601031215-3,28326,2601031219,2601031219,2,,S,S3,Stuttgart-Vaihingen|Stuttgart-Österfeld,8006513,Stuttgart Universität,Baden-Württemberg,Stuttgart,70569,9.105864214,48.74511762,4,2601031220,,2601031220,,,,,,,,,,,1.0,1.0
2059911478828825113-2601031201-11,7728,2601031229,2601031229,2,,S,S1,Herrenberg|Nufringen|Gärtringen|Ehningen(b Böblingen)|Hulb|Böblingen|Goldberg(Württ)|Stuttgart-Rohr|Stuttgart-Vaihingen|Stuttgart-Österfeld,8006513,Stuttgart Universität,Baden-Württemberg,Stuttgart,70569,9.105864214,48.74511762,4,2601031231,,2601031231,,,,,,,,,,,2.0,2.0
-5759624544289762969-2601031146-11,7130,2601031214,2601031214,2,,S,S1,Herrenberg|Nufringen|Gärtringen|Ehningen(b Böblingen)|Hulb|Böblingen|Goldberg(Württ)|Stuttgart-Rohr|Stuttgart-Vaihingen|Stuttgart-Österfeld,8006513,Stuttgart Universität,Baden-Württemberg,Stuttgart,70569,9.105864214,48.74511762,4,2601031214,,2601031215,,,,,,,,,,,0.0,1.0
-83917606962888125-2601031156-16,28325,2601031240,2601031240,1,,S,S3,Backnang|Maubach|Nellmersbach|Winnenden|Schwaikheim|Neustadt-Hohenacker|Waiblingen|Fellbach|Stuttgart-Sommerrain|Stuttgart Nürnberger Str.|Stuttgart-Bad Cannstatt|Stuttgart Hbf (tief)|Stuttgart Stadtmitte|Stuttgart Feuersee|Stuttgart Schwabstr.,8006513,Stuttgart Universität,Baden-Württemberg,Stuttgart,70569,9.105864214,48.74511762,4,2601031240,,2601031241,,,,,,,,,,,0.0,1.0
6168129635936742431-2601031203-9,7228,2601031224,2601031224,2,,S,S2,Filderstadt|Stuttgart Flughafen/Messe|Echterdingen|Leinfelden|Oberaichen|Stuttgart-Rohr|Stuttgart-Vaihingen|Stuttgart-Österfeld,8006513,Stuttgart Universität,Baden-Württemberg,Stuttgart,70569,9.105864214,48.74511762,4,2601031224,,2601031225,,,,,,,,,,,0.0,1.0
7206179278625566012-2601031230-3,7330,2601031234,2601031234,2,,S,S3,Stuttgart-Vaihingen|Stuttgart-Österfeld,8006513,Stuttgart Universität,Baden-Württemberg,Stuttgart,70569,9.105864214,48.74511762,4,2601031235,,2601031236,,,,,,,,,,,1.0,2.0
-3193439599918682335-2601031132-10,17530,2601031228,2601031228,1,,RB,MEX19,Gaildorf West|Fichtenberg|Fornsbach|Murrhardt|Sulzbach(Murr)|Oppenweiler(Württ)|Backnang|Winnenden|Waiblingen,8005769,Stuttgart-Bad Cannstatt,Baden-Württemberg,Stuttgart,70372,9.217468636,48.80127978,3,2601031230,,2601031231,,,,,,,,,,,2.0,3.0
3177327826888597271-2601031218-14,7233,2601031250,2601031251,2,,S,S2,Schorndorf|Weiler(Rems)|Winterbach(b Schorndorf)|Geradstetten|Grunbach|Beutelsbach|Endersbach|Stetten-Beinstein|Rommelshausen|Waiblingen|Fellbach|Stuttgart-Sommerrain|Stuttgart Nürnberger Str.,8005769,Stuttgart-Bad Cannstatt,Baden-Württemberg,Stuttgart,70372,9.217468636,48.80127978,3,2601031250,,2601031251,,,,,,,,,,,0.0,0.0
3410717060998267101-2601031216-16,7132,2601031259,2601031259,3,,S,S1,Herrenberg|Nufringen|Gärtringen|Ehningen(b Böblingen)|Hulb|Böblingen|Goldberg(Württ)|Stuttgart-Rohr|Stuttgart-Vaihingen|Stuttgart-Österfeld|Stuttgart Universität|Stuttgart Schwabstr.|Stuttgart Feuersee|Stuttgart Stadtmitte|Stuttgart Hbf (tief),8005769,Stuttgart-Bad Cannstatt,Baden-Württemberg,Stuttgart,70372,9.217468636,48.80127978,3,2601031310,,2601031311,,,,,,,,,,,11.0,12.0
-5722273275463151764-2601031204-2,19139,2601031207,2601031208,8,,ARV,MEX16,Stuttgart Hbf,8005769,Stuttgart-Bad Cannstatt,Baden-Württemberg,Stuttgart,70372,9.217468636,48.80127978,3,2601031208,,2601031209,,,,,,,,,,,1.0,1.0
-2797726383545175511-2601031226-11,28327,2601031255,2601031256,2,,S,S3,Backnang|Maubach|Nellmersbach|Winnenden|Schwaikheim|Neustadt-Hohenacker|Waiblingen|Fellbach|Stuttgart-Sommerrain|Stuttgart Nürnberger Str.,8005769,Stuttgart-Bad Cannstatt,Baden-Württemberg,Stuttgart,70372,9.217468636,48.80127978,3,2601031255,,2601031257,,,,,,,,,,,0.0,1.0
504511267373916834-2601031148-14,7828,2601031224,2601031224,3,,S,S2,Filderstadt|Stuttgart Flughafen/Messe|Echterdingen|Leinfelden|Oberaichen|Stuttgart-Rohr|Stuttgart-Vaihingen|Stuttgart-Österfeld|Stuttgart Universität|Stuttgart Schwabstr.|Stuttgart Feuersee|Stuttgart Stadtmitte|Stuttgart Hbf (tief),8005769,Stuttgart-Bad Cannstatt,Baden-Württemberg,Stuttgart,70372,9.217468636,48.80127978,3,2601031225,,2601031225,,,,,,,,,,,1.0,1.0
1836435062166220832-2601031131-16,7726,2601031214,2601031214,3,,S,S1,Herrenberg|Nufringen|Gärtringen|Ehningen(b Böblingen)|Hulb|Böblingen|Goldberg(Württ)|Stuttgart-Rohr|Stuttgart-Vaihingen|Stuttgart-Österfeld|Stuttgart Universität|Stuttgart Schwabstr.|Stuttgart Feuersee|Stuttgart Stadtmitte|Stuttgart Hbf (tief),8005769,Stuttgart-Bad Cannstatt,Baden-Württemberg,Stuttgart,70372,9.217468636,48.80127978,3,2601031216,,2601031217,,,,,,,,,,,2.0,3.0
-5040164597006626382-2601031120-14,7129,2601031200,2601031201,2,,S,S1,Kirchheim(Teck)|Kirchheim(Teck)-Ötlingen|Wendlingen(Neckar)|Wernau(Neckar)|Plochingen|Altbach|Esslingen-Zell|Oberesslingen|Esslingen(Neckar)|Esslingen-Mettingen|Stuttgart-Obertürkheim|Stuttgart-Untertürkheim|Stuttgart Neckarpark,8005769,Stuttgart-Bad Cannstatt,Baden-Württemberg,Stuttgart,70372,9.217468636,48.80127978,3,2601031200,,2601031202,,,,,,,,,,,0.0,1.0
7698261313813520999-2601031105-10,19228,2601031202,2601031202,5,,RE,MEX12,Tübingen Hbf|Reutlingen Hbf|Metzingen(Württ)|Bempflingen|Nürtingen|Oberboihingen|Wendlingen(Neckar)|Plochingen|Esslingen(Neckar),8005769,Stuttgart-Bad Cannstatt,Baden-Württemberg,Stuttgart,70372,9.217468636,48.80127978,3,2601031207,,2601031210,,,,,,,,,,,5.0,8.0
-2732981563110923380-2601031148-14,7231,2601031220,2601031221,2,,S,S2,Schorndorf|Weiler(Rems)|Winterbach(b Schorndorf)|Geradstetten|Grunbach|Beutelsbach|Endersbach|Stetten-Beinstein|Rommelshausen|Waiblingen|Fellbach|Stuttgart-Sommerrain|Stuttgart Nürnberger Str.,8005769,Stuttgart-Bad Cannstatt,Baden-Württemberg,Stuttgart,70372,9.217468636,48.80127978,3,2601031221,,2601031222,,,,,,,,,,,1.0,1.0
4695358664547013286-2601031036-21,19136,2601031211,2601031212,5,,ARV,MEX16,Ulm Hbf|Beimerstetten|Westerstetten|Lonsee|Urspring|Amstetten(Württ)|Geislingen(Steige)|Geislingen(Steige)West|Kuchen|Gingen(Fils)|Süßen|Salach|Eislingen(Fils)|Göppingen|Faurndau|Uhingen|Ebersbach(Fils)|Reichenbach(Fils)|Plochingen|Esslingen(Neckar),8005769,Stuttgart-Bad Cannstatt,Baden-Württemberg,Stuttgart,70372,9.217468636,48.80127978,3,2601031212,,2601031213,,,,,,,,,,,1.0,1.0
4960236751390972026-2601031200-8,7328,2601031219,2601031219,3,,S,S3,Stuttgart-Vaihingen|Stuttgart-Österfeld|Stuttgart Universität|Stuttgart Schwabstr.|Stuttgart Feuersee|Stuttgart Stadtmitte|Stuttgart Hbf (tief),8005769,Stuttgart-Bad Cannstatt,Baden-Württemberg,Stuttgart,70372,9.217468636,48.80127978,3,2601031221,,2601031221,,,,,,,,,,,2.0,2.0
-4520082460048067316-2601031203-14,7827,2601031235,2601031236,2,,S,S2,Schorndorf|Weiler(Rems)|Winterbach(b Schorndorf)|Geradstetten|Grunbach|Beutelsbach|Endersbach|Stetten-Beinstein|Rommelshausen|Waiblingen|Fellbach|Stuttgart-Sommerrain|Stuttgart Nürnberger Str.,8005769,Stuttgart-Bad Cannstatt,Baden-Württemberg,Stuttgart,70372,9.217468636,48.80127978,3,2601031235,,2601031236,,,,,,,,,,,0.0,0.0
8851012744564607240-2601031211-11,7331,2601031240,2601031241,2,,S,S3,Backnang|Maubach|Nellmersbach|Winnenden|Schwaikheim|Neustadt-Hohenacker|Waiblingen|Fellbach|Stuttgart-Sommerrain|Stuttgart Nürnberger Str.,8005769,Stuttgart-Bad Cannstatt,Baden-Württemberg,Stuttgart,70372,9.217468636,48.80127978,3,2601031241,,2601031242,,,,,,,,,,,1.0,1.0
1394235487267718911-2601031242-2,19141,2601031245,2601031246,8,,ARV,MEX16,Stuttgart Hbf,8005769,Stuttgart-Bad Cannstatt,Baden-Württemberg,Stuttgart,70372,9.217468636,48.80127978,3,2601031245,,2601031246,,,,,,,,,,,0.0,0.0
-5681419952559341398-2601031133-14,7825,2601031205,2601031206,2,,S,S2,Schorndorf|Weiler(Rems)|Winterbach(b Schorndorf)|Geradstetten|Grunbach|Beutelsbach|Endersbach|Stetten-Beinstein|Rommelshausen|Waiblingen|Fellbach|Stuttgart-Sommerrain|Stuttgart Nürnberger Str.,8005769,Stuttgart-Bad Cannstatt,Baden-Württemberg,Stuttgart,70372,9.217468636,48.80127978,3,2601031206,,2601031206,,,,,,,,,,,1.0,0.0
-1667866592525461048-2601031152-10,7731,2601031215,2601031216,2,,S,S1,Plochingen|Altbach|Esslingen-Zell|Oberesslingen|Esslingen(Neckar)|Esslingen-Mettingen|Stuttgart-Obertürkheim|Stuttgart-Untertürkheim|Stuttgart Neckarpark,8005769,Stuttgart-Bad Cannstatt,Baden-Württemberg,Stuttgart,70372,9.217468636,48.80127978,3,2601031215,,2601031216,,,,,,,,,,,0.0,0.0
-2740283852421142578-2601031218-14,7830,2601031254,2601031254,3,,S,S2,Filderstadt|Stuttgart Flughafen/Messe|Echterdingen|Leinfelden|Oberaichen|Stuttgart-Rohr|Stuttgart-Vaihingen|Stuttgart-Österfeld|Stuttgart Universität|Stuttgart Schwabstr.|Stuttgart Feuersee|Stuttgart Stadtmitte|Stuttgart Hbf (tief),8005769,Stuttgart-Bad Cannstatt,Baden-Württemberg,Stuttgart,70372,9.217468636,48.80127978,3,2601031257,,2601031258,,,,,,,,,,,3.0,4.0
-1993606386599546493-2601031148-15,19138,2601031247,2601031249,5,,ARV,MEX16,Geislingen(Steige)|Geislingen(Steige)West|Kuchen|Gingen(Fils)|Süßen|Salach|Eislingen(Fils)|Göppingen|Faurndau|Uhingen|Ebersbach(Fils)|Reichenbach(Fils)|Plochingen|Esslingen(Neckar),8005769,Stuttgart-Bad Cannstatt,Baden-Württemberg,Stuttgart,70372,9.217468636,48.80127978,3,2601031247,,2601031251,,,,,,,,,,,0.0,2.0
4736637014602700336-2601031150-14,7131,2601031230,2601031231,2,,S,S1,Kirchheim(Teck)|Kirchheim(Teck)-Ötlingen|Wendlingen(Neckar)|Wernau(Neckar)|Plochingen|Altbach|Esslingen-Zell|Oberesslingen|Esslingen(Neckar)|Esslingen-Mettingen|Stuttgart-Obertürkheim|Stuttgart-Untertürkheim|Stuttgart Neckarpark,8005769,Stuttgart-Bad Cannstatt,Baden-Württemberg,Stuttgart,70372,9.217468636,48.80127978,3,2601031231,,2601031233,,,,,,,,,,,1.0,2.0
-5042970796843621512-2601031157-10,19223,2601031257,2601031258,8,,RE,MEX12,Heilbronn Hbf|Nordheim(Württ)|Lauffen(Neckar)|Kirchheim(Neckar)|Walheim(Württ)|Besigheim|Bietigheim-Bissingen|Ludwigsburg|Stuttgart Hbf,8005769,Stuttgart-Bad Cannstatt,Baden-Württemberg,Stuttgart,70372,9.217468636,48.80127978,3,2601031258,,2601031258,,,,,,,,,,,1.0,0.0
-4376819822122462379-2601031133-14,7226,2601031209,2601031209,3,,S,S2,Filderstadt|Stuttgart Flughafen/Messe|Echterdingen|Leinfelden|Oberaichen|Stuttgart-Rohr|Stuttgart-Vaihingen|Stuttgart-Österfeld|Stuttgart Universität|Stuttgart Schwabstr.|Stuttgart Feuersee|Stuttgart Stadtmitte|Stuttgart Hbf (tief),8005769,Stuttgart-Bad Cannstatt,Baden-Württemberg,Stuttgart,70372,9.217468636,48.80127978,3,2601031212,,2601031212,,,,,,,,,,,3.0,3.0
1899806724872395697-2601031222-10,7733,2601031245,2601031246,2,,S,S1,Plochingen|Altbach|Esslingen-Zell|Oberesslingen|Esslingen(Neckar)|Esslingen-Mettingen|Stuttgart-Obertürkheim|Stuttgart-Untertürkheim|Stuttgart Neckarpark,8005769,Stuttgart-Bad Cannstatt,Baden-Württemberg,Stuttgart,70372,9.217468636,48.80127978,3,2601031246,,2601031246,,,,,,,,,,,1.0,0.0
-3955134605586594139-2601031141-11,7329,2601031210,2601031211,2,,S,S3,Backnang|Maubach|Nellmersbach|Winnenden|Schwaikheim|Neustadt-Hohenacker|Waiblingen|Fellbach|Stuttgart-Sommerrain|Stuttgart Nürnberger Str.,8005769,Stuttgart-Bad Cannstatt,Baden-Württemberg,Stuttgart,70372,9.217468636,48.80127978,3,2601031210,,2601031211,,,,,,,,,,,0.0,0.0
5532078017754681393-2601031215-8,28326,2601031234,2601031234,3,,S,S3,Stuttgart-Vaihingen|Stuttgart-Österfeld|Stuttgart Universität|Stuttgart Schwabstr.|Stuttgart Feuersee|Stuttgart Stadtmitte|Stuttgart Hbf (tief),8005769,Stuttgart-Bad Cannstatt,Baden-Württemberg,Stuttgart,70372,9.217468636,48.80127978,3,2601031234,,2601031235,,,,,,,,,,,0.0,1.0
2059911478828825113-2601031201-16,7728,2601031244,2601031244,3,,S,S1,Herrenberg|Nufringen|Gärtringen|Ehningen(b Böblingen)|Hulb|Böblingen|Goldberg(Württ)|Stuttgart-Rohr|Stuttgart-Vaihingen|Stuttgart-Österfeld|Stuttgart Universität|Stuttgart Schwabstr.|Stuttgart Feuersee|Stuttgart Stadtmitte|Stuttgart Hbf (tief),8005769,Stuttgart-Bad Cannstatt,Baden-Württemberg,Stuttgart,70372,9.217468636,48.80127978,3,2601031247,,2601031247,,,,,,,,,,,3.0,3.0
5127296555604559795-2601031036-23,19317,2601031227,2601031227,8,,RE,MEX18,Osterburken|Adelsheim Ost|Sennfeld|Roigheim|Möckmühl|Züttlingen|Siglingen|Neudenau|Herbolzheim(Jagst)|Untergriesheim|Bad Friedrichshall Hbf|Neckarsulm|Heilbronn Sülmertor|Heilbronn Hbf|Nordheim(Württ)|Lauffen(Neckar)|Kirchheim(Neckar)|Walheim(Württ)|Besigheim|Bietigheim-Bissingen|Ludwigsburg|Stuttgart Hbf,8005769,Stuttgart-Bad Cannstatt,Baden-Württemberg,Stuttgart,70372,9.217468636,48.80127978,3,2601031227,,2601031227,,,,,,,,,,,0.0,0.0
-5759624544289762969-2601031146-16,7130,2601031229,2601031229,3,,S,S1,Herrenberg|Nufringen|Gärtringen|Ehningen(b Böblingen)|Hulb|Böblingen|Goldberg(Württ)|Stuttgart-Rohr|Stuttgart-Vaihingen|Stuttgart-Österfeld|Stuttgart Universität|Stuttgart Schwabstr.|Stuttgart Feuersee|Stuttgart Stadtmitte|Stuttgart Hbf (tief),8005769,Stuttgart-Bad Cannstatt,Baden-Württemberg,Stuttgart,70372,9.217468636,48.80127978,3,2601031230,,2601031231,,,,,,,,,,,1.0,2.0
-83917606962888125-2601031156-11,28325,2601031225,2601031226,2,,S,S3,Backnang|Maubach|Nellmersbach|Winnenden|Schwaikheim|Neustadt-Hohenacker|Waiblingen|Fellbach|Stuttgart-Sommerrain|Stuttgart Nürnberger Str.,8005769,Stuttgart-Bad Cannstatt,Baden-Württemberg,Stuttgart,70372,9.217468636,48.80127978,3,2601031225,,2601031226,,,,,,,,,,,0.0,0.0
8872306478114488142-2601031247-2,19417,2601031251,2601031252,7,,ARV,MEX13,Stuttgart Hbf,8005769,Stuttgart-Bad Cannstatt,Baden-Württemberg,Stuttgart,70372,9.217468636,48.80127978,3,2601031253,,2601031254,,,,,,,,,,,2.0,2.0
-3860455667623039078-2601031220-2,19467,2601031224,2601031225,7,,ARV,MEX13,Stuttgart Hbf,8005769,Stuttgart-Bad Cannstatt,Baden-Württemberg,Stuttgart,70372,9.217468636,48.80127978,3,2601031224,,2601031225,,,,,,,,,,,0.0,0.0
6168129635936742431-2601031203-14,7228,2601031239,2601031239,3,,S,S2,Filderstadt|Stuttgart Flughafen/Messe|Echterdingen|Leinfelden|Oberaichen|Stuttgart-Rohr|Stuttgart-Vaihingen|Stuttgart-Österfeld|Stuttgart Universität|Stuttgart Schwabstr.|Stuttgart Feuersee|Stuttgart Stadtmitte|Stuttgart Hbf (tief),8005769,Stuttgart-Bad Cannstatt,Baden-Württemberg,Stuttgart,70372,9.217468636,48.80127978,3,2601031241,,2601031241,,,,,,,,,,,2.0,2.0
7206179278625566012-2601031230-8,7330,2601031249,2601031249,3,,S,S3,Stuttgart-Vaihingen|Stuttgart-Österfeld|Stuttgart Universität|Stuttgart Schwabstr.|Stuttgart Feuersee|Stuttgart Stadtmitte|Stuttgart Hbf (tief),8005769,Stuttgart-Bad Cannstatt,Baden-Württemberg,Stuttgart,70372,9.217468636,48.80127978,3,2601031251,,2601031252,,,,,,,,,,,2.0,3.0
3982192266941366031-2601031226-2,17527,2601031229,2601031230,7,,RB,MEX19,Stuttgart Hbf,8005769,Stuttgart-Bad Cannstatt,Baden-Württemberg,Stuttgart,70372,9.217468636,48.80127978,3,2601031229,,2601031231,,,,,,,,,,,0.0,1.0
5274226899640306616-2601031145-8,28324,2601031204,2601031204,3,,S,S3,Stuttgart-Vaihingen|Stuttgart-Österfeld|Stuttgart Universität|Stuttgart Schwabstr.|Stuttgart Feuersee|Stuttgart Stadtmitte|Stuttgart Hbf (tief),8005769,Stuttgart-Bad Cannstatt,Baden-Württemberg,Stuttgart,70372,9.217468636,48.80127978,3,2601031206,,2601031207,,,,,,,,,,,2.0,3.0
5197957692469736326-2601031133-8,19316,2601031225,2601031226,5,,RE,MEX18,Tübingen Hbf|Reutlingen Hbf|Metzingen(Württ)|Nürtingen|Wendlingen(Neckar)|Plochingen|Esslingen(Neckar),8005769,Stuttgart-Bad Cannstatt,Baden-Württemberg,Stuttgart,70372,9.217468636,48.80127978,3,2601031236,,2601031238,,,,,,,,,,,11.0,12.0
7732802453043643664-2601031111-17,19468,2601031235,2601031235,6,,ARV,MEX13,Ellwangen|Schrezheim|Schwabsberg|Goldshöfe|Hofen(b Aalen)|Wasseralfingen|Aalen Hbf|Mögglingen(Gmünd)|Böbingen(Rems)|Schwäbisch Gmünd|Lorch(Württ)|Waldhausen(b Schorndorf)|Plüderhausen|Urbach(b Schorndorf)|Schorndorf|Waiblingen,8005769,Stuttgart-Bad Cannstatt,Baden-Württemberg,Stuttgart,70372,9.217468636,48.80127978,3,2601031235,,2601031235,,,,,,,,,,,0.0,0.0
-2690453283388249865-2601031107-11,19418,2601031205,2601031205,6,,ARV,MEX13,Aalen Hbf|Mögglingen(Gmünd)|Böbingen(Rems)|Schwäbisch Gmünd|Lorch(Württ)|Waldhausen(b Schorndorf)|Plüderhausen|Urbach(b Schorndorf)|Schorndorf|Waiblingen,8005769,Stuttgart-Bad Cannstatt,Baden-Württemberg,Stuttgart,70372,9.217468636,48.80127978,3,2601031205,,2601031206,,,,,,,,,,,0.0,1.0
-4501469853120362621-2601031210-8,28395,2601031231,2601031231,1,,S,S4,Marbach(Neckar)|Benningen(Neckar)|Freiberg(Neckar)|Favoritepark|Ludwigsburg|Kornwestheim Pbf|Stuttgart-Zuffenhausen,8005770,Stuttgart-Feuerbach,Baden-Württemberg,Feuerbach,70469,9.169186287,48.81363554,3,2601031231,,2601031232,,,,,,,,,,,0.0,1.0
7608028257592331283-2601031204-16,7029,2601031251,2601031251,1,,S,S60,Böblingen|Sindelfingen|Maichingen|Maichingen Nord|Magstadt|Renningen Süd|Renningen|Rutesheim|Leonberg|Höfingen|Ditzingen|Weilimdorf|Korntal|Neuwirtshaus(Porscheplatz)|Stuttgart-Zuffenhausen,8005770,Stuttgart-Feuerbach,Baden-Württemberg,Feuerbach,70469,9.169186287,48.81363554,3,2601031251,,2601031252,,,,,,,,,,,0.0,1.0
5127975581387066276-2601031202-6,7426,2601031213,2601031214,2,,S,S4,Stuttgart Schwabstr.|Stuttgart Feuersee|Stuttgart Stadtmitte|Stuttgart Hbf (tief)|Stuttgart Nordbahnhof,8005770,Stuttgart-Feuerbach,Baden-Württemberg,Feuerbach,70469,9.169186287,48.81363554,3,2601031216,,2601031216,,,,,,,,,,,3.0,2.0
3717617338847420907-2601031152-7,28465,2601031211,2601031211,1,,S,S5,Bietigheim-Bissingen|Tamm(Württ)|Asperg|Ludwigsburg|Kornwestheim Pbf|Stuttgart-Zuffenhausen,8005770,Stuttgart-Feuerbach,Baden-Württemberg,Feuerbach,70469,9.169186287,48.81363554,3,2601031213,,2601031213,,,,,,,,,,,2.0,2.0
-4444589756830246864-2601031218-12,7929,2601031251,2601031251,1,,S,S6,Weil der Stadt|Malmsheim|Renningen|Rutesheim|Leonberg|Höfingen|Ditzingen|Weilimdorf|Korntal|Neuwirtshaus(Porscheplatz)|Stuttgart-Zuffenhausen,8005770,Stuttgart-Feuerbach,Baden-Württemberg,Feuerbach,70469,9.169186287,48.81363554,3,2601031251,,2601031252,,,,,,,,,,,0.0,1.0
3131517444573088003-2601031148-12,7927,2601031221,2601031221,1,,S,S6,Weil der Stadt|Malmsheim|Renningen|Rutesheim|Leonberg|Höfingen|Ditzingen|Weilimdorf|Korntal|Neuwirtshaus(Porscheplatz)|Stuttgart-Zuffenhausen,8005770,Stuttgart-Feuerbach,Baden-Württemberg,Feuerbach,70469,9.169186287,48.81363554,3,2601031227,,2601031227,,,,,,,,,,,6.0,6.0
5081771628023632994-2601031140-8,28393,2601031201,2601031201,1,,S,S4,Marbach(Neckar)|Benningen(Neckar)|Freiberg(Neckar)|Favoritepark|Ludwigsburg|Kornwestheim Pbf|Stuttgart-Zuffenhausen,8005770,Stuttgart-Feuerbach,Baden-Württemberg,Feuerbach,70469,9.169186287,48.81363554,3,,,,,h,1,Störung,,,,,c,c,0.0,0.0
8332536860707671559-2601031207-6,28464,2601031218,2601031219,2,,S,S5,Stuttgart Schwabstr.|Stuttgart Feuersee|Stuttgart Stadtmitte|Stuttgart Hbf (tief)|Stuttgart Nordbahnhof,8005770,Stuttgart-Feuerbach,Baden-Württemberg,Feuerbach,70469,9.169186287,48.81363554,3,2601031220,,2601031220,,,,,,,,,,,2.0,1.0
-144422822861230009-2601031237-7,7533,2601031256,2601031256,1,,S,S5,Bietigheim-Bissingen|Tamm(Württ)|Asperg|Ludwigsburg|Kornwestheim Pbf|Stuttgart-Zuffenhausen,8005770,Stuttgart-Feuerbach,Baden-Württemberg,Feuerbach,70469,9.169186287,48.81363554,3,2601031256,,2601031257,,,,,,,,,,,0.0,1.0
6534681549550626676-2601031217-6,28398,2601031228,2601031229,2,,S,S4,Stuttgart Schwabstr.|Stuttgart Feuersee|Stuttgart Stadtmitte|Stuttgart Hbf (tief)|Stuttgart Nordbahnhof,8005770,Stuttgart-Feuerbach,Baden-Württemberg,Feuerbach,70469,9.169186287,48.81363554,3,2601031234,,2601031234,,,,,,,,,,,6.0,5.0
-3504815606642380245-2601031222-7,28467,2601031241,2601031241,1,,S,S5,Bietigheim-Bissingen|Tamm(Württ)|Asperg|Ludwigsburg|Kornwestheim Pbf|Stuttgart-Zuffenhausen,8005770,Stuttgart-Feuerbach,Baden-Württemberg,Feuerbach,70469,9.169186287,48.81363554,3,2601031241,,2601031241,,,,,,,,,,,0.0,0.0
-661438075088023210-2601031242-6,7630,2601031253,2601031254,2,,S,S6,Stuttgart Schwabstr.|Stuttgart Feuersee|Stuttgart Stadtmitte|Stuttgart Hbf (tief)|Stuttgart Nordbahnhof,8005770,Stuttgart-Feuerbach,Baden-Württemberg,Feuerbach,70469,9.169186287,48.81363554,3,2601031256,,2601031257,,,,,,,,,,,3.0,3.0
-4761009494772144822-2601031152-6,7528,2601031203,2601031204,2,,S,S5,Stuttgart Schwabstr.|Stuttgart Feuersee|Stuttgart Stadtmitte|Stuttgart Hbf (tief)|Stuttgart Nordbahnhof,8005770,Stuttgart-Feuerbach,Baden-Württemberg,Feuerbach,70469,9.169186287,48.81363554,3,2601031206,,2601031206,,,,,,,,,,,3.0,2.0
-182569074075306425-2601031222-6,7530,2601031233,2601031234,2,,S,S5,Stuttgart Schwabstr.|Stuttgart Feuersee|Stuttgart Stadtmitte|Stuttgart Hbf (tief)|Stuttgart Nordbahnhof,8005770,Stuttgart-Feuerbach,Baden-Württemberg,Feuerbach,70469,9.169186287,48.81363554,3,,,,,,,,,,,,c,c,0.0,0.0
5693136962771673302-2601031232-6,7428,2601031243,2601031244,2,,S,S4,Stuttgart Schwabstr.|Stuttgart Feuersee|Stuttgart Stadtmitte|Stuttgart Hbf (tief)|Stuttgart Nordbahnhof,8005770,Stuttgart-Feuerbach,Baden-Württemberg,Feuerbach,70469,9.169186287,48.81363554,3,2601031245,,2601031245,,,,,,,,,,,2.0,1.0
3112151770582767081-2601031157-6,7932,2601031208,2601031209,2,,S,S6,Stuttgart Schwabstr.|Stuttgart Feuersee|Stuttgart Stadtmitte|Stuttgart Hbf (tief)|Stuttgart Nordbahnhof,8005770,Stuttgart-Feuerbach,Baden-Württemberg,Feuerbach,70469,9.169186287,48.81363554,3,2601031210,,2601031211,,,,,,,,,,,2.0,2.0
-7035220678398818959-2601031212-6,7628,2601031223,2601031224,2,,S,S6,Stuttgart Schwabstr.|Stuttgart Feuersee|Stuttgart Stadtmitte|Stuttgart Hbf (tief)|Stuttgart Nordbahnhof,8005770,Stuttgart-Feuerbach,Baden-Württemberg,Feuerbach,70469,9.169186287,48.81363554,3,2601031229,,2601031229,,,,,,,,,,,6.0,5.0
-3901454027336800522-2601031203-12,7431,2601031246,2601031246,1,,S,S4,Backnang|Burgstall(Murr)|Kirchberg(Murr)|Erdmannhausen|Marbach(Neckar)|Benningen(Neckar)|Freiberg(Neckar)|Favoritepark|Ludwigsburg|Kornwestheim Pbf|Stuttgart-Zuffenhausen,8005770,Stuttgart-Feuerbach,Baden-Württemberg,Feuerbach,70469,9.169186287,48.81363554,3,2601031246,,2601031246,,,,,,,,,,,0.0,0.0
6476044054617913836-2601031133-12,7629,2601031206,2601031206,1,,S,S6,Weil der Stadt|Malmsheim|Renningen|Rutesheim|Leonberg|Höfingen|Ditzingen|Weilimdorf|Korntal|Neuwirtshaus(Porscheplatz)|Stuttgart-Zuffenhausen,8005770,Stuttgart-Feuerbach,Baden-Württemberg,Feuerbach,70469,9.169186287,48.81363554,3,2601031207,,2601031208,,,,,,,,,,,1.0,2.0
-3839002302897574901-2601031157-6,7032,2601031208,2601031209,2,,S,S60,Stuttgart Schwabstr.|Stuttgart Feuersee|Stuttgart Stadtmitte|Stuttgart Hbf (tief)|Stuttgart Nordbahnhof,8005770,Stuttgart-Feuerbach,Baden-Württemberg,Feuerbach,70469,9.169186287,48.81363554,3,2601031210,,2601031211,,,,,,,,,,,2.0,2.0
-2997586613667252816-2601031134-16,7027,2601031221,2601031221,1,,S,S60,Böblingen|Sindelfingen|Maichingen|Maichingen Nord|Magstadt|Renningen Süd|Renningen|Rutesheim|Leonberg|Höfingen|Ditzingen|Weilimdorf|Korntal|Neuwirtshaus(Porscheplatz)|Stuttgart-Zuffenhausen,8005770,Stuttgart-Feuerbach,Baden-Württemberg,Feuerbach,70469,9.169186287,48.81363554,3,2601031227,,2601031227,,,,,,,,,,,6.0,6.0
-7003931357074639826-2601031227-6,7934,2601031238,2601031239,2,,S,S6,Stuttgart Schwabstr.|Stuttgart Feuersee|Stuttgart Stadtmitte|Stuttgart Hbf (tief)|Stuttgart Nordbahnhof,8005770,Stuttgart-Feuerbach,Baden-Württemberg,Feuerbach,70469,9.169186287,48.81363554,3,2601031238,,2601031239,,,,,,,,,,,0.0,0.0
3655115014084866226-2601031237-6,28466,2601031248,2601031249,2,,S,S5,Stuttgart Schwabstr.|Stuttgart Feuersee|Stuttgart Stadtmitte|Stuttgart Hbf (tief)|Stuttgart Nordbahnhof,8005770,Stuttgart-Feuerbach,Baden-Württemberg,Feuerbach,70469,9.169186287,48.81363554,3,2601031250,,2601031251,,,,,,,,,,,2.0,2.0
-5995002106705392995-2601031247-6,28400,2601031258,2601031259,2,,S,S4,Stuttgart Schwabstr.|Stuttgart Feuersee|Stuttgart Stadtmitte|Stuttgart Hbf (tief)|Stuttgart Nordbahnhof,8005770,Stuttgart-Feuerbach,Baden-Württemberg,Feuerbach,70469,9.169186287,48.81363554,3,,,,,,,,,,,,c,c,0.0,0.0
2930744972942057808-2601031207-7,7531,2601031226,2601031226,1,,S,S5,Bietigheim-Bissingen|Tamm(Württ)|Asperg|Ludwigsburg|Kornwestheim Pbf|Stuttgart-Zuffenhausen,8005770,Stuttgart-Feuerbach,Baden-Württemberg,Feuerbach,70469,9.169186287,48.81363554,3,,,,,,,,,,,,c,c,0.0,0.0
-2837347101663805561-2601031133-12,7429,2601031216,2601031216,1,,S,S4,Backnang|Burgstall(Murr)|Kirchberg(Murr)|Erdmannhausen|Marbach(Neckar)|Benningen(Neckar)|Freiberg(Neckar)|Favoritepark|Ludwigsburg|Kornwestheim Pbf|Stuttgart-Zuffenhausen,8005770,Stuttgart-Feuerbach,Baden-Württemberg,Feuerbach,70469,9.169186287,48.81363554,3,2601031216,,2601031217,,,,,,,,,,,0.0,1.0
8207272767207255575-2601031203-12,7631,2601031236,2601031236,1,,S,S6,Weil der Stadt|Malmsheim|Renningen|Rutesheim|Leonberg|Höfingen|Ditzingen|Weilimdorf|Korntal|Neuwirtshaus(Porscheplatz)|Stuttgart-Zuffenhausen,8005770,Stuttgart-Feuerbach,Baden-Württemberg,Feuerbach,70469,9.169186287,48.81363554,3,2601031236,,2601031236,,,,,,,,,,,0.0,0.0
9194663872562058086-2601031227-6,7034,2601031238,2601031239,2,,S,S60,Stuttgart Schwabstr.|Stuttgart Feuersee|Stuttgart Stadtmitte|Stuttgart Hbf (tief)|Stuttgart Nordbahnhof,8005770,Stuttgart-Feuerbach,Baden-Württemberg,Feuerbach,70469,9.169186287,48.81363554,3,2601031238,,2601031239,,,,,,,,,,,0.0,0.0
-4501469853120362621-2601031210-12,28395,2601031241,2601031241,1,,S,S4,Marbach(Neckar)|Benningen(Neckar)|Freiberg(Neckar)|Favoritepark|Ludwigsburg|Kornwestheim Pbf|Stuttgart-Zuffenhausen|Stuttgart-Feuerbach|Stuttgart Nordbahnhof|Stuttgart Hbf (tief)|Stuttgart Stadtmitte,8006699,Stuttgart Feuersee,Baden-Württemberg,Stuttgart,70176,9.165850846,48.7726173,3,2601031243,,2601031243,,,,,,,,,,,2.0,2.0
3177327826888597271-2601031218-17,7233,2601031258,2601031259,1,,S,S2,Schorndorf|Weiler(Rems)|Winterbach(b Schorndorf)|Geradstetten|Grunbach|Beutelsbach|Endersbach|Stetten-Beinstein|Rommelshausen|Waiblingen|Fellbach|Stuttgart-Sommerrain|Stuttgart Nürnberger Str.|Stuttgart-Bad Cannstatt|Stuttgart Hbf (tief)|Stuttgart Stadtmitte,8006699,Stuttgart Feuersee,Baden-Württemberg,Stuttgart,70176,9.165850846,48.7726173,3,2601031259,,2601031300,,,,,,,,,,,1.0,1.0
3410717060998267101-2601031216-13,7132,2601031251,2601031252,2,,S,S1,Herrenberg|Nufringen|Gärtringen|Ehningen(b Böblingen)|Hulb|Böblingen|Goldberg(Württ)|Stuttgart-Rohr|Stuttgart-Vaihingen|Stuttgart-Österfeld|Stuttgart Universität|Stuttgart Schwabstr.,8006699,Stuttgart Feuersee,Baden-Württemberg,Stuttgart,70176,9.165850846,48.7726173,3,2601031301,,2601031302,,,,,,,,,,,10.0,10.0
-9175607757521953856-2601031257-2,7936,2601031259,2601031259,2,,S,S6,Stuttgart Schwabstr.,8006699,Stuttgart Feuersee,Baden-Württemberg,Stuttgart,70176,9.165850846,48.7726173,3,2601031259,,2601031259,,,,,,,,,,,0.0,0.0
-1459044685595923916-2601031252-2,7532,2601031254,2601031254,2,,S,S5,Stuttgart Schwabstr.,8006699,Stuttgart Feuersee,Baden-Württemberg,Stuttgart,70176,9.165850846,48.7726173,3,2601031254,,2601031254,,,,,,,,,,,0.0,0.0
504511267373916834-2601031148-11,7828,2601031216,2601031217,2,,S,S2,Filderstadt|Stuttgart Flughafen/Messe|Echterdingen|Leinfelden|Oberaichen|Stuttgart-Rohr|Stuttgart-Vaihingen|Stuttgart-Österfeld|Stuttgart Universität|Stuttgart Schwabstr.,8006699,Stuttgart Feuersee,Baden-Württemberg,Stuttgart,70176,9.165850846,48.7726173,3,2601031217,,2601031218,,,,,,,,,,,1.0,1.0
5127975581387066276-2601031202-2,7426,2601031204,2601031204,2,,S,S4,Stuttgart Schwabstr.,8006699,Stuttgart Feuersee,Baden-Württemberg,Stuttgart,70176,9.165850846,48.7726173,3,2601031206,,2601031207,,,,,,,,,,,2.0,3.0
3717617338847420907-2601031152-11,28465,2601031221,2601031221,1,,S,S5,Bietigheim-Bissingen|Tamm(Württ)|Asperg|Ludwigsburg|Kornwestheim Pbf|Stuttgart-Zuffenhausen|Stuttgart-Feuerbach|Stuttgart Nordbahnhof|Stuttgart Hbf (tief)|Stuttgart Stadtmitte,8006699,Stuttgart Feuersee,Baden-Württemberg,Stuttgart,70176,9.165850846,48.7726173,3,2601031222,,2601031222,,,,,,,,,,,1.0,1.0
-6341375793071528498-2601031126-14,28323,2601031203,2601031204,1,,S,S3,Backnang|Maubach|Nellmersbach|Winnenden|Schwaikheim|Neustadt-Hohenacker|Waiblingen|Fellbach|Stuttgart-Sommerrain|Stuttgart Nürnberger Str.|Stuttgart-Bad Cannstatt|Stuttgart Hbf (tief)|Stuttgart Stadtmitte,8006699,Stuttgart Feuersee,Baden-Württemberg,Stuttgart,70176,9.165850846,48.7726173,3,2601031204,,2601031204,,,,,,,,,,,1.0,0.0
3131517444573088003-2601031148-16,7927,2601031231,2601031231,1,,S,S6,Weil der Stadt|Malmsheim|Renningen|Rutesheim|Leonberg|Höfingen|Ditzingen|Weilimdorf|Korntal|Neuwirtshaus(Porscheplatz)|Stuttgart-Zuffenhausen|Stuttgart-Feuerbach|Stuttgart Nordbahnhof|Stuttgart Hbf (tief)|Stuttgart Stadtmitte,8006699,Stuttgart Feuersee,Baden-Württemberg,Stuttgart,70176,9.165850846,48.7726173,3,2601031236,,2601031237,,,,,,,,,,,5.0,6.0
1836435062166220832-2601031131-13,7726,2601031206,2601031207,2,,S,S1,Herrenberg|Nufringen|Gärtringen|Ehningen(b Böblingen)|Hulb|Böblingen|Goldberg(Württ)|Stuttgart-Rohr|Stuttgart-Vaihingen|Stuttgart-Österfeld|Stuttgart Universität|Stuttgart Schwabstr.,8006699,Stuttgart Feuersee,Baden-Württemberg,Stuttgart,70176,9.165850846,48.7726173,3,2601031208,,2601031209,,,,,,,,,,,2.0,2.0
5081771628023632994-2601031140-12,28393,2601031211,2601031211,1,,S,S4,Marbach(Neckar)|Benningen(Neckar)|Freiberg(Neckar)|Favoritepark|Ludwigsburg|Kornwestheim Pbf|Stuttgart-Zuffenhausen|Stuttgart-Feuerbach|Stuttgart Nordbahnhof|Stuttgart Hbf (tief)|Stuttgart Stadtmitte,8006699,Stuttgart Feuersee,Baden-Württemberg,Stuttgart,70176,9.165850846,48.7726173,3,,,,,h,1,Störung,,,,,c,c,0.0,0.0
8332536860707671559-2601031207-2,28464,2601031209,2601031209,2,,S,S5,Stuttgart Schwabstr.,8006699,Stuttgart Feuersee,Baden-Württemberg,Stuttgart,70176,9.165850846,48.7726173,3,2601031211,,2601031211,,,,,,,,,,,2.0,2.0
-5040164597006626382-2601031120-17,7129,2601031208,2601031209,1,,S,S1,Kirchheim(Teck)|Kirchheim(Teck)-Ötlingen|Wendlingen(Neckar)|Wernau(Neckar)|Plochingen|Altbach|Esslingen-Zell|Oberesslingen|Esslingen(Neckar)|Esslingen-Mettingen|Stuttgart-Obertürkheim|Stuttgart-Untertürkheim|Stuttgart Neckarpark|Stuttgart-Bad Cannstatt|Stuttgart Hbf (tief)|Stuttgart Stadtmitte,8006699,Stuttgart Feuersee,Baden-Württemberg,Stuttgart,70176,9.165850846,48.7726173,3,2601031209,,2601031209,,,,,,,,,,,1.0,0.0
-2732981563110923380-2601031148-17,7231,2601031228,2601031229,1,,S,S2,Schorndorf|Weiler(Rems)|Winterbach(b Schorndorf)|Geradstetten|Grunbach|Beutelsbach|Endersbach|Stetten-Beinstein|Rommelshausen|Waiblingen|Fellbach|Stuttgart-Sommerrain|Stuttgart Nürnberger Str.|Stuttgart-Bad Cannstatt|Stuttgart Hbf (tief)|Stuttgart Stadtmitte,8006699,Stuttgart Feuersee,Baden-Württemberg,Stuttgart,70176,9.165850846,48.7726173,3,2601031230,,2601031231,,,,,,,,,,,2.0,2.0
4960236751390972026-2601031200-5,7328,2601031211,2601031212,2,,S,S3,Stuttgart-Vaihingen|Stuttgart-Österfeld|Stuttgart Universität|Stuttgart Schwabstr.,8006699,Stuttgart Feuersee,Baden-Württemberg,Stuttgart,70176,9.165850846,48.7726173,3,2601031213,,2601031214,,,,,,,,,,,2.0,2.0
6534681549550626676-2601031217-2,28398,2601031219,2601031219,2,,S,S4,Stuttgart Schwabstr.,8006699,Stuttgart Feuersee,Baden-Württemberg,Stuttgart,70176,9.165850846,48.7726173,3,2601031224,,2601031225,,,,,,,,,,,5.0,6.0
-4520082460048067316-2601031203-17,7827,2601031243,2601031244,1,,S,S2,Schorndorf|Weiler(Rems)|Winterbach(b Schorndorf)|Geradstetten|Grunbach|Beutelsbach|Endersbach|Stetten-Beinstein|Rommelshausen|Waiblingen|Fellbach|Stuttgart-Sommerrain|Stuttgart Nürnberger Str.|Stuttgart-Bad Cannstatt|Stuttgart Hbf (tief)|Stuttgart Stadtmitte,8006699,Stuttgart Feuersee,Baden-Württemberg,Stuttgart,70176,9.165850846,48.7726173,3,2601031245,,2601031245,,,,,,,,,,,2.0,1.0
8851012744564607240-2601031211-14,7331,2601031248,2601031249,1,,S,S3,Backnang|Maubach|Nellmersbach|Winnenden|Schwaikheim|Neustadt-Hohenacker|Waiblingen|Fellbach|Stuttgart-Sommerrain|Stuttgart Nürnberger Str.|Stuttgart-Bad Cannstatt|Stuttgart Hbf (tief)|Stuttgart Stadtmitte,8006699,Stuttgart Feuersee,Baden-Württemberg,Stuttgart,70176,9.165850846,48.7726173,3,2601031249,,2601031249,,,,,,,,,,,1.0,0.0
-3504815606642380245-2601031222-11,28467,2601031251,2601031251,1,,S,S5,Bietigheim-Bissingen|Tamm(Württ)|Asperg|Ludwigsburg|Kornwestheim Pbf|Stuttgart-Zuffenhausen|Stuttgart-Feuerbach|Stuttgart Nordbahnhof|Stuttgart Hbf (tief)|Stuttgart Stadtmitte,8006699,Stuttgart Feuersee,Baden-Württemberg,Stuttgart,70176,9.165850846,48.7726173,3,2601031251,,2601031251,,,,,,,,,,,0.0,0.0
7271107614461082752-2601031137-11,7529,2601031206,2601031206,1,,S,S5,Bietigheim-Bissingen|Tamm(Württ)|Asperg|Ludwigsburg|Kornwestheim Pbf|Stuttgart-Zuffenhausen|Stuttgart-Feuerbach|Stuttgart Nordbahnhof|Stuttgart Hbf (tief)|Stuttgart Stadtmitte,8006699,Stuttgart Feuersee,Baden-Württemberg,Stuttgart,70176,9.165850846,48.7726173,3,2601031215,,2601031216,,h,1,Störung,,,,,,,9.0,10.0
-5681419952559341398-2601031133-17,7825,2601031213,2601031214,1,,S,S2,Schorndorf|Weiler(Rems)|Winterbach(b Schorndorf)|Geradstetten|Grunbach|Beutelsbach|Endersbach|Stetten-Beinstein|Rommelshausen|Waiblingen|Fellbach|Stuttgart-Sommerrain|Stuttgart Nürnberger Str.|Stuttgart-Bad Cannstatt|Stuttgart Hbf (tief)|Stuttgart Stadtmitte,8006699,Stuttgart Feuersee,Baden-Württemberg,Stuttgart,70176,9.165850846,48.7726173,3,2601031213,,2601031214,,,,,,,,,,,0.0,0.0
-661438075088023210-2601031242-2,7630,2601031244,2601031244,2,,S,S6,Stuttgart Schwabstr.,8006699,Stuttgart Feuersee,Baden-Württemberg,Stuttgart,70176,9.165850846,48.7726173,3,2601031247,,2601031247,,,,,,,,,,,3.0,3.0
-1667866592525461048-2601031152-13,7731,2601031223,2601031224,1,,S,S1,Plochingen|Altbach|Esslingen-Zell|Oberesslingen|Esslingen(Neckar)|Esslingen-Mettingen|Stuttgart-Obertürkheim|Stuttgart-Untertürkheim|Stuttgart Neckarpark|Stuttgart-Bad Cannstatt|Stuttgart Hbf (tief)|Stuttgart Stadtmitte,8006699,Stuttgart Feuersee,Baden-Württemberg,Stuttgart,70176,9.165850846,48.7726173,3,2601031224,,2601031225,,,,,,,,,,,1.0,1.0
5028335445624663016-2601031245-5,28328,2601031256,2601031257,2,,S,S3,Stuttgart-Vaihingen|Stuttgart-Österfeld|Stuttgart Universität|Stuttgart Schwabstr.,8006699,Stuttgart Feuersee,Baden-Württemberg,Stuttgart,70176,9.165850846,48.7726173,3,2601031256,,2601031257,,,,,,,,,,,0.0,0.0
-182569074075306425-2601031222-2,7530,2601031224,2601031224,2,,S,S5,Stuttgart Schwabstr.,8006699,Stuttgart Feuersee,Baden-Württemberg,Stuttgart,70176,9.165850846,48.7726173,3,,,,,,,,,,,,c,c,0.0,0.0
5693136962771673302-2601031232-2,7428,2601031234,2601031234,2,,S,S4,Stuttgart Schwabstr.,8006699,Stuttgart Feuersee,Baden-Württemberg,Stuttgart,70176,9.165850846,48.7726173,3,2601031235,,2601031236,,,,,,,,,,,1.0,2.0
-2740283852421142578-2601031218-11,7830,2601031246,2601031247,2,,S,S2,Filderstadt|Stuttgart Flughafen/Messe|Echterdingen|Leinfelden|Oberaichen|Stuttgart-Rohr|Stuttgart-Vaihingen|Stuttgart-Österfeld|Stuttgart Universität|Stuttgart Schwabstr.,8006699,Stuttgart Feuersee,Baden-Württemberg,Stuttgart,70176,9.165850846,48.7726173,3,2601031249,,2601031250,,,,,,,,,,,3.0,3.0
4736637014602700336-2601031150-17,7131,2601031238,2601031239,1,,S,S1,Kirchheim(Teck)|Kirchheim(Teck)-Ötlingen|Wendlingen(Neckar)|Wernau(Neckar)|Plochingen|Altbach|Esslingen-Zell|Oberesslingen|Esslingen(Neckar)|Esslingen-Mettingen|Stuttgart-Obertürkheim|Stuttgart-Untertürkheim|Stuttgart Neckarpark|Stuttgart-Bad Cannstatt|Stuttgart Hbf (tief)|Stuttgart Stadtmitte,8006699,Stuttgart Feuersee,Baden-Württemberg,Stuttgart,70176,9.165850846,48.7726173,3,2601031241,,2601031242,,,,,,,,,,,3.0,3.0
-7035220678398818959-2601031212-2,7628,2601031214,2601031214,2,,S,S6,Stuttgart Schwabstr.,8006699,Stuttgart Feuersee,Baden-Württemberg,Stuttgart,70176,9.165850846,48.7726173,3,2601031220,,2601031220,,,,,,,,,,,6.0,6.0
-3901454027336800522-2601031203-16,7431,2601031256,2601031256,1,,S,S4,Backnang|Burgstall(Murr)|Kirchberg(Murr)|Erdmannhausen|Marbach(Neckar)|Benningen(Neckar)|Freiberg(Neckar)|Favoritepark|Ludwigsburg|Kornwestheim Pbf|Stuttgart-Zuffenhausen|Stuttgart-Feuerbach|Stuttgart Nordbahnhof|Stuttgart Hbf (tief)|Stuttgart Stadtmitte,8006699,Stuttgart Feuersee,Baden-Württemberg,Stuttgart,70176,9.165850846,48.7726173,3,2601031257,,2601031257,,,,,,,,,,,1.0,1.0
6476044054617913836-2601031133-16,7629,2601031216,2601031216,1,,S,S6,Weil der Stadt|Malmsheim|Renningen|Rutesheim|Leonberg|Höfingen|Ditzingen|Weilimdorf|Korntal|Neuwirtshaus(Porscheplatz)|Stuttgart-Zuffenhausen|Stuttgart-Feuerbach|Stuttgart Nordbahnhof|Stuttgart Hbf (tief)|Stuttgart Stadtmitte,8006699,Stuttgart Feuersee,Baden-Württemberg,Stuttgart,70176,9.165850846,48.7726173,3,2601031217,,2601031217,,,,,,,,,,,1.0,1.0
-4649178681507243732-2601031118-16,7925,2601031201,2601031201,1,,S,S6,Weil der Stadt|Malmsheim|Renningen|Rutesheim|Leonberg|Höfingen|Ditzingen|Weilimdorf|Korntal|Neuwirtshaus(Porscheplatz)|Stuttgart-Zuffenhausen|Stuttgart-Feuerbach|Stuttgart Nordbahnhof|Stuttgart Hbf (tief)|Stuttgart Stadtmitte,8006699,Stuttgart Feuersee,Baden-Württemberg,Stuttgart,70176,9.165850846,48.7726173,3,2601031211,,2601031211,,,,,,,,,,,10.0,10.0
-4376819822122462379-2601031133-11,7226,2601031201,2601031202,2,,S,S2,Filderstadt|Stuttgart Flughafen/Messe|Echterdingen|Leinfelden|Oberaichen|Stuttgart-Rohr|Stuttgart-Vaihingen|Stuttgart-Österfeld|Stuttgart Universität|Stuttgart Schwabstr.,8006699,Stuttgart Feuersee,Baden-Württemberg,Stuttgart,70176,9.165850846,48.7726173,3,2601031204,,2601031204,,,,,,,,,,,3.0,2.0
1210820457386322567-2601031257-2,7036,2601031259,2601031259,2,,S,S60,Stuttgart Schwabstr.,8006699,Stuttgart Feuersee,Baden-Württemberg,Stuttgart,70176,9.165850846,48.7726173,3,2601031259,,2601031259,,,,,,,,,,,0.0,0.0
-8375167329740848278-2601031104-20,7025,2601031201,2601031201,1,,S,S60,Böblingen|Sindelfingen|Maichingen|Maichingen Nord|Magstadt|Renningen Süd|Renningen|Rutesheim|Leonberg|Höfingen|Ditzingen|Weilimdorf|Korntal|Neuwirtshaus(Porscheplatz)|Stuttgart-Zuffenhausen|Stuttgart-Feuerbach|Stuttgart Nordbahnhof|Stuttgart Hbf (tief)|Stuttgart Stadtmitte,8006699,Stuttgart Feuersee,Baden-Württemberg,Stuttgart,70176,9.165850846,48.7726173,3,2601031211,,2601031211,,,,,,,,,,,10.0,10.0
-2997586613667252816-2601031134-20,7027,2601031231,2601031231,1,,S,S60,Böblingen|Sindelfingen|Maichingen|Maichingen Nord|Magstadt|Renningen Süd|Renningen|Rutesheim|Leonberg|Höfingen|Ditzingen|Weilimdorf|Korntal|Neuwirtshaus(Porscheplatz)|Stuttgart-Zuffenhausen|Stuttgart-Feuerbach|Stuttgart Nordbahnhof|Stuttgart Hbf (tief)|Stuttgart Stadtmitte,8006699,Stuttgart Feuersee,Baden-Württemberg,Stuttgart,70176,9.165850846,48.7726173,3,2601031236,,2601031237,,,,,,,,,,,5.0,6.0
1899806724872395697-2601031222-13,7733,2601031253,2601031254,1,,S,S1,Plochingen|Altbach|Esslingen-Zell|Oberesslingen|Esslingen(Neckar)|Esslingen-Mettingen|Stuttgart-Obertürkheim|Stuttgart-Untertürkheim|Stuttgart Neckarpark|Stuttgart-Bad Cannstatt|Stuttgart Hbf (tief)|Stuttgart Stadtmitte,8006699,Stuttgart Feuersee,Baden-Württemberg,Stuttgart,70176,9.165850846,48.7726173,3,2601031254,,2601031254,,,,,,,,,,,1.0,0.0
-3955134605586594139-2601031141-14,7329,2601031218,2601031219,1,,S,S3,Backnang|Maubach|Nellmersbach|Winnenden|Schwaikheim|Neustadt-Hohenacker|Waiblingen|Fellbach|Stuttgart-Sommerrain|Stuttgart Nürnberger Str.|Stuttgart-Bad Cannstatt|Stuttgart Hbf (tief)|Stuttgart Stadtmitte,8006699,Stuttgart Feuersee,Baden-Württemberg,Stuttgart,70176,9.165850846,48.7726173,3,2601031219,,2601031219,,,,,,,,,,,1.0,0.0
-7003931357074639826-2601031227-2,7934,2601031229,2601031229,2,,S,S6,Stuttgart Schwabstr.,8006699,Stuttgart Feuersee,Baden-Württemberg,Stuttgart,70176,9.165850846,48.7726173,3,2601031229,,2601031229,,,,,,,,,,,0.0,0.0
3655115014084866226-2601031237-2,28466,2601031239,2601031239,2,,S,S5,Stuttgart Schwabstr.,8006699,Stuttgart Feuersee,Baden-Württemberg,Stuttgart,70176,9.165850846,48.7726173,3,2601031241,,2601031241,,,,,,,,,,,2.0,2.0
-5995002106705392995-2601031247-2,28400,2601031249,2601031249,2,,S,S4,Stuttgart Schwabstr.,8006699,Stuttgart Feuersee,Baden-Württemberg,Stuttgart,70176,9.165850846,48.7726173,3,,,,,,,,,,,,c,c,0.0,0.0
5532078017754681393-2601031215-5,28326,2601031226,2601031227,2,,S,S3,Stuttgart-Vaihingen|Stuttgart-Österfeld|Stuttgart Universität|Stuttgart Schwabstr.,8006699,Stuttgart Feuersee,Baden-Württemberg,Stuttgart,70176,9.165850846,48.7726173,3,2601031226,,2601031227,,,,,,,,,,,0.0,0.0
2930744972942057808-2601031207-11,7531,2601031236,2601031236,1,,S,S5,Bietigheim-Bissingen|Tamm(Württ)|Asperg|Ludwigsburg|Kornwestheim Pbf|Stuttgart-Zuffenhausen|Stuttgart-Feuerbach|Stuttgart Nordbahnhof|Stuttgart Hbf (tief)|Stuttgart Stadtmitte,8006699,Stuttgart Feuersee,Baden-Württemberg,Stuttgart,70176,9.165850846,48.7726173,3,,,,,,,,,,,,c,c,0.0,0.0
2059911478828825113-2601031201-13,7728,2601031236,2601031237,2,,S,S1,Herrenberg|Nufringen|Gärtringen|Ehningen(b Böblingen)|Hulb|Böblingen|Goldberg(Württ)|Stuttgart-Rohr|Stuttgart-Vaihingen|Stuttgart-Österfeld|Stuttgart Universität|Stuttgart Schwabstr.,8006699,Stuttgart Feuersee,Baden-Württemberg,Stuttgart,70176,9.165850846,48.7726173,3,2601031238,,2601031239,,,,,,,,,,,2.0,2.0
-2837347101663805561-2601031133-16,7429,2601031226,2601031226,1,,S,S4,Backnang|Burgstall(Murr)|Kirchberg(Murr)|Erdmannhausen|Marbach(Neckar)|Benningen(Neckar)|Freiberg(Neckar)|Favoritepark|Ludwigsburg|Kornwestheim Pbf|Stuttgart-Zuffenhausen|Stuttgart-Feuerbach|Stuttgart Nordbahnhof|Stuttgart Hbf (tief)|Stuttgart Stadtmitte,8006699,Stuttgart Feuersee,Baden-Württemberg,Stuttgart,70176,9.165850846,48.7726173,3,2601031226,,2601031227,,,,,,,,,,,0.0,1.0
-5759624544289762969-2601031146-13,7130,2601031221,2601031222,2,,S,S1,Herrenberg|Nufringen|Gärtringen|Ehningen(b Böblingen)|Hulb|Böblingen|Goldberg(Württ)|Stuttgart-Rohr|Stuttgart-Vaihingen|Stuttgart-Österfeld|Stuttgart Universität|Stuttgart Schwabstr.,8006699,Stuttgart Feuersee,Baden-Württemberg,Stuttgart,70176,9.165850846,48.7726173,3,2601031222,,2601031223,,,,,,,,,,,1.0,1.0
-83917606962888125-2601031156-14,28325,2601031233,2601031234,1,,S,S3,Backnang|Maubach|Nellmersbach|Winnenden|Schwaikheim|Neustadt-Hohenacker|Waiblingen|Fellbach|Stuttgart-Sommerrain|Stuttgart Nürnberger Str.|Stuttgart-Bad Cannstatt|Stuttgart Hbf (tief)|Stuttgart Stadtmitte,8006699,Stuttgart Feuersee,Baden-Württemberg,Stuttgart,70176,9.165850846,48.7726173,3,2601031233,,2601031234,,,,,,,,,,,0.0,0.0
6168129635936742431-2601031203-11,7228,2601031231,2601031232,2,,S,S2,Filderstadt|Stuttgart Flughafen/Messe|Echterdingen|Leinfelden|Oberaichen|Stuttgart-Rohr|Stuttgart-Vaihingen|Stuttgart-Österfeld|Stuttgart Universität|Stuttgart Schwabstr.,8006699,Stuttgart Feuersee,Baden-Württemberg,Stuttgart,70176,9.165850846,48.7726173,3,2601031233,,2601031233,,,,,,,,,,,2.0,1.0
7206179278625566012-2601031230-5,7330,2601031241,2601031242,2,,S,S3,Stuttgart-Vaihingen|Stuttgart-Österfeld|Stuttgart Universität|Stuttgart Schwabstr.,8006699,Stuttgart Feuersee,Baden-Württemberg,Stuttgart,70176,9.165850846,48.7726173,3,2601031243,,2601031244,,,,,,,,,,,2.0,2.0
8207272767207255575-2601031203-16,7631,2601031246,2601031246,1,,S,S6,Weil der Stadt|Malmsheim|Renningen|Rutesheim|Leonberg|Höfingen|Ditzingen|Weilimdorf|Korntal|Neuwirtshaus(Porscheplatz)|Stuttgart-Zuffenhausen|Stuttgart-Feuerbach|Stuttgart Nordbahnhof|Stuttgart Hbf (tief)|Stuttgart Stadtmitte,8006699,Stuttgart Feuersee,Baden-Württemberg,Stuttgart,70176,9.165850846,48.7726173,3,2601031247,,2601031247,,,,,,,,,,,1.0,1.0
9194663872562058086-2601031227-2,7034,2601031229,2601031229,2,,S,S60,Stuttgart Schwabstr.,8006699,Stuttgart Feuersee,Baden-Württemberg,Stuttgart,70176,9.165850846,48.7726173,3,2601031229,,2601031229,,,,,,,,,,,0.0,0.0
1836435062166220832-2601031131-19,7726,2601031222,2601031222,6,,S,S1,Herrenberg|Nufringen|Gärtringen|Ehningen(b Böblingen)|Hulb|Böblingen|Goldberg(Württ)|Stuttgart-Rohr|Stuttgart-Vaihingen|Stuttgart-Österfeld|Stuttgart Universität|Stuttgart Schwabstr.|Stuttgart Feuersee|Stuttgart Stadtmitte|Stuttgart Hbf (tief)|Stuttgart-Bad Cannstatt|Stuttgart Neckarpark|Stuttgart-Untertürkheim,8005772,Stuttgart-Obertürkheim,Baden-Württemberg,Stuttgart,70329,9.268167932,48.76175015,4,2601031224,,2601031224,,,,,,,,,,,2.0,2.0
-1667866592525461048-2601031152-7,7731,2601031207,2601031207,5,,S,S1,Plochingen|Altbach|Esslingen-Zell|Oberesslingen|Esslingen(Neckar)|Esslingen-Mettingen,8005772,Stuttgart-Obertürkheim,Baden-Württemberg,Stuttgart,70329,9.268167932,48.76175015,4,2601031207,,2601031207,,,,,,,,,,,0.0,0.0
-6319936848544854600-2601031220-11,7133,2601031252,2601031252,5,,S,S1,Kirchheim(Teck)|Kirchheim(Teck)-Ötlingen|Wendlingen(Neckar)|Wernau(Neckar)|Plochingen|Altbach|Esslingen-Zell|Oberesslingen|Esslingen(Neckar)|Esslingen-Mettingen,8005772,Stuttgart-Obertürkheim,Baden-Württemberg,Stuttgart,70329,9.268167932,48.76175015,4,2601031254,,2601031254,,,,,,,,,,,2.0,2.0
3158900998064725317-2601031116-19,7128,2601031207,2601031207,6,,S,S1,Herrenberg|Nufringen|Gärtringen|Ehningen(b Böblingen)|Hulb|Böblingen|Goldberg(Württ)|Stuttgart-Rohr|Stuttgart-Vaihingen|Stuttgart-Österfeld|Stuttgart Universität|Stuttgart Schwabstr.|Stuttgart Feuersee|Stuttgart Stadtmitte|Stuttgart Hbf (tief)|Stuttgart-Bad Cannstatt|Stuttgart Neckarpark|Stuttgart-Untertürkheim,8005772,Stuttgart-Obertürkheim,Baden-Württemberg,Stuttgart,70329,9.268167932,48.76175015,4,2601031209,,2601031209,,,,,,,,,,,2.0,2.0
4736637014602700336-2601031150-11,7131,2601031222,2601031222,5,,S,S1,Kirchheim(Teck)|Kirchheim(Teck)-Ötlingen|Wendlingen(Neckar)|Wernau(Neckar)|Plochingen|Altbach|Esslingen-Zell|Oberesslingen|Esslingen(Neckar)|Esslingen-Mettingen,8005772,Stuttgart-Obertürkheim,Baden-Württemberg,Stuttgart,70329,9.268167932,48.76175015,4,2601031222,,2601031222,,,,,,,,,,,0.0,0.0
1899806724872395697-2601031222-7,7733,2601031237,2601031237,5,,S,S1,Plochingen|Altbach|Esslingen-Zell|Oberesslingen|Esslingen(Neckar)|Esslingen-Mettingen,8005772,Stuttgart-Obertürkheim,Baden-Württemberg,Stuttgart,70329,9.268167932,48.76175015,4,2601031238,,2601031238,,,,,,,,,,,1.0,1.0
2059911478828825113-2601031201-19,7728,2601031252,2601031252,6,,S,S1,Herrenberg|Nufringen|Gärtringen|Ehningen(b Böblingen)|Hulb|Böblingen|Goldberg(Württ)|Stuttgart-Rohr|Stuttgart-Vaihingen|Stuttgart-Österfeld|Stuttgart Universität|Stuttgart Schwabstr.|Stuttgart Feuersee|Stuttgart Stadtmitte|Stuttgart Hbf (tief)|Stuttgart-Bad Cannstatt|Stuttgart Neckarpark|Stuttgart-Untertürkheim,8005772,Stuttgart-Obertürkheim,Baden-Württemberg,Stuttgart,70329,9.268167932,48.76175015,4,2601031254,,2601031254,,,,,,,,,,,2.0,2.0
-5759624544289762969-2601031146-19,7130,2601031237,2601031237,6,,S,S1,Herrenberg|Nufringen|Gärtringen|Ehningen(b Böblingen)|Hulb|Böblingen|Goldberg(Württ)|Stuttgart-Rohr|Stuttgart-Vaihingen|Stuttgart-Österfeld|Stuttgart Universität|Stuttgart Schwabstr.|Stuttgart Feuersee|Stuttgart Stadtmitte|Stuttgart Hbf (tief)|Stuttgart-Bad Cannstatt|Stuttgart Neckarpark|Stuttgart-Untertürkheim,8005772,Stuttgart-Obertürkheim,Baden-Württemberg,Stuttgart,70329,9.268167932,48.76175015,4,2601031237,,2601031237,,,,,,,,,,,0.0,0.0
3410717060998267101-2601031216-8,7132,2601031237,2601031238,3,,S,S1,Herrenberg|Nufringen|Gärtringen|Ehningen(b Böblingen)|Hulb|Böblingen|Goldberg(Württ),8005773,Stuttgart-Rohr,Baden-Württemberg,Stuttgart,70565,9.108158025,48.71799427,4,2601031246,,2601031247,,,,,,,,,,,9.0,9.0
504511267373916834-2601031148-6,7828,2601031202,2601031203,3,,S,S2,Filderstadt|Stuttgart Flughafen/Messe|Echterdingen|Leinfelden|Oberaichen,8005773,Stuttgart-Rohr,Baden-Württemberg,Stuttgart,70565,9.108158025,48.71799427,4,2601031203,,2601031203,,,,,,,,,,,1.0,0.0
6037380939760231204-2601031233-6,7230,2601031247,2601031248,3,,S,S2,Filderstadt|Stuttgart Flughafen/Messe|Echterdingen|Leinfelden|Oberaichen,8005773,Stuttgart-Rohr,Baden-Württemberg,Stuttgart,70565,9.108158025,48.71799427,4,2601031249,,2601031251,,,,,,,,,,,2.0,3.0
41668567353075799-2601031231-8,7730,2601031252,2601031253,3,,S,S1,Herrenberg|Nufringen|Gärtringen|Ehningen(b Böblingen)|Hulb|Böblingen|Goldberg(Württ),8005773,Stuttgart-Rohr,Baden-Württemberg,Stuttgart,70565,9.108158025,48.71799427,4,2601031254,,2601031256,,,,,,,,,,,2.0,3.0
-5040164597006626382-2601031120-22,7129,2601031221,2601031222,2,,S,S1,Kirchheim(Teck)|Kirchheim(Teck)-Ötlingen|Wendlingen(Neckar)|Wernau(Neckar)|Plochingen|Altbach|Esslingen-Zell|Oberesslingen|Esslingen(Neckar)|Esslingen-Mettingen|Stuttgart-Obertürkheim|Stuttgart-Untertürkheim|Stuttgart Neckarpark|Stuttgart-Bad Cannstatt|Stuttgart Hbf (tief)|Stuttgart Stadtmitte|Stuttgart Feuersee|Stuttgart Schwabstr.|Stuttgart Universität|Stuttgart-Österfeld|Stuttgart-Vaihingen,8005773,Stuttgart-Rohr,Baden-Württemberg,Stuttgart,70565,9.108158025,48.71799427,4,2601031223,,2601031224,,,,,,,,,,,2.0,2.0
-2732981563110923380-2601031148-22,7231,2601031241,2601031242,2,,S,S2,Schorndorf|Weiler(Rems)|Winterbach(b Schorndorf)|Geradstetten|Grunbach|Beutelsbach|Endersbach|Stetten-Beinstein|Rommelshausen|Waiblingen|Fellbach|Stuttgart-Sommerrain|Stuttgart Nürnberger Str.|Stuttgart-Bad Cannstatt|Stuttgart Hbf (tief)|Stuttgart Stadtmitte|Stuttgart Feuersee|Stuttgart Schwabstr.|Stuttgart Universität|Stuttgart-Österfeld|Stuttgart-Vaihingen,8005773,Stuttgart-Rohr,Baden-Württemberg,Stuttgart,70565,9.108158025,48.71799427,4,2601031243,,2601031243,,,,,,,,,,,2.0,1.0
-4197374811050490820-2601031122-18,7729,2601031206,2601031207,2,,S,S1,Plochingen|Altbach|Esslingen-Zell|Oberesslingen|Esslingen(Neckar)|Esslingen-Mettingen|Stuttgart-Obertürkheim|Stuttgart-Untertürkheim|Stuttgart Neckarpark|Stuttgart-Bad Cannstatt|Stuttgart Hbf (tief)|Stuttgart Stadtmitte|Stuttgart Feuersee|Stuttgart Schwabstr.|Stuttgart Universität|Stuttgart-Österfeld|Stuttgart-Vaihingen,8005773,Stuttgart-Rohr,Baden-Württemberg,Stuttgart,70565,9.108158025,48.71799427,4,2601031206,,2601031207,,,,,,,,,,,0.0,0.0
-4520082460048067316-2601031203-22,7827,2601031256,2601031257,2,,S,S2,Schorndorf|Weiler(Rems)|Winterbach(b Schorndorf)|Geradstetten|Grunbach|Beutelsbach|Endersbach|Stetten-Beinstein|Rommelshausen|Waiblingen|Fellbach|Stuttgart-Sommerrain|Stuttgart Nürnberger Str.|Stuttgart-Bad Cannstatt|Stuttgart Hbf (tief)|Stuttgart Stadtmitte|Stuttgart Feuersee|Stuttgart Schwabstr.|Stuttgart Universität|Stuttgart-Österfeld|Stuttgart-Vaihingen,8005773,Stuttgart-Rohr,Baden-Württemberg,Stuttgart,70565,9.108158025,48.71799427,4,2601031258,,2601031258,,,,,,,,,,,2.0,1.0
-5681419952559341398-2601031133-22,7825,2601031226,2601031227,2,,S,S2,Schorndorf|Weiler(Rems)|Winterbach(b Schorndorf)|Geradstetten|Grunbach|Beutelsbach|Endersbach|Stetten-Beinstein|Rommelshausen|Waiblingen|Fellbach|Stuttgart-Sommerrain|Stuttgart Nürnberger Str.|Stuttgart-Bad Cannstatt|Stuttgart Hbf (tief)|Stuttgart Stadtmitte|Stuttgart Feuersee|Stuttgart Schwabstr.|Stuttgart Universität|Stuttgart-Österfeld|Stuttgart-Vaihingen,8005773,Stuttgart-Rohr,Baden-Württemberg,Stuttgart,70565,9.108158025,48.71799427,4,2601031227,,2601031228,,,,,,,,,,,1.0,1.0
-1667866592525461048-2601031152-18,7731,2601031236,2601031237,2,,S,S1,Plochingen|Altbach|Esslingen-Zell|Oberesslingen|Esslingen(Neckar)|Esslingen-Mettingen|Stuttgart-Obertürkheim|Stuttgart-Untertürkheim|Stuttgart Neckarpark|Stuttgart-Bad Cannstatt|Stuttgart Hbf (tief)|Stuttgart Stadtmitte|Stuttgart Feuersee|Stuttgart Schwabstr.|Stuttgart Universität|Stuttgart-Österfeld|Stuttgart-Vaihingen,8005773,Stuttgart-Rohr,Baden-Württemberg,Stuttgart,70565,9.108158025,48.71799427,4,2601031236,,2601031237,,,,,,,,,,,0.0,0.0
-7250951253539911335-2601031118-22,7229,2601031211,2601031212,2,,S,S2,Schorndorf|Weiler(Rems)|Winterbach(b Schorndorf)|Geradstetten|Grunbach|Beutelsbach|Endersbach|Stetten-Beinstein|Rommelshausen|Waiblingen|Fellbach|Stuttgart-Sommerrain|Stuttgart Nürnberger Str.|Stuttgart-Bad Cannstatt|Stuttgart Hbf (tief)|Stuttgart Stadtmitte|Stuttgart Feuersee|Stuttgart Schwabstr.|Stuttgart Universität|Stuttgart-Österfeld|Stuttgart-Vaihingen,8005773,Stuttgart-Rohr,Baden-Württemberg,Stuttgart,70565,9.108158025,48.71799427,4,2601031216,,2601031216,,,,,,,,,,,5.0,4.0
-2740283852421142578-2601031218-6,7830,2601031232,2601031233,3,,S,S2,Filderstadt|Stuttgart Flughafen/Messe|Echterdingen|Leinfelden|Oberaichen,8005773,Stuttgart-Rohr,Baden-Württemberg,Stuttgart,70565,9.108158025,48.71799427,4,2601031232,,2601031233,,,,,,,,,,,0.0,0.0
4736637014602700336-2601031150-22,7131,2601031251,2601031252,2,,S,S1,Kirchheim(Teck)|Kirchheim(Teck)-Ötlingen|Wendlingen(Neckar)|Wernau(Neckar)|Plochingen|Altbach|Esslingen-Zell|Oberesslingen|Esslingen(Neckar)|Esslingen-Mettingen|Stuttgart-Obertürkheim|Stuttgart-Untertürkheim|Stuttgart Neckarpark|Stuttgart-Bad Cannstatt|Stuttgart Hbf (tief)|Stuttgart Stadtmitte|Stuttgart Feuersee|Stuttgart Schwabstr.|Stuttgart Universität|Stuttgart-Österfeld|Stuttgart-Vaihingen,8005773,Stuttgart-Rohr,Baden-Württemberg,Stuttgart,70565,9.108158025,48.71799427,4,2601031254,,2601031254,,,,,,,,,,,3.0,2.0
2059911478828825113-2601031201-8,7728,2601031222,2601031223,3,,S,S1,Herrenberg|Nufringen|Gärtringen|Ehningen(b Böblingen)|Hulb|Böblingen|Goldberg(Württ),8005773,Stuttgart-Rohr,Baden-Württemberg,Stuttgart,70565,9.108158025,48.71799427,4,2601031225,,2601031226,,,,,,,,,,,3.0,3.0
-5759624544289762969-2601031146-8,7130,2601031207,2601031208,3,,S,S1,Herrenberg|Nufringen|Gärtringen|Ehningen(b Böblingen)|Hulb|Böblingen|Goldberg(Württ),8005773,Stuttgart-Rohr,Baden-Württemberg,Stuttgart,70565,9.108158025,48.71799427,4,2601031209,,2601031209,,,,,,,,,,,2.0,1.0
6168129635936742431-2601031203-6,7228,2601031217,2601031218,3,,S,S2,Filderstadt|Stuttgart Flughafen/Messe|Echterdingen|Leinfelden|Oberaichen,8005773,Stuttgart-Rohr,Baden-Württemberg,Stuttgart,70565,9.108158025,48.71799427,4,2601031217,,2601031218,,,,,,,,,,,0.0,0.0
-4501469853120362621-2601031210-13,28395,2601031243,,1,,S,,Marbach(Neckar)|Benningen(Neckar)|Freiberg(Neckar)|Favoritepark|Ludwigsburg|Kornwestheim Pbf|Stuttgart-Zuffenhausen|Stuttgart-Feuerbach|Stuttgart Nordbahnhof|Stuttgart Hbf (tief)|Stuttgart Stadtmitte|Stuttgart Feuersee,8006698,Stuttgart Schwabstraße,Baden-Württemberg,Stuttgart,70197,9.156496717,48.77013954,3,2601031245,,,,,,,,,,,,,2.0,0.0
3410717060998267101-2601031216-12,7132,2601031250,2601031250,2,,S,S1,Herrenberg|Nufringen|Gärtringen|Ehningen(b Böblingen)|Hulb|Böblingen|Goldberg(Württ)|Stuttgart-Rohr|Stuttgart-Vaihingen|Stuttgart-Österfeld|Stuttgart Universität,8006698,Stuttgart Schwabstraße,Baden-Württemberg,Stuttgart,70197,9.156496717,48.77013954,3,2601031259,,2601031300,,,,,,,,,,,9.0,10.0
-9175607757521953856-2601031257-1,7936,,2601031257,,,S,S6,,8006698,Stuttgart Schwabstraße,Baden-Württemberg,Stuttgart,70197,9.156496717,48.77013954,3,,,2601031258,,,,,,,,,,,0.0,1.0
-1459044685595923916-2601031252-1,7532,,2601031252,,,S,S5,,8006698,Stuttgart Schwabstraße,Baden-Württemberg,Stuttgart,70197,9.156496717,48.77013954,3,,,2601031252,,,,,,,,,,,0.0,0.0
504511267373916834-2601031148-10,7828,2601031215,2601031215,2,,S,S2,Filderstadt|Stuttgart Flughafen/Messe|Echterdingen|Leinfelden|Oberaichen|Stuttgart-Rohr|Stuttgart-Vaihingen|Stuttgart-Österfeld|Stuttgart Universität,8006698,Stuttgart Schwabstraße,Baden-Württemberg,Stuttgart,70197,9.156496717,48.77013954,3,2601031215,,2601031216,,,,,,,,,,,0.0,1.0
5127975581387066276-2601031202-1,7426,,2601031202,,,S,S4,,8006698,Stuttgart Schwabstraße,Baden-Württemberg,Stuttgart,70197,9.156496717,48.77013954,3,,,2601031205,,,,,,,,,,,0.0,3.0
3717617338847420907-2601031152-12,28465,2601031223,,1,,S,,Bietigheim-Bissingen|Tamm(Württ)|Asperg|Ludwigsburg|Kornwestheim Pbf|Stuttgart-Zuffenhausen|Stuttgart-Feuerbach|Stuttgart Nordbahnhof|Stuttgart Hbf (tief)|Stuttgart Stadtmitte|Stuttgart Feuersee,8006698,Stuttgart Schwabstraße,Baden-Württemberg,Stuttgart,70197,9.156496717,48.77013954,3,2601031224,,,,,,,,,,,,,1.0,0.0
-6341375793071528498-2601031126-15,28323,2601031205,2601031205,1,,S,S3,Backnang|Maubach|Nellmersbach|Winnenden|Schwaikheim|Neustadt-Hohenacker|Waiblingen|Fellbach|Stuttgart-Sommerrain|Stuttgart Nürnberger Str.|Stuttgart-Bad Cannstatt|Stuttgart Hbf (tief)|Stuttgart Stadtmitte|Stuttgart Feuersee,8006698,Stuttgart Schwabstraße,Baden-Württemberg,Stuttgart,70197,9.156496717,48.77013954,3,2601031205,,2601031206,,,,,,,,,,,0.0,1.0
3131517444573088003-2601031148-17,7927,2601031233,,1,,S,,Weil der Stadt|Malmsheim|Renningen|Rutesheim|Leonberg|Höfingen|Ditzingen|Weilimdorf|Korntal|Neuwirtshaus(Porscheplatz)|Stuttgart-Zuffenhausen|Stuttgart-Feuerbach|Stuttgart Nordbahnhof|Stuttgart Hbf (tief)|Stuttgart Stadtmitte|Stuttgart Feuersee,8006698,Stuttgart Schwabstraße,Baden-Württemberg,Stuttgart,70197,9.156496717,48.77013954,3,2601031238,,,,,,,,,,,,,5.0,0.0
1836435062166220832-2601031131-12,7726,2601031205,2601031205,2,,S,S1,Herrenberg|Nufringen|Gärtringen|Ehningen(b Böblingen)|Hulb|Böblingen|Goldberg(Württ)|Stuttgart-Rohr|Stuttgart-Vaihingen|Stuttgart-Österfeld|Stuttgart Universität,8006698,Stuttgart Schwabstraße,Baden-Württemberg,Stuttgart,70197,9.156496717,48.77013954,3,2601031207,,2601031207,,,,,,,,,,,2.0,2.0
5081771628023632994-2601031140-13,28393,2601031213,,1,,S,,Marbach(Neckar)|Benningen(Neckar)|Freiberg(Neckar)|Favoritepark|Ludwigsburg|Kornwestheim Pbf|Stuttgart-Zuffenhausen|Stuttgart-Feuerbach|Stuttgart Nordbahnhof|Stuttgart Hbf (tief)|Stuttgart Stadtmitte|Stuttgart Feuersee,8006698,Stuttgart Schwabstraße,Baden-Württemberg,Stuttgart,70197,9.156496717,48.77013954,3,,,,,h,1,Störung,,,,,c,,0.0,0.0
8332536860707671559-2601031207-1,28464,,2601031207,,,S,S5,,8006698,Stuttgart Schwabstraße,Baden-Württemberg,Stuttgart,70197,9.156496717,48.77013954,3,,,2601031210,,,,,,,,,,,0.0,3.0
-5040164597006626382-2601031120-18,7129,2601031210,2601031210,1,,S,S1,Kirchheim(Teck)|Kirchheim(Teck)-Ötlingen|Wendlingen(Neckar)|Wernau(Neckar)|Plochingen|Altbach|Esslingen-Zell|Oberesslingen|Esslingen(Neckar)|Esslingen-Mettingen|Stuttgart-Obertürkheim|Stuttgart-Untertürkheim|Stuttgart Neckarpark|Stuttgart-Bad Cannstatt|Stuttgart Hbf (tief)|Stuttgart Stadtmitte|Stuttgart Feuersee,8006698,Stuttgart Schwabstraße,Baden-Württemberg,Stuttgart,70197,9.156496717,48.77013954,3,2601031210,,2601031211,,,,,,,,,,,0.0,1.0
-2732981563110923380-2601031148-18,7231,2601031230,2601031230,1,,S,S2,Schorndorf|Weiler(Rems)|Winterbach(b Schorndorf)|Geradstetten|Grunbach|Beutelsbach|Endersbach|Stetten-Beinstein|Rommelshausen|Waiblingen|Fellbach|Stuttgart-Sommerrain|Stuttgart Nürnberger Str.|Stuttgart-Bad Cannstatt|Stuttgart Hbf (tief)|Stuttgart Stadtmitte|Stuttgart Feuersee,8006698,Stuttgart Schwabstraße,Baden-Württemberg,Stuttgart,70197,9.156496717,48.77013954,3,2601031232,,2601031233,,,,,,,,,,,2.0,3.0
4960236751390972026-2601031200-4,7328,2601031210,2601031210,2,,S,S3,Stuttgart-Vaihingen|Stuttgart-Österfeld|Stuttgart Universität,8006698,Stuttgart Schwabstraße,Baden-Württemberg,Stuttgart,70197,9.156496717,48.77013954,3,2601031211,,2601031212,,,,,,,,,,,1.0,2.0
6534681549550626676-2601031217-1,28398,,2601031217,,,S,S4,,8006698,Stuttgart Schwabstraße,Baden-Württemberg,Stuttgart,70197,9.156496717,48.77013954,3,,,2601031223,,,,,,,,,,,0.0,6.0
-4520082460048067316-2601031203-18,7827,2601031245,2601031245,1,,S,S2,Schorndorf|Weiler(Rems)|Winterbach(b Schorndorf)|Geradstetten|Grunbach|Beutelsbach|Endersbach|Stetten-Beinstein|Rommelshausen|Waiblingen|Fellbach|Stuttgart-Sommerrain|Stuttgart Nürnberger Str.|Stuttgart-Bad Cannstatt|Stuttgart Hbf (tief)|Stuttgart Stadtmitte|Stuttgart Feuersee,8006698,Stuttgart Schwabstraße,Baden-Württemberg,Stuttgart,70197,9.156496717,48.77013954,3,2601031247,,2601031247,,,,,,,,,,,2.0,2.0
8851012744564607240-2601031211-15,7331,2601031250,2601031250,1,,S,S3,Backnang|Maubach|Nellmersbach|Winnenden|Schwaikheim|Neustadt-Hohenacker|Waiblingen|Fellbach|Stuttgart-Sommerrain|Stuttgart Nürnberger Str.|Stuttgart-Bad Cannstatt|Stuttgart Hbf (tief)|Stuttgart Stadtmitte|Stuttgart Feuersee,8006698,Stuttgart Schwabstraße,Baden-Württemberg,Stuttgart,70197,9.156496717,48.77013954,3,2601031251,,2601031251,,,,,,,,,,,1.0,1.0
-3504815606642380245-2601031222-12,28467,2601031253,,1,,S,,Bietigheim-Bissingen|Tamm(Württ)|Asperg|Ludwigsburg|Kornwestheim Pbf|Stuttgart-Zuffenhausen|Stuttgart-Feuerbach|Stuttgart Nordbahnhof|Stuttgart Hbf (tief)|Stuttgart Stadtmitte|Stuttgart Feuersee,8006698,Stuttgart Schwabstraße,Baden-Württemberg,Stuttgart,70197,9.156496717,48.77013954,3,2601031253,,,,,,,,,,,,,0.0,0.0
7271107614461082752-2601031137-12,7529,2601031208,,1,,S,,Bietigheim-Bissingen|Tamm(Württ)|Asperg|Ludwigsburg|Kornwestheim Pbf|Stuttgart-Zuffenhausen|Stuttgart-Feuerbach|Stuttgart Nordbahnhof|Stuttgart Hbf (tief)|Stuttgart Stadtmitte|Stuttgart Feuersee,8006698,Stuttgart Schwabstraße,Baden-Württemberg,Stuttgart,70197,9.156496717,48.77013954,3,2601031217,,,,h,1,Störung,,,,,,,9.0,0.0
-5681419952559341398-2601031133-18,7825,2601031215,2601031215,1,,S,S2,Schorndorf|Weiler(Rems)|Winterbach(b Schorndorf)|Geradstetten|Grunbach|Beutelsbach|Endersbach|Stetten-Beinstein|Rommelshausen|Waiblingen|Fellbach|Stuttgart-Sommerrain|Stuttgart Nürnberger Str.|Stuttgart-Bad Cannstatt|Stuttgart Hbf (tief)|Stuttgart Stadtmitte|Stuttgart Feuersee,8006698,Stuttgart Schwabstraße,Baden-Württemberg,Stuttgart,70197,9.156496717,48.77013954,3,2601031215,,2601031216,,,,,,,,,,,0.0,1.0
-661438075088023210-2601031242-1,7630,,2601031242,,,S,S6,,8006698,Stuttgart Schwabstraße,Baden-Württemberg,Stuttgart,70197,9.156496717,48.77013954,3,,,2601031246,,,,,,,,,,,0.0,4.0
-1667866592525461048-2601031152-14,7731,2601031225,2601031225,1,,S,S1,Plochingen|Altbach|Esslingen-Zell|Oberesslingen|Esslingen(Neckar)|Esslingen-Mettingen|Stuttgart-Obertürkheim|Stuttgart-Untertürkheim|Stuttgart Neckarpark|Stuttgart-Bad Cannstatt|Stuttgart Hbf (tief)|Stuttgart Stadtmitte|Stuttgart Feuersee,8006698,Stuttgart Schwabstraße,Baden-Württemberg,Stuttgart,70197,9.156496717,48.77013954,3,2601031226,,2601031226,,,,,,,,,,,1.0,1.0
5028335445624663016-2601031245-4,28328,2601031255,2601031255,2,,S,S3,Stuttgart-Vaihingen|Stuttgart-Österfeld|Stuttgart Universität,8006698,Stuttgart Schwabstraße,Baden-Württemberg,Stuttgart,70197,9.156496717,48.77013954,3,2601031255,,2601031255,,,,,,,,,,,0.0,0.0
-7250951253539911335-2601031118-18,7229,2601031200,2601031200,1,,S,S2,Schorndorf|Weiler(Rems)|Winterbach(b Schorndorf)|Geradstetten|Grunbach|Beutelsbach|Endersbach|Stetten-Beinstein|Rommelshausen|Waiblingen|Fellbach|Stuttgart-Sommerrain|Stuttgart Nürnberger Str.|Stuttgart-Bad Cannstatt|Stuttgart Hbf (tief)|Stuttgart Stadtmitte|Stuttgart Feuersee,8006698,Stuttgart Schwabstraße,Baden-Württemberg,Stuttgart,70197,9.156496717,48.77013954,3,2601031203,,2601031204,,,,,,,,,,,3.0,4.0
-182569074075306425-2601031222-1,7530,,2601031222,,,S,S5,,8006698,Stuttgart Schwabstraße,Baden-Württemberg,Stuttgart,70197,9.156496717,48.77013954,3,,,,,,,,,,,,,c,0.0,0.0
5693136962771673302-2601031232-1,7428,,2601031232,,,S,S4,,8006698,Stuttgart Schwabstraße,Baden-Württemberg,Stuttgart,70197,9.156496717,48.77013954,3,,,2601031234,,,,,,,,,,,0.0,2.0
-2740283852421142578-2601031218-10,7830,2601031245,2601031245,2,,S,S2,Filderstadt|Stuttgart Flughafen/Messe|Echterdingen|Leinfelden|Oberaichen|Stuttgart-Rohr|Stuttgart-Vaihingen|Stuttgart-Österfeld|Stuttgart Universität,8006698,Stuttgart Schwabstraße,Baden-Württemberg,Stuttgart,70197,9.156496717,48.77013954,3,2601031247,,2601031248,,,,,,,,,,,2.0,3.0
4736637014602700336-2601031150-18,7131,2601031240,2601031240,1,,S,S1,Kirchheim(Teck)|Kirchheim(Teck)-Ötlingen|Wendlingen(Neckar)|Wernau(Neckar)|Plochingen|Altbach|Esslingen-Zell|Oberesslingen|Esslingen(Neckar)|Esslingen-Mettingen|Stuttgart-Obertürkheim|Stuttgart-Untertürkheim|Stuttgart Neckarpark|Stuttgart-Bad Cannstatt|Stuttgart Hbf (tief)|Stuttgart Stadtmitte|Stuttgart Feuersee,8006698,Stuttgart Schwabstraße,Baden-Württemberg,Stuttgart,70197,9.156496717,48.77013954,3,2601031243,,2601031244,,,,,,,,,,,3.0,4.0
-7035220678398818959-2601031212-1,7628,,2601031212,,,S,S6,,8006698,Stuttgart Schwabstraße,Baden-Württemberg,Stuttgart,70197,9.156496717,48.77013954,3,,,2601031218,,,,,,,,,,,0.0,6.0
-3901454027336800522-2601031203-17,7431,2601031258,,1,,S,,Backnang|Burgstall(Murr)|Kirchberg(Murr)|Erdmannhausen|Marbach(Neckar)|Benningen(Neckar)|Freiberg(Neckar)|Favoritepark|Ludwigsburg|Kornwestheim Pbf|Stuttgart-Zuffenhausen|Stuttgart-Feuerbach|Stuttgart Nordbahnhof|Stuttgart Hbf (tief)|Stuttgart Stadtmitte|Stuttgart Feuersee,8006698,Stuttgart Schwabstraße,Baden-Württemberg,Stuttgart,70197,9.156496717,48.77013954,3,2601031258,,,,,,,,,,,,,0.0,0.0
6476044054617913836-2601031133-17,7629,2601031218,,1,,S,,Weil der Stadt|Malmsheim|Renningen|Rutesheim|Leonberg|Höfingen|Ditzingen|Weilimdorf|Korntal|Neuwirtshaus(Porscheplatz)|Stuttgart-Zuffenhausen|Stuttgart-Feuerbach|Stuttgart Nordbahnhof|Stuttgart Hbf (tief)|Stuttgart Stadtmitte|Stuttgart Feuersee,8006698,Stuttgart Schwabstraße,Baden-Württemberg,Stuttgart,70197,9.156496717,48.77013954,3,2601031219,,,,,,,,,,,,,1.0,0.0
-4649178681507243732-2601031118-17,7925,2601031203,,1,,S,,Weil der Stadt|Malmsheim|Renningen|Rutesheim|Leonberg|Höfingen|Ditzingen|Weilimdorf|Korntal|Neuwirtshaus(Porscheplatz)|Stuttgart-Zuffenhausen|Stuttgart-Feuerbach|Stuttgart Nordbahnhof|Stuttgart Hbf (tief)|Stuttgart Stadtmitte|Stuttgart Feuersee,8006698,Stuttgart Schwabstraße,Baden-Württemberg,Stuttgart,70197,9.156496717,48.77013954,3,2601031213,,,,,,,,,,,,,10.0,0.0
-4376819822122462379-2601031133-10,7226,2601031200,2601031200,2,,S,S2,Filderstadt|Stuttgart Flughafen/Messe|Echterdingen|Leinfelden|Oberaichen|Stuttgart-Rohr|Stuttgart-Vaihingen|Stuttgart-Österfeld|Stuttgart Universität,8006698,Stuttgart Schwabstraße,Baden-Württemberg,Stuttgart,70197,9.156496717,48.77013954,3,2601031202,,2601031203,,,,,,,,,,,2.0,3.0
1210820457386322567-2601031257-1,7036,,2601031257,,,S,S60,,8006698,Stuttgart Schwabstraße,Baden-Württemberg,Stuttgart,70197,9.156496717,48.77013954,3,,,2601031258,,,,,,,,,,,0.0,1.0
-8375167329740848278-2601031104-21,7025,2601031203,,1,,S,,Böblingen|Sindelfingen|Maichingen|Maichingen Nord|Magstadt|Renningen Süd|Renningen|Rutesheim|Leonberg|Höfingen|Ditzingen|Weilimdorf|Korntal|Neuwirtshaus(Porscheplatz)|Stuttgart-Zuffenhausen|Stuttgart-Feuerbach|Stuttgart Nordbahnhof|Stuttgart Hbf (tief)|Stuttgart Stadtmitte|Stuttgart Feuersee,8006698,Stuttgart Schwabstraße,Baden-Württemberg,Stuttgart,70197,9.156496717,48.77013954,3,2601031213,,,,,,,,,,,,,10.0,0.0
-2997586613667252816-2601031134-21,7027,2601031233,,1,,S,,Böblingen|Sindelfingen|Maichingen|Maichingen Nord|Magstadt|Renningen Süd|Renningen|Rutesheim|Leonberg|Höfingen|Ditzingen|Weilimdorf|Korntal|Neuwirtshaus(Porscheplatz)|Stuttgart-Zuffenhausen|Stuttgart-Feuerbach|Stuttgart Nordbahnhof|Stuttgart Hbf (tief)|Stuttgart Stadtmitte|Stuttgart Feuersee,8006698,Stuttgart Schwabstraße,Baden-Württemberg,Stuttgart,70197,9.156496717,48.77013954,3,2601031238,,,,,,,,,,,,,5.0,0.0
1899806724872395697-2601031222-14,7733,2601031255,2601031255,1,,S,S1,Plochingen|Altbach|Esslingen-Zell|Oberesslingen|Esslingen(Neckar)|Esslingen-Mettingen|Stuttgart-Obertürkheim|Stuttgart-Untertürkheim|Stuttgart Neckarpark|Stuttgart-Bad Cannstatt|Stuttgart Hbf (tief)|Stuttgart Stadtmitte|Stuttgart Feuersee,8006698,Stuttgart Schwabstraße,Baden-Württemberg,Stuttgart,70197,9.156496717,48.77013954,3,2601031256,,2601031256,,,,,,,,,,,1.0,1.0
-3955134605586594139-2601031141-15,7329,2601031220,2601031220,1,,S,S3,Backnang|Maubach|Nellmersbach|Winnenden|Schwaikheim|Neustadt-Hohenacker|Waiblingen|Fellbach|Stuttgart-Sommerrain|Stuttgart Nürnberger Str.|Stuttgart-Bad Cannstatt|Stuttgart Hbf (tief)|Stuttgart Stadtmitte|Stuttgart Feuersee,8006698,Stuttgart Schwabstraße,Baden-Württemberg,Stuttgart,70197,9.156496717,48.77013954,3,2601031221,,2601031221,,,,,,,,,,,1.0,1.0
-7003931357074639826-2601031227-1,7934,,2601031227,,,S,S6,,8006698,Stuttgart Schwabstraße,Baden-Württemberg,Stuttgart,70197,9.156496717,48.77013954,3,,,2601031228,,,,,,,,,,,0.0,1.0
3655115014084866226-2601031237-1,28466,,2601031237,,,S,S5,,8006698,Stuttgart Schwabstraße,Baden-Württemberg,Stuttgart,70197,9.156496717,48.77013954,3,,,2601031240,,,,,,,,,,,0.0,3.0
-5995002106705392995-2601031247-1,28400,,2601031247,,,S,S4,,8006698,Stuttgart Schwabstraße,Baden-Württemberg,Stuttgart,70197,9.156496717,48.77013954,3,,,,,,,,,,,,,c,0.0,0.0
5532078017754681393-2601031215-4,28326,2601031225,2601031225,2,,S,S3,Stuttgart-Vaihingen|Stuttgart-Österfeld|Stuttgart Universität,8006698,Stuttgart Schwabstraße,Baden-Württemberg,Stuttgart,70197,9.156496717,48.77013954,3,2601031225,,2601031225,,,,,,,,,,,0.0,0.0
2930744972942057808-2601031207-12,7531,2601031238,,1,,S,,Bietigheim-Bissingen|Tamm(Württ)|Asperg|Ludwigsburg|Kornwestheim Pbf|Stuttgart-Zuffenhausen|Stuttgart-Feuerbach|Stuttgart Nordbahnhof|Stuttgart Hbf (tief)|Stuttgart Stadtmitte|Stuttgart Feuersee,8006698,Stuttgart Schwabstraße,Baden-Württemberg,Stuttgart,70197,9.156496717,48.77013954,3,,,,,,,,,,,,c,,0.0,0.0
2059911478828825113-2601031201-12,7728,2601031235,2601031235,2,,S,S1,Herrenberg|Nufringen|Gärtringen|Ehningen(b Böblingen)|Hulb|Böblingen|Goldberg(Württ)|Stuttgart-Rohr|Stuttgart-Vaihingen|Stuttgart-Österfeld|Stuttgart Universität,8006698,Stuttgart Schwabstraße,Baden-Württemberg,Stuttgart,70197,9.156496717,48.77013954,3,2601031236,,2601031237,,,,,,,,,,,1.0,2.0
-2837347101663805561-2601031133-17,7429,2601031228,,1,,S,,Backnang|Burgstall(Murr)|Kirchberg(Murr)|Erdmannhausen|Marbach(Neckar)|Benningen(Neckar)|Freiberg(Neckar)|Favoritepark|Ludwigsburg|Kornwestheim Pbf|Stuttgart-Zuffenhausen|Stuttgart-Feuerbach|Stuttgart Nordbahnhof|Stuttgart Hbf (tief)|Stuttgart Stadtmitte|Stuttgart Feuersee,8006698,Stuttgart Schwabstraße,Baden-Württemberg,Stuttgart,70197,9.156496717,48.77013954,3,2601031228,,,,,,,,,,,,,0.0,0.0
-5759624544289762969-2601031146-12,7130,2601031220,2601031220,2,,S,S1,Herrenberg|Nufringen|Gärtringen|Ehningen(b Böblingen)|Hulb|Böblingen|Goldberg(Württ)|Stuttgart-Rohr|Stuttgart-Vaihingen|Stuttgart-Österfeld|Stuttgart Universität,8006698,Stuttgart Schwabstraße,Baden-Württemberg,Stuttgart,70197,9.156496717,48.77013954,3,2601031220,,2601031221,,,,,,,,,,,0.0,1.0
-83917606962888125-2601031156-15,28325,2601031235,2601031235,1,,S,S3,Backnang|Maubach|Nellmersbach|Winnenden|Schwaikheim|Neustadt-Hohenacker|Waiblingen|Fellbach|Stuttgart-Sommerrain|Stuttgart Nürnberger Str.|Stuttgart-Bad Cannstatt|Stuttgart Hbf (tief)|Stuttgart Stadtmitte|Stuttgart Feuersee,8006698,Stuttgart Schwabstraße,Baden-Württemberg,Stuttgart,70197,9.156496717,48.77013954,3,2601031235,,2601031235,,,,,,,,,,,0.0,0.0
6168129635936742431-2601031203-10,7228,2601031230,2601031230,2,,S,S2,Filderstadt|Stuttgart Flughafen/Messe|Echterdingen|Leinfelden|Oberaichen|Stuttgart-Rohr|Stuttgart-Vaihingen|Stuttgart-Österfeld|Stuttgart Universität,8006698,Stuttgart Schwabstraße,Baden-Württemberg,Stuttgart,70197,9.156496717,48.77013954,3,2601031231,,2601031232,,,,,,,,,,,1.0,2.0
7206179278625566012-2601031230-4,7330,2601031240,2601031240,2,,S,S3,Stuttgart-Vaihingen|Stuttgart-Österfeld|Stuttgart Universität,8006698,Stuttgart Schwabstraße,Baden-Württemberg,Stuttgart,70197,9.156496717,48.77013954,3,2601031241,,2601031242,,,,,,,,,,,1.0,2.0
8207272767207255575-2601031203-17,7631,2601031248,,1,,S,,Weil der Stadt|Malmsheim|Renningen|Rutesheim|Leonberg|Höfingen|Ditzingen|Weilimdorf|Korntal|Neuwirtshaus(Porscheplatz)|Stuttgart-Zuffenhausen|Stuttgart-Feuerbach|Stuttgart Nordbahnhof|Stuttgart Hbf (tief)|Stuttgart Stadtmitte|Stuttgart Feuersee,8006698,Stuttgart Schwabstraße,Baden-Württemberg,Stuttgart,70197,9.156496717,48.77013954,3,2601031249,,,,,,,,,,,,,1.0,0.0
9194663872562058086-2601031227-1,7034,,2601031227,,,S,S60,,8006698,Stuttgart Schwabstraße,Baden-Württemberg,Stuttgart,70197,9.156496717,48.77013954,3,,,2601031228,,,,,,,,,,,0.0,1.0
3177327826888597271-2601031218-12,7233,2601031245,2601031245,1,,S,S2,Schorndorf|Weiler(Rems)|Winterbach(b Schorndorf)|Geradstetten|Grunbach|Beutelsbach|Endersbach|Stetten-Beinstein|Rommelshausen|Waiblingen|Fellbach,8005774,Stuttgart-Sommerrain,Baden-Württemberg,Stuttgart,70374,9.248369749,48.81521824,5,2601031245,,2601031245,,,,,,,,,,,0.0,0.0
-2797726383545175511-2601031226-9,28327,2601031250,2601031250,1,,S,S3,Backnang|Maubach|Nellmersbach|Winnenden|Schwaikheim|Neustadt-Hohenacker|Waiblingen|Fellbach,8005774,Stuttgart-Sommerrain,Baden-Württemberg,Stuttgart,70374,9.248369749,48.81521824,5,2601031250,,2601031250,,,,,,,,,,,0.0,0.0
504511267373916834-2601031148-16,7828,2601031229,2601031229,4,,S,S2,Filderstadt|Stuttgart Flughafen/Messe|Echterdingen|Leinfelden|Oberaichen|Stuttgart-Rohr|Stuttgart-Vaihingen|Stuttgart-Österfeld|Stuttgart Universität|Stuttgart Schwabstr.|Stuttgart Feuersee|Stuttgart Stadtmitte|Stuttgart Hbf (tief)|Stuttgart-Bad Cannstatt|Stuttgart Nürnberger Str.,8005774,Stuttgart-Sommerrain,Baden-Württemberg,Stuttgart,70374,9.248369749,48.81521824,5,2601031230,,2601031230,,,,,,,,,,,1.0,1.0
-2732981563110923380-2601031148-12,7231,2601031215,2601031215,1,,S,S2,Schorndorf|Weiler(Rems)|Winterbach(b Schorndorf)|Geradstetten|Grunbach|Beutelsbach|Endersbach|Stetten-Beinstein|Rommelshausen|Waiblingen|Fellbach,8005774,Stuttgart-Sommerrain,Baden-Württemberg,Stuttgart,70374,9.248369749,48.81521824,5,2601031215,,2601031215,,,,,,,,,,,0.0,0.0
4960236751390972026-2601031200-10,7328,2601031224,2601031224,4,,S,S3,Stuttgart-Vaihingen|Stuttgart-Österfeld|Stuttgart Universität|Stuttgart Schwabstr.|Stuttgart Feuersee|Stuttgart Stadtmitte|Stuttgart Hbf (tief)|Stuttgart-Bad Cannstatt|Stuttgart Nürnberger Str.,8005774,Stuttgart-Sommerrain,Baden-Württemberg,Stuttgart,70374,9.248369749,48.81521824,5,2601031226,,2601031226,,,,,,,,,,,2.0,2.0
-4520082460048067316-2601031203-12,7827,2601031230,2601031230,1,,S,S2,Schorndorf|Weiler(Rems)|Winterbach(b Schorndorf)|Geradstetten|Grunbach|Beutelsbach|Endersbach|Stetten-Beinstein|Rommelshausen|Waiblingen|Fellbach,8005774,Stuttgart-Sommerrain,Baden-Württemberg,Stuttgart,70374,9.248369749,48.81521824,5,2601031230,,2601031230,,,,,,,,,,,0.0,0.0
8851012744564607240-2601031211-9,7331,2601031235,2601031235,1,,S,S3,Backnang|Maubach|Nellmersbach|Winnenden|Schwaikheim|Neustadt-Hohenacker|Waiblingen|Fellbach,8005774,Stuttgart-Sommerrain,Baden-Württemberg,Stuttgart,70374,9.248369749,48.81521824,5,2601031236,,2601031236,,,,,,,,,,,1.0,1.0
-5681419952559341398-2601031133-12,7825,2601031200,2601031200,1,,S,S2,Schorndorf|Weiler(Rems)|Winterbach(b Schorndorf)|Geradstetten|Grunbach|Beutelsbach|Endersbach|Stetten-Beinstein|Rommelshausen|Waiblingen|Fellbach,8005774,Stuttgart-Sommerrain,Baden-Württemberg,Stuttgart,70374,9.248369749,48.81521824,5,2601031200,,2601031201,,,,,,,,,,,0.0,1.0
-2740283852421142578-2601031218-16,7830,2601031259,2601031259,4,,S,S2,Filderstadt|Stuttgart Flughafen/Messe|Echterdingen|Leinfelden|Oberaichen|Stuttgart-Rohr|Stuttgart-Vaihingen|Stuttgart-Österfeld|Stuttgart Universität|Stuttgart Schwabstr.|Stuttgart Feuersee|Stuttgart Stadtmitte|Stuttgart Hbf (tief)|Stuttgart-Bad Cannstatt|Stuttgart Nürnberger Str.,8005774,Stuttgart-Sommerrain,Baden-Württemberg,Stuttgart,70374,9.248369749,48.81521824,5,2601031303,,2601031302,,,,,,,,,,,4.0,3.0
-4376819822122462379-2601031133-16,7226,2601031214,2601031214,4,,S,S2,Filderstadt|Stuttgart Flughafen/Messe|Echterdingen|Leinfelden|Oberaichen|Stuttgart-Rohr|Stuttgart-Vaihingen|Stuttgart-Österfeld|Stuttgart Universität|Stuttgart Schwabstr.|Stuttgart Feuersee|Stuttgart Stadtmitte|Stuttgart Hbf (tief)|Stuttgart-Bad Cannstatt|Stuttgart Nürnberger Str.,8005774,Stuttgart-Sommerrain,Baden-Württemberg,Stuttgart,70374,9.248369749,48.81521824,5,2601031217,,2601031217,,,,,,,,,,,3.0,3.0
-3955134605586594139-2601031141-9,7329,2601031205,2601031205,1,,S,S3,Backnang|Maubach|Nellmersbach|Winnenden|Schwaikheim|Neustadt-Hohenacker|Waiblingen|Fellbach,8005774,Stuttgart-Sommerrain,Baden-Württemberg,Stuttgart,70374,9.248369749,48.81521824,5,2601031205,,2601031205,,,,,,,,,,,0.0,0.0
5532078017754681393-2601031215-10,28326,2601031239,2601031239,4,,S,S3,Stuttgart-Vaihingen|Stuttgart-Österfeld|Stuttgart Universität|Stuttgart Schwabstr.|Stuttgart Feuersee|Stuttgart Stadtmitte|Stuttgart Hbf (tief)|Stuttgart-Bad Cannstatt|Stuttgart Nürnberger Str.,8005774,Stuttgart-Sommerrain,Baden-Württemberg,Stuttgart,70374,9.248369749,48.81521824,5,2601031241,,2601031241,,,,,,,,,,,2.0,2.0
-83917606962888125-2601031156-9,28325,2601031220,2601031220,1,,S,S3,Backnang|Maubach|Nellmersbach|Winnenden|Schwaikheim|Neustadt-Hohenacker|Waiblingen|Fellbach,8005774,Stuttgart-Sommerrain,Baden-Württemberg,Stuttgart,70374,9.248369749,48.81521824,5,2601031220,,2601031220,,,,,,,,,,,0.0,0.0
6168129635936742431-2601031203-16,7228,2601031244,2601031244,4,,S,S2,Filderstadt|Stuttgart Flughafen/Messe|Echterdingen|Leinfelden|Oberaichen|Stuttgart-Rohr|Stuttgart-Vaihingen|Stuttgart-Österfeld|Stuttgart Universität|Stuttgart Schwabstr.|Stuttgart Feuersee|Stuttgart Stadtmitte|Stuttgart Hbf (tief)|Stuttgart-Bad Cannstatt|Stuttgart Nürnberger Str.,8005774,Stuttgart-Sommerrain,Baden-Württemberg,Stuttgart,70374,9.248369749,48.81521824,5,2601031245,,2601031246,,,,,,,,,,,1.0,2.0
7206179278625566012-2601031230-10,7330,2601031254,2601031254,4,,S,S3,Stuttgart-Vaihingen|Stuttgart-Österfeld|Stuttgart Universität|Stuttgart Schwabstr.|Stuttgart Feuersee|Stuttgart Stadtmitte|Stuttgart Hbf (tief)|Stuttgart-Bad Cannstatt|Stuttgart Nürnberger Str.,8005774,Stuttgart-Sommerrain,Baden-Württemberg,Stuttgart,70374,9.248369749,48.81521824,5,2601031257,,2601031257,,,,,,,,,,,3.0,3.0
5274226899640306616-2601031145-10,28324,2601031209,2601031209,4,,S,S3,Stuttgart-Vaihingen|Stuttgart-Österfeld|Stuttgart Universität|Stuttgart Schwabstr.|Stuttgart Feuersee|Stuttgart Stadtmitte|Stuttgart Hbf (tief)|Stuttgart-Bad Cannstatt|Stuttgart Nürnberger Str.,8005774,Stuttgart-Sommerrain,Baden-Württemberg,Stuttgart,70374,9.248369749,48.81521824,5,2601031212,,2601031211,,,,,,,,,,,3.0,2.0
-4501469853120362621-2601031210-11,28395,2601031239,2601031240,1,,S,S4,Marbach(Neckar)|Benningen(Neckar)|Freiberg(Neckar)|Favoritepark|Ludwigsburg|Kornwestheim Pbf|Stuttgart-Zuffenhausen|Stuttgart-Feuerbach|Stuttgart Nordbahnhof|Stuttgart Hbf (tief),8006700,Stuttgart Stadtmitte,Baden-Württemberg,Stuttgart,70173,9.173046906,48.77632953,3,2601031241,,2601031242,,,,,,,,,,,2.0,2.0
3177327826888597271-2601031218-16,7233,2601031257,2601031257,1,,S,S2,Schorndorf|Weiler(Rems)|Winterbach(b Schorndorf)|Geradstetten|Grunbach|Beutelsbach|Endersbach|Stetten-Beinstein|Rommelshausen|Waiblingen|Fellbach|Stuttgart-Sommerrain|Stuttgart Nürnberger Str.|Stuttgart-Bad Cannstatt|Stuttgart Hbf (tief),8006700,Stuttgart Stadtmitte,Baden-Württemberg,Stuttgart,70173,9.173046906,48.77632953,3,2601031257,,2601031258,,,,,,,,,,,0.0,1.0
3410717060998267101-2601031216-14,7132,2601031253,2601031253,2,,S,S1,Herrenberg|Nufringen|Gärtringen|Ehningen(b Böblingen)|Hulb|Böblingen|Goldberg(Württ)|Stuttgart-Rohr|Stuttgart-Vaihingen|Stuttgart-Österfeld|Stuttgart Universität|Stuttgart Schwabstr.|Stuttgart Feuersee,8006700,Stuttgart Stadtmitte,Baden-Württemberg,Stuttgart,70173,9.173046906,48.77632953,3,2601031303,,2601031304,,,,,,,,,,,10.0,11.0
-1459044685595923916-2601031252-3,7532,2601031255,2601031256,2,,S,S5,Stuttgart Schwabstr.|Stuttgart Feuersee,8006700,Stuttgart Stadtmitte,Baden-Württemberg,Stuttgart,70173,9.173046906,48.77632953,3,2601031255,,2601031256,,,,,,,,,,,0.0,0.0
7608028257592331283-2601031204-19,7029,2601031259,2601031300,1,,S,S60,Böblingen|Sindelfingen|Maichingen|Maichingen Nord|Magstadt|Renningen Süd|Renningen|Rutesheim|Leonberg|Höfingen|Ditzingen|Weilimdorf|Korntal|Neuwirtshaus(Porscheplatz)|Stuttgart-Zuffenhausen|Stuttgart-Feuerbach|Stuttgart Nordbahnhof|Stuttgart Hbf (tief),8006700,Stuttgart Stadtmitte,Baden-Württemberg,Stuttgart,70173,9.173046906,48.77632953,3,2601031259,,2601031300,,,,,,,,,,,0.0,0.0
504511267373916834-2601031148-12,7828,2601031218,2601031218,2,,S,S2,Filderstadt|Stuttgart Flughafen/Messe|Echterdingen|Leinfelden|Oberaichen|Stuttgart-Rohr|Stuttgart-Vaihingen|Stuttgart-Österfeld|Stuttgart Universität|Stuttgart Schwabstr.|Stuttgart Feuersee,8006700,Stuttgart Stadtmitte,Baden-Württemberg,Stuttgart,70173,9.173046906,48.77632953,3,2601031219,,2601031219,,,,,,,,,,,1.0,1.0
5127975581387066276-2601031202-3,7426,2601031205,2601031206,2,,S,S4,Stuttgart Schwabstr.|Stuttgart Feuersee,8006700,Stuttgart Stadtmitte,Baden-Württemberg,Stuttgart,70173,9.173046906,48.77632953,3,2601031208,,2601031209,,,,,,,,,,,3.0,3.0
3717617338847420907-2601031152-10,28465,2601031219,2601031220,1,,S,S5,Bietigheim-Bissingen|Tamm(Württ)|Asperg|Ludwigsburg|Kornwestheim Pbf|Stuttgart-Zuffenhausen|Stuttgart-Feuerbach|Stuttgart Nordbahnhof|Stuttgart Hbf (tief),8006700,Stuttgart Stadtmitte,Baden-Württemberg,Stuttgart,70173,9.173046906,48.77632953,3,2601031220,,2601031221,,,,,,,,,,,1.0,1.0
-4444589756830246864-2601031218-15,7929,2601031259,2601031300,1,,S,S6,Weil der Stadt|Malmsheim|Renningen|Rutesheim|Leonberg|Höfingen|Ditzingen|Weilimdorf|Korntal|Neuwirtshaus(Porscheplatz)|Stuttgart-Zuffenhausen|Stuttgart-Feuerbach|Stuttgart Nordbahnhof|Stuttgart Hbf (tief),8006700,Stuttgart Stadtmitte,Baden-Württemberg,Stuttgart,70173,9.173046906,48.77632953,3,2601031259,,2601031300,,,,,,,,,,,0.0,0.0
-6341375793071528498-2601031126-13,28323,2601031202,2601031202,1,,S,S3,Backnang|Maubach|Nellmersbach|Winnenden|Schwaikheim|Neustadt-Hohenacker|Waiblingen|Fellbach|Stuttgart-Sommerrain|Stuttgart Nürnberger Str.|Stuttgart-Bad Cannstatt|Stuttgart Hbf (tief),8006700,Stuttgart Stadtmitte,Baden-Württemberg,Stuttgart,70173,9.173046906,48.77632953,3,2601031202,,2601031203,,,,,,,,,,,0.0,1.0
3131517444573088003-2601031148-15,7927,2601031229,2601031230,1,,S,S6,Weil der Stadt|Malmsheim|Renningen|Rutesheim|Leonberg|Höfingen|Ditzingen|Weilimdorf|Korntal|Neuwirtshaus(Porscheplatz)|Stuttgart-Zuffenhausen|Stuttgart-Feuerbach|Stuttgart Nordbahnhof|Stuttgart Hbf (tief),8006700,Stuttgart Stadtmitte,Baden-Württemberg,Stuttgart,70173,9.173046906,48.77632953,3,2601031235,,2601031235,,,,,,,,,,,6.0,5.0
1836435062166220832-2601031131-14,7726,2601031208,2601031208,2,,S,S1,Herrenberg|Nufringen|Gärtringen|Ehningen(b Böblingen)|Hulb|Böblingen|Goldberg(Württ)|Stuttgart-Rohr|Stuttgart-Vaihingen|Stuttgart-Österfeld|Stuttgart Universität|Stuttgart Schwabstr.|Stuttgart Feuersee,8006700,Stuttgart Stadtmitte,Baden-Württemberg,Stuttgart,70173,9.173046906,48.77632953,3,2601031210,,2601031211,,,,,,,,,,,2.0,3.0
5081771628023632994-2601031140-11,28393,2601031209,2601031210,1,,S,S4,Marbach(Neckar)|Benningen(Neckar)|Freiberg(Neckar)|Favoritepark|Ludwigsburg|Kornwestheim Pbf|Stuttgart-Zuffenhausen|Stuttgart-Feuerbach|Stuttgart Nordbahnhof|Stuttgart Hbf (tief),8006700,Stuttgart Stadtmitte,Baden-Württemberg,Stuttgart,70173,9.173046906,48.77632953,3,,,,,h,1,Störung,,,,,c,c,0.0,0.0
8332536860707671559-2601031207-3,28464,2601031210,2601031211,2,,S,S5,Stuttgart Schwabstr.|Stuttgart Feuersee,8006700,Stuttgart Stadtmitte,Baden-Württemberg,Stuttgart,70173,9.173046906,48.77632953,3,2601031212,,2601031213,,,,,,,,,,,2.0,2.0
-5040164597006626382-2601031120-16,7129,2601031207,2601031207,1,,S,S1,Kirchheim(Teck)|Kirchheim(Teck)-Ötlingen|Wendlingen(Neckar)|Wernau(Neckar)|Plochingen|Altbach|Esslingen-Zell|Oberesslingen|Esslingen(Neckar)|Esslingen-Mettingen|Stuttgart-Obertürkheim|Stuttgart-Untertürkheim|Stuttgart Neckarpark|Stuttgart-Bad Cannstatt|Stuttgart Hbf (tief),8006700,Stuttgart Stadtmitte,Baden-Württemberg,Stuttgart,70173,9.173046906,48.77632953,3,2601031207,,2601031207,,,,,,,,,,,0.0,0.0
-2732981563110923380-2601031148-16,7231,2601031227,2601031227,1,,S,S2,Schorndorf|Weiler(Rems)|Winterbach(b Schorndorf)|Geradstetten|Grunbach|Beutelsbach|Endersbach|Stetten-Beinstein|Rommelshausen|Waiblingen|Fellbach|Stuttgart-Sommerrain|Stuttgart Nürnberger Str.|Stuttgart-Bad Cannstatt|Stuttgart Hbf (tief),8006700,Stuttgart Stadtmitte,Baden-Württemberg,Stuttgart,70173,9.173046906,48.77632953,3,2601031229,,2601031229,,,,,,,,,,,2.0,2.0
4960236751390972026-2601031200-6,7328,2601031213,2601031213,2,,S,S3,Stuttgart-Vaihingen|Stuttgart-Österfeld|Stuttgart Universität|Stuttgart Schwabstr.|Stuttgart Feuersee,8006700,Stuttgart Stadtmitte,Baden-Württemberg,Stuttgart,70173,9.173046906,48.77632953,3,2601031215,,2601031215,,,,,,,,,,,2.0,2.0
6534681549550626676-2601031217-3,28398,2601031220,2601031221,2,,S,S4,Stuttgart Schwabstr.|Stuttgart Feuersee,8006700,Stuttgart Stadtmitte,Baden-Württemberg,Stuttgart,70173,9.173046906,48.77632953,3,2601031226,,2601031226,,,,,,,,,,,6.0,5.0
-4520082460048067316-2601031203-16,7827,2601031242,2601031242,1,,S,S2,Schorndorf|Weiler(Rems)|Winterbach(b Schorndorf)|Geradstetten|Grunbach|Beutelsbach|Endersbach|Stetten-Beinstein|Rommelshausen|Waiblingen|Fellbach|Stuttgart-Sommerrain|Stuttgart Nürnberger Str.|Stuttgart-Bad Cannstatt|Stuttgart Hbf (tief),8006700,Stuttgart Stadtmitte,Baden-Württemberg,Stuttgart,70173,9.173046906,48.77632953,3,2601031243,,2601031244,,,,,,,,,,,1.0,2.0
8851012744564607240-2601031211-13,7331,2601031247,2601031247,1,,S,S3,Backnang|Maubach|Nellmersbach|Winnenden|Schwaikheim|Neustadt-Hohenacker|Waiblingen|Fellbach|Stuttgart-Sommerrain|Stuttgart Nürnberger Str.|Stuttgart-Bad Cannstatt|Stuttgart Hbf (tief),8006700,Stuttgart Stadtmitte,Baden-Württemberg,Stuttgart,70173,9.173046906,48.77632953,3,2601031247,,2601031248,,,,,,,,,,,0.0,1.0
-3504815606642380245-2601031222-10,28467,2601031249,2601031250,1,,S,S5,Bietigheim-Bissingen|Tamm(Württ)|Asperg|Ludwigsburg|Kornwestheim Pbf|Stuttgart-Zuffenhausen|Stuttgart-Feuerbach|Stuttgart Nordbahnhof|Stuttgart Hbf (tief),8006700,Stuttgart Stadtmitte,Baden-Württemberg,Stuttgart,70173,9.173046906,48.77632953,3,2601031249,,2601031250,,,,,,,,,,,0.0,0.0
7271107614461082752-2601031137-10,7529,2601031204,2601031205,1,,S,S5,Bietigheim-Bissingen|Tamm(Württ)|Asperg|Ludwigsburg|Kornwestheim Pbf|Stuttgart-Zuffenhausen|Stuttgart-Feuerbach|Stuttgart Nordbahnhof|Stuttgart Hbf (tief),8006700,Stuttgart Stadtmitte,Baden-Württemberg,Stuttgart,70173,9.173046906,48.77632953,3,2601031213,,2601031214,,h,1,Störung,,,,,,,9.0,9.0
-5681419952559341398-2601031133-16,7825,2601031212,2601031212,1,,S,S2,Schorndorf|Weiler(Rems)|Winterbach(b Schorndorf)|Geradstetten|Grunbach|Beutelsbach|Endersbach|Stetten-Beinstein|Rommelshausen|Waiblingen|Fellbach|Stuttgart-Sommerrain|Stuttgart Nürnberger Str.|Stuttgart-Bad Cannstatt|Stuttgart Hbf (tief),8006700,Stuttgart Stadtmitte,Baden-Württemberg,Stuttgart,70173,9.173046906,48.77632953,3,2601031212,,2601031212,,,,,,,,,,,0.0,0.0
-661438075088023210-2601031242-3,7630,2601031245,2601031246,2,,S,S6,Stuttgart Schwabstr.|Stuttgart Feuersee,8006700,Stuttgart Stadtmitte,Baden-Württemberg,Stuttgart,70173,9.173046906,48.77632953,3,2601031248,,2601031249,,,,,,,,,,,3.0,3.0
-1667866592525461048-2601031152-12,7731,2601031222,2601031222,1,,S,S1,Plochingen|Altbach|Esslingen-Zell|Oberesslingen|Esslingen(Neckar)|Esslingen-Mettingen|Stuttgart-Obertürkheim|Stuttgart-Untertürkheim|Stuttgart Neckarpark|Stuttgart-Bad Cannstatt|Stuttgart Hbf (tief),8006700,Stuttgart Stadtmitte,Baden-Württemberg,Stuttgart,70173,9.173046906,48.77632953,3,2601031223,,2601031223,,,,,,,,,,,1.0,1.0
5028335445624663016-2601031245-6,28328,2601031258,2601031258,2,,S,S3,Stuttgart-Vaihingen|Stuttgart-Österfeld|Stuttgart Universität|Stuttgart Schwabstr.|Stuttgart Feuersee,8006700,Stuttgart Stadtmitte,Baden-Württemberg,Stuttgart,70173,9.173046906,48.77632953,3,2601031258,,2601031259,,,,,,,,,,,0.0,1.0
-182569074075306425-2601031222-3,7530,2601031225,2601031226,2,,S,S5,Stuttgart Schwabstr.|Stuttgart Feuersee,8006700,Stuttgart Stadtmitte,Baden-Württemberg,Stuttgart,70173,9.173046906,48.77632953,3,,,,,,,,,,,,c,c,0.0,0.0
5693136962771673302-2601031232-3,7428,2601031235,2601031236,2,,S,S4,Stuttgart Schwabstr.|Stuttgart Feuersee,8006700,Stuttgart Stadtmitte,Baden-Württemberg,Stuttgart,70173,9.173046906,48.77632953,3,2601031237,,2601031238,,,,,,,,,,,2.0,2.0
-2740283852421142578-2601031218-12,7830,2601031248,2601031248,2,,S,S2,Filderstadt|Stuttgart Flughafen/Messe|Echterdingen|Leinfelden|Oberaichen|Stuttgart-Rohr|Stuttgart-Vaihingen|Stuttgart-Österfeld|Stuttgart Universität|Stuttgart Schwabstr.|Stuttgart Feuersee,8006700,Stuttgart Stadtmitte,Baden-Württemberg,Stuttgart,70173,9.173046906,48.77632953,3,2601031250,,2601031251,,,,,,,,,,,2.0,3.0
3112151770582767081-2601031157-3,7932,2601031200,2601031201,2,,S,S6,Stuttgart Schwabstr.|Stuttgart Feuersee,8006700,Stuttgart Stadtmitte,Baden-Württemberg,Stuttgart,70173,9.173046906,48.77632953,3,2601031203,,2601031203,,,,,,,,,,,3.0,2.0
4736637014602700336-2601031150-16,7131,2601031237,2601031237,1,,S,S1,Kirchheim(Teck)|Kirchheim(Teck)-Ötlingen|Wendlingen(Neckar)|Wernau(Neckar)|Plochingen|Altbach|Esslingen-Zell|Oberesslingen|Esslingen(Neckar)|Esslingen-Mettingen|Stuttgart-Obertürkheim|Stuttgart-Untertürkheim|Stuttgart Neckarpark|Stuttgart-Bad Cannstatt|Stuttgart Hbf (tief),8006700,Stuttgart Stadtmitte,Baden-Württemberg,Stuttgart,70173,9.173046906,48.77632953,3,2601031239,,2601031240,,,,,,,,,,,2.0,3.0
-7035220678398818959-2601031212-3,7628,2601031215,2601031216,2,,S,S6,Stuttgart Schwabstr.|Stuttgart Feuersee,8006700,Stuttgart Stadtmitte,Baden-Württemberg,Stuttgart,70173,9.173046906,48.77632953,3,2601031221,,2601031221,,,,,,,,,,,6.0,5.0
-3901454027336800522-2601031203-15,7431,2601031254,2601031255,1,,S,S4,Backnang|Burgstall(Murr)|Kirchberg(Murr)|Erdmannhausen|Marbach(Neckar)|Benningen(Neckar)|Freiberg(Neckar)|Favoritepark|Ludwigsburg|Kornwestheim Pbf|Stuttgart-Zuffenhausen|Stuttgart-Feuerbach|Stuttgart Nordbahnhof|Stuttgart Hbf (tief),8006700,Stuttgart Stadtmitte,Baden-Württemberg,Stuttgart,70173,9.173046906,48.77632953,3,2601031255,,2601031256,,,,,,,,,,,1.0,1.0
6476044054617913836-2601031133-15,7629,2601031214,2601031215,1,,S,S6,Weil der Stadt|Malmsheim|Renningen|Rutesheim|Leonberg|Höfingen|Ditzingen|Weilimdorf|Korntal|Neuwirtshaus(Porscheplatz)|Stuttgart-Zuffenhausen|Stuttgart-Feuerbach|Stuttgart Nordbahnhof|Stuttgart Hbf (tief),8006700,Stuttgart Stadtmitte,Baden-Württemberg,Stuttgart,70173,9.173046906,48.77632953,3,2601031215,,2601031216,,,,,,,,,,,1.0,1.0
-4649178681507243732-2601031118-15,7925,2601031159,2601031200,1,,S,S6,Weil der Stadt|Malmsheim|Renningen|Rutesheim|Leonberg|Höfingen|Ditzingen|Weilimdorf|Korntal|Neuwirtshaus(Porscheplatz)|Stuttgart-Zuffenhausen|Stuttgart-Feuerbach|Stuttgart Nordbahnhof|Stuttgart Hbf (tief),8006700,Stuttgart Stadtmitte,Baden-Württemberg,Stuttgart,70173,9.173046906,48.77632953,3,2601031209,,2601031210,,,,,,,,,,,10.0,10.0
-4376819822122462379-2601031133-12,7226,2601031203,2601031203,2,,S,S2,Filderstadt|Stuttgart Flughafen/Messe|Echterdingen|Leinfelden|Oberaichen|Stuttgart-Rohr|Stuttgart-Vaihingen|Stuttgart-Österfeld|Stuttgart Universität|Stuttgart Schwabstr.|Stuttgart Feuersee,8006700,Stuttgart Stadtmitte,Baden-Württemberg,Stuttgart,70173,9.173046906,48.77632953,3,2601031205,,2601031206,,,,,,,,,,,2.0,3.0
-3839002302897574901-2601031157-3,7032,2601031200,2601031201,2,,S,S60,Stuttgart Schwabstr.|Stuttgart Feuersee,8006700,Stuttgart Stadtmitte,Baden-Württemberg,Stuttgart,70173,9.173046906,48.77632953,3,2601031203,,2601031203,,,,,,,,,,,3.0,2.0
-8375167329740848278-2601031104-19,7025,2601031159,2601031200,1,,S,S60,Böblingen|Sindelfingen|Maichingen|Maichingen Nord|Magstadt|Renningen Süd|Renningen|Rutesheim|Leonberg|Höfingen|Ditzingen|Weilimdorf|Korntal|Neuwirtshaus(Porscheplatz)|Stuttgart-Zuffenhausen|Stuttgart-Feuerbach|Stuttgart Nordbahnhof|Stuttgart Hbf (tief),8006700,Stuttgart Stadtmitte,Baden-Württemberg,Stuttgart,70173,9.173046906,48.77632953,3,2601031209,,2601031210,,,,,,,,,,,10.0,10.0
-2997586613667252816-2601031134-19,7027,2601031229,2601031230,1,,S,S60,Böblingen|Sindelfingen|Maichingen|Maichingen Nord|Magstadt|Renningen Süd|Renningen|Rutesheim|Leonberg|Höfingen|Ditzingen|Weilimdorf|Korntal|Neuwirtshaus(Porscheplatz)|Stuttgart-Zuffenhausen|Stuttgart-Feuerbach|Stuttgart Nordbahnhof|Stuttgart Hbf (tief),8006700,Stuttgart Stadtmitte,Baden-Württemberg,Stuttgart,70173,9.173046906,48.77632953,3,2601031235,,2601031235,,,,,,,,,,,6.0,5.0
1899806724872395697-2601031222-12,7733,2601031252,2601031252,1,,S,S1,Plochingen|Altbach|Esslingen-Zell|Oberesslingen|Esslingen(Neckar)|Esslingen-Mettingen|Stuttgart-Obertürkheim|Stuttgart-Untertürkheim|Stuttgart Neckarpark|Stuttgart-Bad Cannstatt|Stuttgart Hbf (tief),8006700,Stuttgart Stadtmitte,Baden-Württemberg,Stuttgart,70173,9.173046906,48.77632953,3,2601031252,,2601031253,,,,,,,,,,,0.0,1.0
-3955134605586594139-2601031141-13,7329,2601031217,2601031217,1,,S,S3,Backnang|Maubach|Nellmersbach|Winnenden|Schwaikheim|Neustadt-Hohenacker|Waiblingen|Fellbach|Stuttgart-Sommerrain|Stuttgart Nürnberger Str.|Stuttgart-Bad Cannstatt|Stuttgart Hbf (tief),8006700,Stuttgart Stadtmitte,Baden-Württemberg,Stuttgart,70173,9.173046906,48.77632953,3,2601031217,,2601031217,,,,,,,,,,,0.0,0.0
-7003931357074639826-2601031227-3,7934,2601031230,2601031231,2,,S,S6,Stuttgart Schwabstr.|Stuttgart Feuersee,8006700,Stuttgart Stadtmitte,Baden-Württemberg,Stuttgart,70173,9.173046906,48.77632953,3,2601031230,,2601031231,,,,,,,,,,,0.0,0.0
3655115014084866226-2601031237-3,28466,2601031240,2601031241,2,,S,S5,Stuttgart Schwabstr.|Stuttgart Feuersee,8006700,Stuttgart Stadtmitte,Baden-Württemberg,Stuttgart,70173,9.173046906,48.77632953,3,2601031242,,2601031243,,,,,,,,,,,2.0,2.0
-5995002106705392995-2601031247-3,28400,2601031250,2601031251,2,,S,S4,Stuttgart Schwabstr.|Stuttgart Feuersee,8006700,Stuttgart Stadtmitte,Baden-Württemberg,Stuttgart,70173,9.173046906,48.77632953,3,,,,,,,,,,,,c,c,0.0,0.0
5532078017754681393-2601031215-6,28326,2601031228,2601031228,2,,S,S3,Stuttgart-Vaihingen|Stuttgart-Österfeld|Stuttgart Universität|Stuttgart Schwabstr.|Stuttgart Feuersee,8006700,Stuttgart Stadtmitte,Baden-Württemberg,Stuttgart,70173,9.173046906,48.77632953,3,2601031228,,2601031229,,,,,,,,,,,0.0,1.0
2930744972942057808-2601031207-10,7531,2601031234,2601031235,1,,S,S5,Bietigheim-Bissingen|Tamm(Württ)|Asperg|Ludwigsburg|Kornwestheim Pbf|Stuttgart-Zuffenhausen|Stuttgart-Feuerbach|Stuttgart Nordbahnhof|Stuttgart Hbf (tief),8006700,Stuttgart Stadtmitte,Baden-Württemberg,Stuttgart,70173,9.173046906,48.77632953,3,,,,,,,,,,,,c,c,0.0,0.0
2059911478828825113-2601031201-14,7728,2601031238,2601031238,2,,S,S1,Herrenberg|Nufringen|Gärtringen|Ehningen(b Böblingen)|Hulb|Böblingen|Goldberg(Württ)|Stuttgart-Rohr|Stuttgart-Vaihingen|Stuttgart-Österfeld|Stuttgart Universität|Stuttgart Schwabstr.|Stuttgart Feuersee,8006700,Stuttgart Stadtmitte,Baden-Württemberg,Stuttgart,70173,9.173046906,48.77632953,3,2601031240,,2601031241,,,,,,,,,,,2.0,3.0
-2837347101663805561-2601031133-15,7429,2601031224,2601031225,1,,S,S4,Backnang|Burgstall(Murr)|Kirchberg(Murr)|Erdmannhausen|Marbach(Neckar)|Benningen(Neckar)|Freiberg(Neckar)|Favoritepark|Ludwigsburg|Kornwestheim Pbf|Stuttgart-Zuffenhausen|Stuttgart-Feuerbach|Stuttgart Nordbahnhof|Stuttgart Hbf (tief),8006700,Stuttgart Stadtmitte,Baden-Württemberg,Stuttgart,70173,9.173046906,48.77632953,3,2601031225,,2601031225,,,,,,,,,,,1.0,0.0
-5759624544289762969-2601031146-14,7130,2601031223,2601031223,2,,S,S1,Herrenberg|Nufringen|Gärtringen|Ehningen(b Böblingen)|Hulb|Böblingen|Goldberg(Württ)|Stuttgart-Rohr|Stuttgart-Vaihingen|Stuttgart-Österfeld|Stuttgart Universität|Stuttgart Schwabstr.|Stuttgart Feuersee,8006700,Stuttgart Stadtmitte,Baden-Württemberg,Stuttgart,70173,9.173046906,48.77632953,3,2601031224,,2601031224,,,,,,,,,,,1.0,1.0
-83917606962888125-2601031156-13,28325,2601031232,2601031232,1,,S,S3,Backnang|Maubach|Nellmersbach|Winnenden|Schwaikheim|Neustadt-Hohenacker|Waiblingen|Fellbach|Stuttgart-Sommerrain|Stuttgart Nürnberger Str.|Stuttgart-Bad Cannstatt|Stuttgart Hbf (tief),8006700,Stuttgart Stadtmitte,Baden-Württemberg,Stuttgart,70173,9.173046906,48.77632953,3,2601031232,,2601031232,,,,,,,,,,,0.0,0.0
6168129635936742431-2601031203-12,7228,2601031233,2601031233,2,,S,S2,Filderstadt|Stuttgart Flughafen/Messe|Echterdingen|Leinfelden|Oberaichen|Stuttgart-Rohr|Stuttgart-Vaihingen|Stuttgart-Österfeld|Stuttgart Universität|Stuttgart Schwabstr.|Stuttgart Feuersee,8006700,Stuttgart Stadtmitte,Baden-Württemberg,Stuttgart,70173,9.173046906,48.77632953,3,2601031234,,2601031235,,,,,,,,,,,1.0,2.0
7206179278625566012-2601031230-6,7330,2601031243,2601031243,2,,S,S3,Stuttgart-Vaihingen|Stuttgart-Österfeld|Stuttgart Universität|Stuttgart Schwabstr.|Stuttgart Feuersee,8006700,Stuttgart Stadtmitte,Baden-Württemberg,Stuttgart,70173,9.173046906,48.77632953,3,2601031245,,2601031246,,,,,,,,,,,2.0,3.0
8207272767207255575-2601031203-15,7631,2601031244,2601031245,1,,S,S6,Weil der Stadt|Malmsheim|Renningen|Rutesheim|Leonberg|Höfingen|Ditzingen|Weilimdorf|Korntal|Neuwirtshaus(Porscheplatz)|Stuttgart-Zuffenhausen|Stuttgart-Feuerbach|Stuttgart Nordbahnhof|Stuttgart Hbf (tief),8006700,Stuttgart Stadtmitte,Baden-Württemberg,Stuttgart,70173,9.173046906,48.77632953,3,2601031245,,2601031246,,,,,,,,,,,1.0,1.0
9194663872562058086-2601031227-3,7034,2601031230,2601031231,2,,S,S60,Stuttgart Schwabstr.|Stuttgart Feuersee,8006700,Stuttgart Stadtmitte,Baden-Württemberg,Stuttgart,70173,9.173046906,48.77632953,3,2601031230,,2601031231,,,,,,,,,,,0.0,0.0
1836435062166220832-2601031131-18,7726,2601031219,2601031219,6,,S,S1,Herrenberg|Nufringen|Gärtringen|Ehningen(b Böblingen)|Hulb|Böblingen|Goldberg(Württ)|Stuttgart-Rohr|Stuttgart-Vaihingen|Stuttgart-Österfeld|Stuttgart Universität|Stuttgart Schwabstr.|Stuttgart Feuersee|Stuttgart Stadtmitte|Stuttgart Hbf (tief)|Stuttgart-Bad Cannstatt|Stuttgart Neckarpark,8005775,Stuttgart-Untertürkheim Pbf,Baden-Württemberg,Stuttgart,70327,9.250467074,48.77984679,3,2601031221,,2601031221,,,,,,,,,,,2.0,2.0
-1667866592525461048-2601031152-8,7731,2601031210,2601031210,5,,S,S1,Plochingen|Altbach|Esslingen-Zell|Oberesslingen|Esslingen(Neckar)|Esslingen-Mettingen|Stuttgart-Obertürkheim,8005775,Stuttgart-Untertürkheim Pbf,Baden-Württemberg,Stuttgart,70327,9.250467074,48.77984679,3,2601031210,,2601031210,,,,,,,,,,,0.0,0.0
-6319936848544854600-2601031220-12,7133,2601031255,2601031255,5,,S,S1,Kirchheim(Teck)|Kirchheim(Teck)-Ötlingen|Wendlingen(Neckar)|Wernau(Neckar)|Plochingen|Altbach|Esslingen-Zell|Oberesslingen|Esslingen(Neckar)|Esslingen-Mettingen|Stuttgart-Obertürkheim,8005775,Stuttgart-Untertürkheim Pbf,Baden-Württemberg,Stuttgart,70327,9.250467074,48.77984679,3,2601031256,,2601031257,,,,,,,,,,,1.0,2.0
3158900998064725317-2601031116-18,7128,2601031204,2601031204,6,,S,S1,Herrenberg|Nufringen|Gärtringen|Ehningen(b Böblingen)|Hulb|Böblingen|Goldberg(Württ)|Stuttgart-Rohr|Stuttgart-Vaihingen|Stuttgart-Österfeld|Stuttgart Universität|Stuttgart Schwabstr.|Stuttgart Feuersee|Stuttgart Stadtmitte|Stuttgart Hbf (tief)|Stuttgart-Bad Cannstatt|Stuttgart Neckarpark,8005775,Stuttgart-Untertürkheim Pbf,Baden-Württemberg,Stuttgart,70327,9.250467074,48.77984679,3,2601031206,,2601031206,,,,,,,,,,,2.0,2.0
4736637014602700336-2601031150-12,7131,2601031225,2601031225,5,,S,S1,Kirchheim(Teck)|Kirchheim(Teck)-Ötlingen|Wendlingen(Neckar)|Wernau(Neckar)|Plochingen|Altbach|Esslingen-Zell|Oberesslingen|Esslingen(Neckar)|Esslingen-Mettingen|Stuttgart-Obertürkheim,8005775,Stuttgart-Untertürkheim Pbf,Baden-Württemberg,Stuttgart,70327,9.250467074,48.77984679,3,2601031225,,2601031225,,,,,,,,,,,0.0,0.0
1899806724872395697-2601031222-8,7733,2601031240,2601031240,5,,S,S1,Plochingen|Altbach|Esslingen-Zell|Oberesslingen|Esslingen(Neckar)|Esslingen-Mettingen|Stuttgart-Obertürkheim,8005775,Stuttgart-Untertürkheim Pbf,Baden-Württemberg,Stuttgart,70327,9.250467074,48.77984679,3,2601031240,,2601031241,,,,,,,,,,,0.0,1.0
2059911478828825113-2601031201-18,7728,2601031249,2601031249,6,,S,S1,Herrenberg|Nufringen|Gärtringen|Ehningen(b Böblingen)|Hulb|Böblingen|Goldberg(Württ)|Stuttgart-Rohr|Stuttgart-Vaihingen|Stuttgart-Österfeld|Stuttgart Universität|Stuttgart Schwabstr.|Stuttgart Feuersee|Stuttgart Stadtmitte|Stuttgart Hbf (tief)|Stuttgart-Bad Cannstatt|Stuttgart Neckarpark,8005775,Stuttgart-Untertürkheim Pbf,Baden-Württemberg,Stuttgart,70327,9.250467074,48.77984679,3,2601031252,,2601031252,,,,,,,,,,,3.0,3.0
-5759624544289762969-2601031146-18,7130,2601031234,2601031234,6,,S,S1,Herrenberg|Nufringen|Gärtringen|Ehningen(b Böblingen)|Hulb|Böblingen|Goldberg(Württ)|Stuttgart-Rohr|Stuttgart-Vaihingen|Stuttgart-Österfeld|Stuttgart Universität|Stuttgart Schwabstr.|Stuttgart Feuersee|Stuttgart Stadtmitte|Stuttgart Hbf (tief)|Stuttgart-Bad Cannstatt|Stuttgart Neckarpark,8005775,Stuttgart-Untertürkheim Pbf,Baden-Württemberg,Stuttgart,70327,9.250467074,48.77984679,3,2601031235,,2601031235,,,,,,,,,,,1.0,1.0
3410717060998267101-2601031216-9,7132,2601031240,2601031240,3,,S,S1,Herrenberg|Nufringen|Gärtringen|Ehningen(b Böblingen)|Hulb|Böblingen|Goldberg(Württ)|Stuttgart-Rohr,8005776,Stuttgart-Vaihingen,Baden-Württemberg,Stuttgart,70563,9.113913368,48.72698116,3,2601031249,,2601031249,,,,,,,,,,,9.0,9.0
504511267373916834-2601031148-7,7828,2601031205,2601031205,3,,S,S2,Filderstadt|Stuttgart Flughafen/Messe|Echterdingen|Leinfelden|Oberaichen|Stuttgart-Rohr,8005776,Stuttgart-Vaihingen,Baden-Württemberg,Stuttgart,70563,9.113913368,48.72698116,3,2601031205,,2601031205,,,,,,,,,,,0.0,0.0
-6341375793071528498-2601031126-18,28323,2601031214,,2,,S,,Backnang|Maubach|Nellmersbach|Winnenden|Schwaikheim|Neustadt-Hohenacker|Waiblingen|Fellbach|Stuttgart-Sommerrain|Stuttgart Nürnberger Str.|Stuttgart-Bad Cannstatt|Stuttgart Hbf (tief)|Stuttgart Stadtmitte|Stuttgart Feuersee|Stuttgart Schwabstr.|Stuttgart Universität|Stuttgart-Österfeld,8005776,Stuttgart-Vaihingen,Baden-Württemberg,Stuttgart,70563,9.113913368,48.72698116,3,2601031217,,,,,,,,,,,,,3.0,0.0
6037380939760231204-2601031233-7,7230,2601031250,2601031250,3,,S,S2,Filderstadt|Stuttgart Flughafen/Messe|Echterdingen|Leinfelden|Oberaichen|Stuttgart-Rohr,8005776,Stuttgart-Vaihingen,Baden-Württemberg,Stuttgart,70563,9.113913368,48.72698116,3,2601031253,,2601031254,,,,,,,,,,,3.0,4.0
41668567353075799-2601031231-9,7730,2601031255,2601031255,3,,S,S1,Herrenberg|Nufringen|Gärtringen|Ehningen(b Böblingen)|Hulb|Böblingen|Goldberg(Württ)|Stuttgart-Rohr,8005776,Stuttgart-Vaihingen,Baden-Württemberg,Stuttgart,70563,9.113913368,48.72698116,3,2601031257,,2601031258,,,,,,,,,,,2.0,3.0
-5040164597006626382-2601031120-21,7129,2601031219,2601031220,1,,S,S1,Kirchheim(Teck)|Kirchheim(Teck)-Ötlingen|Wendlingen(Neckar)|Wernau(Neckar)|Plochingen|Altbach|Esslingen-Zell|Oberesslingen|Esslingen(Neckar)|Esslingen-Mettingen|Stuttgart-Obertürkheim|Stuttgart-Untertürkheim|Stuttgart Neckarpark|Stuttgart-Bad Cannstatt|Stuttgart Hbf (tief)|Stuttgart Stadtmitte|Stuttgart Feuersee|Stuttgart Schwabstr.|Stuttgart Universität|Stuttgart-Österfeld,8005776,Stuttgart-Vaihingen,Baden-Württemberg,Stuttgart,70563,9.113913368,48.72698116,3,2601031221,,2601031222,,,,,,,,,,,2.0,2.0
-2732981563110923380-2601031148-21,7231,2601031239,2601031240,2,,S,S2,Schorndorf|Weiler(Rems)|Winterbach(b Schorndorf)|Geradstetten|Grunbach|Beutelsbach|Endersbach|Stetten-Beinstein|Rommelshausen|Waiblingen|Fellbach|Stuttgart-Sommerrain|Stuttgart Nürnberger Str.|Stuttgart-Bad Cannstatt|Stuttgart Hbf (tief)|Stuttgart Stadtmitte|Stuttgart Feuersee|Stuttgart Schwabstr.|Stuttgart Universität|Stuttgart-Österfeld,8005776,Stuttgart-Vaihingen,Baden-Württemberg,Stuttgart,70563,9.113913368,48.72698116,3,2601031241,,2601031242,,,,,,,,,,,2.0,2.0
-4197374811050490820-2601031122-17,7729,2601031204,2601031205,1,,S,S1,Plochingen|Altbach|Esslingen-Zell|Oberesslingen|Esslingen(Neckar)|Esslingen-Mettingen|Stuttgart-Obertürkheim|Stuttgart-Untertürkheim|Stuttgart Neckarpark|Stuttgart-Bad Cannstatt|Stuttgart Hbf (tief)|Stuttgart Stadtmitte|Stuttgart Feuersee|Stuttgart Schwabstr.|Stuttgart Universität|Stuttgart-Österfeld,8005776,Stuttgart-Vaihingen,Baden-Württemberg,Stuttgart,70563,9.113913368,48.72698116,3,2601031204,,2601031205,,,,,,,,,,,0.0,0.0
4960236751390972026-2601031200-1,7328,,2601031200,,,S,S3,,8005776,Stuttgart-Vaihingen,Baden-Württemberg,Stuttgart,70563,9.113913368,48.72698116,3,,,2601031201,,,,,,,,,,,0.0,1.0
-4520082460048067316-2601031203-21,7827,2601031254,2601031255,2,,S,S2,Schorndorf|Weiler(Rems)|Winterbach(b Schorndorf)|Geradstetten|Grunbach|Beutelsbach|Endersbach|Stetten-Beinstein|Rommelshausen|Waiblingen|Fellbach|Stuttgart-Sommerrain|Stuttgart Nürnberger Str.|Stuttgart-Bad Cannstatt|Stuttgart Hbf (tief)|Stuttgart Stadtmitte|Stuttgart Feuersee|Stuttgart Schwabstr.|Stuttgart Universität|Stuttgart-Österfeld,8005776,Stuttgart-Vaihingen,Baden-Württemberg,Stuttgart,70563,9.113913368,48.72698116,3,2601031256,,2601031256,,,,,,,,,,,2.0,1.0
8851012744564607240-2601031211-18,7331,2601031259,,2,,S,,Backnang|Maubach|Nellmersbach|Winnenden|Schwaikheim|Neustadt-Hohenacker|Waiblingen|Fellbach|Stuttgart-Sommerrain|Stuttgart Nürnberger Str.|Stuttgart-Bad Cannstatt|Stuttgart Hbf (tief)|Stuttgart Stadtmitte|Stuttgart Feuersee|Stuttgart Schwabstr.|Stuttgart Universität|Stuttgart-Österfeld,8005776,Stuttgart-Vaihingen,Baden-Württemberg,Stuttgart,70563,9.113913368,48.72698116,3,2601031259,,,,,,,,,,,,,0.0,0.0
-5681419952559341398-2601031133-21,7825,2601031224,2601031225,2,,S,S2,Schorndorf|Weiler(Rems)|Winterbach(b Schorndorf)|Geradstetten|Grunbach|Beutelsbach|Endersbach|Stetten-Beinstein|Rommelshausen|Waiblingen|Fellbach|Stuttgart-Sommerrain|Stuttgart Nürnberger Str.|Stuttgart-Bad Cannstatt|Stuttgart Hbf (tief)|Stuttgart Stadtmitte|Stuttgart Feuersee|Stuttgart Schwabstr.|Stuttgart Universität|Stuttgart-Österfeld,8005776,Stuttgart-Vaihingen,Baden-Württemberg,Stuttgart,70563,9.113913368,48.72698116,3,2601031225,,2601031226,,,,,,,,,,,1.0,1.0
-1667866592525461048-2601031152-17,7731,2601031234,2601031235,1,,S,S1,Plochingen|Altbach|Esslingen-Zell|Oberesslingen|Esslingen(Neckar)|Esslingen-Mettingen|Stuttgart-Obertürkheim|Stuttgart-Untertürkheim|Stuttgart Neckarpark|Stuttgart-Bad Cannstatt|Stuttgart Hbf (tief)|Stuttgart Stadtmitte|Stuttgart Feuersee|Stuttgart Schwabstr.|Stuttgart Universität|Stuttgart-Österfeld,8005776,Stuttgart-Vaihingen,Baden-Württemberg,Stuttgart,70563,9.113913368,48.72698116,3,2601031234,,2601031235,,,,,,,,,,,0.0,0.0
5028335445624663016-2601031245-1,28328,,2601031245,,,S,S3,,8005776,Stuttgart-Vaihingen,Baden-Württemberg,Stuttgart,70563,9.113913368,48.72698116,3,,,2601031245,,,,,,,,,,,0.0,0.0
-7250951253539911335-2601031118-21,7229,2601031209,2601031210,2,,S,S2,Schorndorf|Weiler(Rems)|Winterbach(b Schorndorf)|Geradstetten|Grunbach|Beutelsbach|Endersbach|Stetten-Beinstein|Rommelshausen|Waiblingen|Fellbach|Stuttgart-Sommerrain|Stuttgart Nürnberger Str.|Stuttgart-Bad Cannstatt|Stuttgart Hbf (tief)|Stuttgart Stadtmitte|Stuttgart Feuersee|Stuttgart Schwabstr.|Stuttgart Universität|Stuttgart-Österfeld,8005776,Stuttgart-Vaihingen,Baden-Württemberg,Stuttgart,70563,9.113913368,48.72698116,3,2601031213,,2601031214,,,,,,,,,,,4.0,4.0
-2740283852421142578-2601031218-7,7830,2601031235,2601031235,3,,S,S2,Filderstadt|Stuttgart Flughafen/Messe|Echterdingen|Leinfelden|Oberaichen|Stuttgart-Rohr,8005776,Stuttgart-Vaihingen,Baden-Württemberg,Stuttgart,70563,9.113913368,48.72698116,3,2601031235,,2601031235,,,,,,,,,,,0.0,0.0
4736637014602700336-2601031150-21,7131,2601031249,2601031250,1,,S,S1,Kirchheim(Teck)|Kirchheim(Teck)-Ötlingen|Wendlingen(Neckar)|Wernau(Neckar)|Plochingen|Altbach|Esslingen-Zell|Oberesslingen|Esslingen(Neckar)|Esslingen-Mettingen|Stuttgart-Obertürkheim|Stuttgart-Untertürkheim|Stuttgart Neckarpark|Stuttgart-Bad Cannstatt|Stuttgart Hbf (tief)|Stuttgart Stadtmitte|Stuttgart Feuersee|Stuttgart Schwabstr.|Stuttgart Universität|Stuttgart-Österfeld,8005776,Stuttgart-Vaihingen,Baden-Württemberg,Stuttgart,70563,9.113913368,48.72698116,3,2601031252,,2601031253,,,,,,,,,,,3.0,3.0
-3955134605586594139-2601031141-18,7329,2601031229,,2,,S,,Backnang|Maubach|Nellmersbach|Winnenden|Schwaikheim|Neustadt-Hohenacker|Waiblingen|Fellbach|Stuttgart-Sommerrain|Stuttgart Nürnberger Str.|Stuttgart-Bad Cannstatt|Stuttgart Hbf (tief)|Stuttgart Stadtmitte|Stuttgart Feuersee|Stuttgart Schwabstr.|Stuttgart Universität|Stuttgart-Österfeld,8005776,Stuttgart-Vaihingen,Baden-Württemberg,Stuttgart,70563,9.113913368,48.72698116,3,2601031229,,,,,,,,,,,,,0.0,0.0
5532078017754681393-2601031215-1,28326,,2601031215,,,S,S3,,8005776,Stuttgart-Vaihingen,Baden-Württemberg,Stuttgart,70563,9.113913368,48.72698116,3,,,2601031216,,,,,,,,,,,0.0,1.0
2059911478828825113-2601031201-9,7728,2601031225,2601031225,3,,S,S1,Herrenberg|Nufringen|Gärtringen|Ehningen(b Böblingen)|Hulb|Böblingen|Goldberg(Württ)|Stuttgart-Rohr,8005776,Stuttgart-Vaihingen,Baden-Württemberg,Stuttgart,70563,9.113913368,48.72698116,3,2601031227,,2601031227,,,,,,,,,,,2.0,2.0
-5759624544289762969-2601031146-9,7130,2601031210,2601031210,3,,S,S1,Herrenberg|Nufringen|Gärtringen|Ehningen(b Böblingen)|Hulb|Böblingen|Goldberg(Württ)|Stuttgart-Rohr,8005776,Stuttgart-Vaihingen,Baden-Württemberg,Stuttgart,70563,9.113913368,48.72698116,3,2601031210,,2601031211,,,,,,,,,,,0.0,1.0
-83917606962888125-2601031156-18,28325,2601031244,,2,,S,,Backnang|Maubach|Nellmersbach|Winnenden|Schwaikheim|Neustadt-Hohenacker|Waiblingen|Fellbach|Stuttgart-Sommerrain|Stuttgart Nürnberger Str.|Stuttgart-Bad Cannstatt|Stuttgart Hbf (tief)|Stuttgart Stadtmitte|Stuttgart Feuersee|Stuttgart Schwabstr.|Stuttgart Universität|Stuttgart-Österfeld,8005776,Stuttgart-Vaihingen,Baden-Württemberg,Stuttgart,70563,9.113913368,48.72698116,3,2601031244,,,,,,,,,,,,,0.0,0.0
6168129635936742431-2601031203-7,7228,2601031220,2601031220,3,,S,S2,Filderstadt|Stuttgart Flughafen/Messe|Echterdingen|Leinfelden|Oberaichen|Stuttgart-Rohr,8005776,Stuttgart-Vaihingen,Baden-Württemberg,Stuttgart,70563,9.113913368,48.72698116,3,2601031220,,2601031221,,,,,,,,,,,0.0,1.0
7206179278625566012-2601031230-1,7330,,2601031230,,,S,S3,,8005776,Stuttgart-Vaihingen,Baden-Württemberg,Stuttgart,70563,9.113913368,48.72698116,3,,,2601031231,,,,,,,,,,,0.0,1.0
7608028257592331283-2601031204-12,7029,2601031241,2601031241,2,,S,S60,Böblingen|Sindelfingen|Maichingen|Maichingen Nord|Magstadt|Renningen Süd|Renningen|Rutesheim|Leonberg|Höfingen|Ditzingen,8006268,Stuttgart-Weilimdorf,Baden-Württemberg,Stuttgart,70499,9.094370086,48.82208429,5,2601031242,,2601031242,,,,,,,,,,,1.0,1.0
-4444589756830246864-2601031218-8,7929,2601031241,2601031241,2,,S,S6,Weil der Stadt|Malmsheim|Renningen|Rutesheim|Leonberg|Höfingen|Ditzingen,8006268,Stuttgart-Weilimdorf,Baden-Württemberg,Stuttgart,70499,9.094370086,48.82208429,5,2601031242,,2601031242,,,,,,,,,,,1.0,1.0
3131517444573088003-2601031148-8,7927,2601031211,2601031211,2,,S,S6,Weil der Stadt|Malmsheim|Renningen|Rutesheim|Leonberg|Höfingen|Ditzingen,8006268,Stuttgart-Weilimdorf,Baden-Württemberg,Stuttgart,70499,9.094370086,48.82208429,5,2601031217,,2601031217,,,,,,,,,,,6.0,6.0
3519679731657304538-2601031142-10,7626,2601031203,2601031203,1,,S,S6,Stuttgart Schwabstr.|Stuttgart Feuersee|Stuttgart Stadtmitte|Stuttgart Hbf (tief)|Stuttgart Nordbahnhof|Stuttgart-Feuerbach|Stuttgart-Zuffenhausen|Neuwirtshaus(Porscheplatz)|Korntal,8006268,Stuttgart-Weilimdorf,Baden-Württemberg,Stuttgart,70499,9.094370086,48.82208429,5,2601031205,,2601031206,,,,,,,,,,,2.0,3.0
3112151770582767081-2601031157-10,7932,2601031218,2601031218,1,,S,S6,Stuttgart Schwabstr.|Stuttgart Feuersee|Stuttgart Stadtmitte|Stuttgart Hbf (tief)|Stuttgart Nordbahnhof|Stuttgart-Feuerbach|Stuttgart-Zuffenhausen|Neuwirtshaus(Porscheplatz)|Korntal,8006268,Stuttgart-Weilimdorf,Baden-Württemberg,Stuttgart,70499,9.094370086,48.82208429,5,2601031219,,2601031219,,,,,,,,,,,1.0,1.0
-7035220678398818959-2601031212-10,7628,2601031233,2601031233,1,,S,S6,Stuttgart Schwabstr.|Stuttgart Feuersee|Stuttgart Stadtmitte|Stuttgart Hbf (tief)|Stuttgart Nordbahnhof|Stuttgart-Feuerbach|Stuttgart-Zuffenhausen|Neuwirtshaus(Porscheplatz)|Korntal,8006268,Stuttgart-Weilimdorf,Baden-Württemberg,Stuttgart,70499,9.094370086,48.82208429,5,2601031237,,2601031237,,,,,,,,,,,4.0,4.0
-3839002302897574901-2601031157-10,7032,2601031218,2601031218,1,,S,S60,Stuttgart Schwabstr.|Stuttgart Feuersee|Stuttgart Stadtmitte|Stuttgart Hbf (tief)|Stuttgart Nordbahnhof|Stuttgart-Feuerbach|Stuttgart-Zuffenhausen|Neuwirtshaus(Porscheplatz)|Korntal,8006268,Stuttgart-Weilimdorf,Baden-Württemberg,Stuttgart,70499,9.094370086,48.82208429,5,2601031219,,2601031219,,,,,,,,,,,1.0,1.0
-2997586613667252816-2601031134-12,7027,2601031211,2601031211,2,,S,S60,Böblingen|Sindelfingen|Maichingen|Maichingen Nord|Magstadt|Renningen Süd|Renningen|Rutesheim|Leonberg|Höfingen|Ditzingen,8006268,Stuttgart-Weilimdorf,Baden-Württemberg,Stuttgart,70499,9.094370086,48.82208429,5,2601031217,,2601031217,,,,,,,,,,,6.0,6.0
-7003931357074639826-2601031227-10,7934,2601031248,2601031248,1,,S,S6,Stuttgart Schwabstr.|Stuttgart Feuersee|Stuttgart Stadtmitte|Stuttgart Hbf (tief)|Stuttgart Nordbahnhof|Stuttgart-Feuerbach|Stuttgart-Zuffenhausen|Neuwirtshaus(Porscheplatz)|Korntal,8006268,Stuttgart-Weilimdorf,Baden-Württemberg,Stuttgart,70499,9.094370086,48.82208429,5,2601031248,,2601031248,,,,,,,,,,,0.0,0.0
-8922964933325247623-2601031233-8,7633,2601031256,2601031256,2,,S,S6,Weil der Stadt|Malmsheim|Renningen|Rutesheim|Leonberg|Höfingen|Ditzingen,8006268,Stuttgart-Weilimdorf,Baden-Württemberg,Stuttgart,70499,9.094370086,48.82208429,5,2601031256,,2601031256,,,,,,,,,,,0.0,0.0
8207272767207255575-2601031203-8,7631,2601031226,2601031226,2,,S,S6,Weil der Stadt|Malmsheim|Renningen|Rutesheim|Leonberg|Höfingen|Ditzingen,8006268,Stuttgart-Weilimdorf,Baden-Württemberg,Stuttgart,70499,9.094370086,48.82208429,5,2601031226,,2601031226,,,,,,,,,,,0.0,0.0
9194663872562058086-2601031227-10,7034,2601031248,2601031248,1,,S,S60,Stuttgart Schwabstr.|Stuttgart Feuersee|Stuttgart Stadtmitte|Stuttgart Hbf (tief)|Stuttgart Nordbahnhof|Stuttgart-Feuerbach|Stuttgart-Zuffenhausen|Neuwirtshaus(Porscheplatz)|Korntal,8006268,Stuttgart-Weilimdorf,Baden-Württemberg,Stuttgart,70499,9.094370086,48.82208429,5,2601031248,,2601031248,,,,,,,,,,,0.0,0.0
-4501469853120362621-2601031210-7,28395,2601031228,2601031229,2,,S,S4,Marbach(Neckar)|Benningen(Neckar)|Freiberg(Neckar)|Favoritepark|Ludwigsburg|Kornwestheim Pbf,8005778,Stuttgart-Zuffenhausen,Baden-Württemberg,Stuttgart,70435,9.167156375,48.82960884,3,2601031229,,2601031229,,,,,,,,,,,1.0,0.0
7608028257592331283-2601031204-15,7029,2601031248,2601031249,12,,S,S60,Böblingen|Sindelfingen|Maichingen|Maichingen Nord|Magstadt|Renningen Süd|Renningen|Rutesheim|Leonberg|Höfingen|Ditzingen|Weilimdorf|Korntal|Neuwirtshaus(Porscheplatz),8005778,Stuttgart-Zuffenhausen,Baden-Württemberg,Stuttgart,70435,9.167156375,48.82960884,3,2601031249,,2601031249,,,,,,,,,,,1.0,0.0
5127975581387066276-2601031202-7,7426,2601031216,2601031217,4,,S,S4,Stuttgart Schwabstr.|Stuttgart Feuersee|Stuttgart Stadtmitte|Stuttgart Hbf (tief)|Stuttgart Nordbahnhof|Stuttgart-Feuerbach,8005778,Stuttgart-Zuffenhausen,Baden-Württemberg,Stuttgart,70435,9.167156375,48.82960884,3,2601031219,,2601031219,,,,,,,,,,,3.0,2.0
3717617338847420907-2601031152-6,28465,2601031208,2601031209,2,,S,S5,Bietigheim-Bissingen|Tamm(Württ)|Asperg|Ludwigsburg|Kornwestheim Pbf,8005778,Stuttgart-Zuffenhausen,Baden-Württemberg,Stuttgart,70435,9.167156375,48.82960884,3,2601031210,,2601031210,,,,,,,,,,,2.0,1.0
-4444589756830246864-2601031218-11,7929,2601031248,2601031249,12,,S,S6,Weil der Stadt|Malmsheim|Renningen|Rutesheim|Leonberg|Höfingen|Ditzingen|Weilimdorf|Korntal|Neuwirtshaus(Porscheplatz),8005778,Stuttgart-Zuffenhausen,Baden-Württemberg,Stuttgart,70435,9.167156375,48.82960884,3,2601031249,,2601031249,,,,,,,,,,,1.0,0.0
3131517444573088003-2601031148-11,7927,2601031218,2601031219,12,,S,S6,Weil der Stadt|Malmsheim|Renningen|Rutesheim|Leonberg|Höfingen|Ditzingen|Weilimdorf|Korntal|Neuwirtshaus(Porscheplatz),8005778,Stuttgart-Zuffenhausen,Baden-Württemberg,Stuttgart,70435,9.167156375,48.82960884,3,2601031225,,2601031224,,,,,,,,,,,7.0,5.0
8332536860707671559-2601031207-7,28464,2601031221,2601031222,4,,S,S5,Stuttgart Schwabstr.|Stuttgart Feuersee|Stuttgart Stadtmitte|Stuttgart Hbf (tief)|Stuttgart Nordbahnhof|Stuttgart-Feuerbach,8005778,Stuttgart-Zuffenhausen,Baden-Württemberg,Stuttgart,70435,9.167156375,48.82960884,3,2601031222,,2601031222,,,,,,,,,,,1.0,0.0
-144422822861230009-2601031237-6,7533,2601031253,2601031254,2,,S,S5,Bietigheim-Bissingen|Tamm(Württ)|Asperg|Ludwigsburg|Kornwestheim Pbf,8005778,Stuttgart-Zuffenhausen,Baden-Württemberg,Stuttgart,70435,9.167156375,48.82960884,3,2601031254,,2601031254,,,,,,,,,,,1.0,0.0
6534681549550626676-2601031217-7,28398,2601031231,2601031232,4,,S,S4,Stuttgart Schwabstr.|Stuttgart Feuersee|Stuttgart Stadtmitte|Stuttgart Hbf (tief)|Stuttgart Nordbahnhof|Stuttgart-Feuerbach,8005778,Stuttgart-Zuffenhausen,Baden-Württemberg,Stuttgart,70435,9.167156375,48.82960884,3,2601031236,,2601031236,,,,,,,,,,,5.0,4.0
-3504815606642380245-2601031222-6,28467,2601031238,2601031239,2,,S,S5,Bietigheim-Bissingen|Tamm(Württ)|Asperg|Ludwigsburg|Kornwestheim Pbf,8005778,Stuttgart-Zuffenhausen,Baden-Württemberg,Stuttgart,70435,9.167156375,48.82960884,3,2601031238,,2601031239,,,,,,,,,,,0.0,0.0
-661438075088023210-2601031242-7,7630,2601031256,2601031257,11,,S,S6,Stuttgart Schwabstr.|Stuttgart Feuersee|Stuttgart Stadtmitte|Stuttgart Hbf (tief)|Stuttgart Nordbahnhof|Stuttgart-Feuerbach,8005778,Stuttgart-Zuffenhausen,Baden-Württemberg,Stuttgart,70435,9.167156375,48.82960884,3,2601031259,,2601031259,,,,,,,,,,,3.0,2.0
4009390930234313645-2601031147-7,28396,2601031201,2601031202,4,,S,S4,Stuttgart Schwabstr.|Stuttgart Feuersee|Stuttgart Stadtmitte|Stuttgart Hbf (tief)|Stuttgart Nordbahnhof|Stuttgart-Feuerbach,8005778,Stuttgart-Zuffenhausen,Baden-Württemberg,Stuttgart,70435,9.167156375,48.82960884,3,2601031203,,2601031203,,,,,,,,,,,2.0,1.0
-4761009494772144822-2601031152-7,7528,2601031206,2601031207,4,,S,S5,Stuttgart Schwabstr.|Stuttgart Feuersee|Stuttgart Stadtmitte|Stuttgart Hbf (tief)|Stuttgart Nordbahnhof|Stuttgart-Feuerbach,8005778,Stuttgart-Zuffenhausen,Baden-Württemberg,Stuttgart,70435,9.167156375,48.82960884,3,2601031208,,2601031208,,,,,,,,,,,2.0,1.0
-182569074075306425-2601031222-7,7530,2601031236,2601031237,4,,S,S5,Stuttgart Schwabstr.|Stuttgart Feuersee|Stuttgart Stadtmitte|Stuttgart Hbf (tief)|Stuttgart Nordbahnhof|Stuttgart-Feuerbach,8005778,Stuttgart-Zuffenhausen,Baden-Württemberg,Stuttgart,70435,9.167156375,48.82960884,3,,,,,,,,,,,,c,c,0.0,0.0
5693136962771673302-2601031232-7,7428,2601031246,2601031247,4,,S,S4,Stuttgart Schwabstr.|Stuttgart Feuersee|Stuttgart Stadtmitte|Stuttgart Hbf (tief)|Stuttgart Nordbahnhof|Stuttgart-Feuerbach,8005778,Stuttgart-Zuffenhausen,Baden-Württemberg,Stuttgart,70435,9.167156375,48.82960884,3,2601031247,,2601031248,,,,,,,,,,,1.0,1.0
3112151770582767081-2601031157-7,7932,2601031211,2601031212,11,,S,S6,Stuttgart Schwabstr.|Stuttgart Feuersee|Stuttgart Stadtmitte|Stuttgart Hbf (tief)|Stuttgart Nordbahnhof|Stuttgart-Feuerbach,8005778,Stuttgart-Zuffenhausen,Baden-Württemberg,Stuttgart,70435,9.167156375,48.82960884,3,2601031213,,2601031213,,,,,,,,,,,2.0,1.0
-7035220678398818959-2601031212-7,7628,2601031226,2601031227,11,,S,S6,Stuttgart Schwabstr.|Stuttgart Feuersee|Stuttgart Stadtmitte|Stuttgart Hbf (tief)|Stuttgart Nordbahnhof|Stuttgart-Feuerbach,8005778,Stuttgart-Zuffenhausen,Baden-Württemberg,Stuttgart,70435,9.167156375,48.82960884,3,2601031231,,2601031231,,,,,,,,,,,5.0,4.0
-3901454027336800522-2601031203-11,7431,2601031243,2601031244,2,,S,S4,Backnang|Burgstall(Murr)|Kirchberg(Murr)|Erdmannhausen|Marbach(Neckar)|Benningen(Neckar)|Freiberg(Neckar)|Favoritepark|Ludwigsburg|Kornwestheim Pbf,8005778,Stuttgart-Zuffenhausen,Baden-Württemberg,Stuttgart,70435,9.167156375,48.82960884,3,2601031243,,2601031244,,,,,,,,,,,0.0,0.0
6476044054617913836-2601031133-11,7629,2601031203,2601031204,12,,S,S6,Weil der Stadt|Malmsheim|Renningen|Rutesheim|Leonberg|Höfingen|Ditzingen|Weilimdorf|Korntal|Neuwirtshaus(Porscheplatz),8005778,Stuttgart-Zuffenhausen,Baden-Württemberg,Stuttgart,70435,9.167156375,48.82960884,3,2601031204,,2601031204,,,,,,,,,,,1.0,0.0
-3839002302897574901-2601031157-7,7032,2601031211,2601031212,11,,S,S60,Stuttgart Schwabstr.|Stuttgart Feuersee|Stuttgart Stadtmitte|Stuttgart Hbf (tief)|Stuttgart Nordbahnhof|Stuttgart-Feuerbach,8005778,Stuttgart-Zuffenhausen,Baden-Württemberg,Stuttgart,70435,9.167156375,48.82960884,3,2601031213,,2601031213,,,,,,,,,,,2.0,1.0
-1050718254766280262-2601031240-7,28397,2601031258,2601031259,2,,S,S4,Marbach(Neckar)|Benningen(Neckar)|Freiberg(Neckar)|Favoritepark|Ludwigsburg|Kornwestheim Pbf,8005778,Stuttgart-Zuffenhausen,Baden-Württemberg,Stuttgart,70435,9.167156375,48.82960884,3,2601031258,,2601031259,,,,,,,,,,,0.0,0.0
-2997586613667252816-2601031134-15,7027,2601031218,2601031219,12,,S,S60,Böblingen|Sindelfingen|Maichingen|Maichingen Nord|Magstadt|Renningen Süd|Renningen|Rutesheim|Leonberg|Höfingen|Ditzingen|Weilimdorf|Korntal|Neuwirtshaus(Porscheplatz),8005778,Stuttgart-Zuffenhausen,Baden-Württemberg,Stuttgart,70435,9.167156375,48.82960884,3,2601031225,,2601031224,,,,,,,,,,,7.0,5.0
-7003931357074639826-2601031227-7,7934,2601031241,2601031242,11,,S,S6,Stuttgart Schwabstr.|Stuttgart Feuersee|Stuttgart Stadtmitte|Stuttgart Hbf (tief)|Stuttgart Nordbahnhof|Stuttgart-Feuerbach,8005778,Stuttgart-Zuffenhausen,Baden-Württemberg,Stuttgart,70435,9.167156375,48.82960884,3,2601031241,,2601031242,,,,,,,,,,,0.0,0.0
3655115014084866226-2601031237-7,28466,2601031251,2601031252,4,,S,S5,Stuttgart Schwabstr.|Stuttgart Feuersee|Stuttgart Stadtmitte|Stuttgart Hbf (tief)|Stuttgart Nordbahnhof|Stuttgart-Feuerbach,8005778,Stuttgart-Zuffenhausen,Baden-Württemberg,Stuttgart,70435,9.167156375,48.82960884,3,2601031253,,2601031254,,,,,,,,,,,2.0,2.0
2930744972942057808-2601031207-6,7531,2601031223,2601031224,2,,S,S5,Bietigheim-Bissingen|Tamm(Württ)|Asperg|Ludwigsburg|Kornwestheim Pbf,8005778,Stuttgart-Zuffenhausen,Baden-Württemberg,Stuttgart,70435,9.167156375,48.82960884,3,,,,,,,,,,,,c,c,0.0,0.0
-2837347101663805561-2601031133-11,7429,2601031213,2601031214,2,,S,S4,Backnang|Burgstall(Murr)|Kirchberg(Murr)|Erdmannhausen|Marbach(Neckar)|Benningen(Neckar)|Freiberg(Neckar)|Favoritepark|Ludwigsburg|Kornwestheim Pbf,8005778,Stuttgart-Zuffenhausen,Baden-Württemberg,Stuttgart,70435,9.167156375,48.82960884,3,2601031214,,2601031214,,,,,,,,,,,1.0,0.0
8207272767207255575-2601031203-11,7631,2601031233,2601031234,12,,S,S6,Weil der Stadt|Malmsheim|Renningen|Rutesheim|Leonberg|Höfingen|Ditzingen|Weilimdorf|Korntal|Neuwirtshaus(Porscheplatz),8005778,Stuttgart-Zuffenhausen,Baden-Württemberg,Stuttgart,70435,9.167156375,48.82960884,3,2601031233,,2601031234,,,,,,,,,,,0.0,0.0
9194663872562058086-2601031227-7,7034,2601031241,2601031242,11,,S,S60,Stuttgart Schwabstr.|Stuttgart Feuersee|Stuttgart Stadtmitte|Stuttgart Hbf (tief)|Stuttgart Nordbahnhof|Stuttgart-Feuerbach,8005778,Stuttgart-Zuffenhausen,Baden-Württemberg,Stuttgart,70435,9.167156375,48.82960884,3,2601031241,,2601031242,,,,,,,,,,,0.0,0.0
-1322517664793731027-2601031137-11,28462,2601031204,2601031205,3,,S,S5,Stuttgart Schwabstr.|Stuttgart Feuersee|Stuttgart Stadtmitte|Stuttgart Hbf (tief)|Stuttgart Nordbahnhof|Stuttgart-Feuerbach|Stuttgart-Zuffenhausen|Kornwestheim Pbf|Ludwigsburg|Asperg,8005820,Tamm (Württ),Baden-Württemberg,Tamm,71732,9.125288012,48.92187736,4,2601031208,,2601031208,,h,1,Störung,,,,,,,4.0,3.0
8332536860707671559-2601031207-11,28464,2601031234,2601031235,3,,S,S5,Stuttgart Schwabstr.|Stuttgart Feuersee|Stuttgart Stadtmitte|Stuttgart Hbf (tief)|Stuttgart Nordbahnhof|Stuttgart-Feuerbach|Stuttgart-Zuffenhausen|Kornwestheim Pbf|Ludwigsburg|Asperg,8005820,Tamm (Württ),Baden-Württemberg,Tamm,71732,9.125288012,48.92187736,4,2601031235,,2601031235,,,,,,,,,,,1.0,0.0
-144422822861230009-2601031237-2,7533,2601031240,2601031240,2,,S,S5,Bietigheim-Bissingen,8005820,Tamm (Württ),Baden-Württemberg,Tamm,71732,9.125288012,48.92187736,4,2601031240,,2601031241,,,,,,,,,,,0.0,1.0
-3504815606642380245-2601031222-2,28467,2601031225,2601031225,2,,S,S5,Bietigheim-Bissingen,8005820,Tamm (Württ),Baden-Württemberg,Tamm,71732,9.125288012,48.92187736,4,2601031225,,2601031225,,,,,,,,,,,0.0,0.0
-4761009494772144822-2601031152-11,7528,2601031219,2601031220,3,,S,S5,Stuttgart Schwabstr.|Stuttgart Feuersee|Stuttgart Stadtmitte|Stuttgart Hbf (tief)|Stuttgart Nordbahnhof|Stuttgart-Feuerbach|Stuttgart-Zuffenhausen|Kornwestheim Pbf|Ludwigsburg|Asperg,8005820,Tamm (Württ),Baden-Württemberg,Tamm,71732,9.125288012,48.92187736,4,2601031221,,2601031221,,,,,,,,,,,2.0,1.0
-182569074075306425-2601031222-11,7530,2601031249,2601031250,3,,S,S5,Stuttgart Schwabstr.|Stuttgart Feuersee|Stuttgart Stadtmitte|Stuttgart Hbf (tief)|Stuttgart Nordbahnhof|Stuttgart-Feuerbach|Stuttgart-Zuffenhausen|Kornwestheim Pbf|Ludwigsburg|Asperg,8005820,Tamm (Württ),Baden-Württemberg,Tamm,71732,9.125288012,48.92187736,4,,,,,,,,,,,,c,c,0.0,0.0
-4288525857753429602-2601031252-2,28469,2601031255,2601031255,2,,S,S5,Bietigheim-Bissingen,8005820,Tamm (Württ),Baden-Württemberg,Tamm,71732,9.125288012,48.92187736,4,2601031255,,2601031255,,,,,,,,,,,0.0,0.0
2930744972942057808-2601031207-2,7531,2601031210,2601031210,2,,S,S5,Bietigheim-Bissingen,8005820,Tamm (Württ),Baden-Württemberg,Tamm,71732,9.125288012,48.92187736,4,,,,,,,,,,,,c,c,0.0,0.0
-97699751698418973-2601031241-7,7333,2601031259,2601031300,1,,S,S3,Backnang|Maubach|Nellmersbach|Winnenden|Schwaikheim|Neustadt-Hohenacker,8000180,Waiblingen,Baden-Württemberg,Waiblingen,71332,9.300476874,48.8262444,3,2601031259,,2601031300,,,,,,,,,,,0.0,0.0
-8725533177147162662-2601031233-10,7829,2601031254,2601031255,5,,S,S2,Schorndorf|Weiler(Rems)|Winterbach(b Schorndorf)|Geradstetten|Grunbach|Beutelsbach|Endersbach|Stetten-Beinstein|Rommelshausen,8000180,Waiblingen,Baden-Württemberg,Waiblingen,71332,9.300476874,48.8262444,3,2601031254,,2601031255,,,,,,,,,,,0.0,0.0
-3193439599918682335-2601031132-9,17530,2601031220,2601031221,1,,RB,MEX19,Gaildorf West|Fichtenberg|Fornsbach|Murrhardt|Sulzbach(Murr)|Oppenweiler(Württ)|Backnang|Winnenden,8000180,Waiblingen,Baden-Württemberg,Waiblingen,71332,9.300476874,48.8262444,3,2601031222,,2601031224,,,,,,,,,,,2.0,3.0
-7749775710427008689-2601031038-18,88614,2601031251,2601031252,1,,ARV,RE90,Nürnberg Hbf|Roßtal|Heilsbronn|Wicklesgreuth|Ansbach|Leutershausen-Wiedersbach|Dombühl|Schnelldorf|Crailsheim|Eckartshausen-Ilshofen|Schwäbisch Hall-Hessental|Gaildorf West|Murrhardt|Sulzbach(Murr)|Oppenweiler(Württ)|Backnang|Winnenden,8000180,Waiblingen,Baden-Württemberg,Waiblingen,71332,9.300476874,48.8262444,3,2601031252,,2601031253,,,,,,,,,,,1.0,1.0
3177327826888597271-2601031218-10,7233,2601031239,2601031240,5,,S,S2,Schorndorf|Weiler(Rems)|Winterbach(b Schorndorf)|Geradstetten|Grunbach|Beutelsbach|Endersbach|Stetten-Beinstein|Rommelshausen,8000180,Waiblingen,Baden-Württemberg,Waiblingen,71332,9.300476874,48.8262444,3,2601031240,,2601031240,,,,,,,,,,,1.0,0.0
4152739802628459938-2601031155-3,17525,2601031206,2601031207,3,,RE,MEX90,Stuttgart Hbf|Stuttgart-Bad Cannstatt,8000180,Waiblingen,Baden-Württemberg,Waiblingen,71332,9.300476874,48.8262444,3,2601031209,,2601031210,,,,,,,,,,,3.0,3.0
-2797726383545175511-2601031226-7,28327,2601031244,2601031245,1,,S,S3,Backnang|Maubach|Nellmersbach|Winnenden|Schwaikheim|Neustadt-Hohenacker,8000180,Waiblingen,Baden-Württemberg,Waiblingen,71332,9.300476874,48.8262444,3,2601031245,,2601031245,,,,,,,,,,,1.0,0.0
504511267373916834-2601031148-18,7828,2601031234,2601031235,7,,S,S2,Filderstadt|Stuttgart Flughafen/Messe|Echterdingen|Leinfelden|Oberaichen|Stuttgart-Rohr|Stuttgart-Vaihingen|Stuttgart-Österfeld|Stuttgart Universität|Stuttgart Schwabstr.|Stuttgart Feuersee|Stuttgart Stadtmitte|Stuttgart Hbf (tief)|Stuttgart-Bad Cannstatt|Stuttgart Nürnberger Str.|Stuttgart-Sommerrain|Fellbach,8000180,Waiblingen,Baden-Württemberg,Waiblingen,71332,9.300476874,48.8262444,3,2601031235,,2601031235,,,,,,,,,,,1.0,0.0
-2732981563110923380-2601031148-10,7231,2601031209,2601031210,5,,S,S2,Schorndorf|Weiler(Rems)|Winterbach(b Schorndorf)|Geradstetten|Grunbach|Beutelsbach|Endersbach|Stetten-Beinstein|Rommelshausen,8000180,Waiblingen,Baden-Württemberg,Waiblingen,71332,9.300476874,48.8262444,3,2601031209,,2601031210,,,,,,,,,,,0.0,0.0
4960236751390972026-2601031200-12,7328,2601031229,2601031230,3,,S,S3,Stuttgart-Vaihingen|Stuttgart-Österfeld|Stuttgart Universität|Stuttgart Schwabstr.|Stuttgart Feuersee|Stuttgart Stadtmitte|Stuttgart Hbf (tief)|Stuttgart-Bad Cannstatt|Stuttgart Nürnberger Str.|Stuttgart-Sommerrain|Fellbach,8000180,Waiblingen,Baden-Württemberg,Waiblingen,71332,9.300476874,48.8262444,3,2601031231,,2601031231,,,,,,,,,,,2.0,1.0
-4520082460048067316-2601031203-10,7827,2601031224,2601031225,5,,S,S2,Schorndorf|Weiler(Rems)|Winterbach(b Schorndorf)|Geradstetten|Grunbach|Beutelsbach|Endersbach|Stetten-Beinstein|Rommelshausen,8000180,Waiblingen,Baden-Württemberg,Waiblingen,71332,9.300476874,48.8262444,3,2601031225,,2601031225,,,,,,,,,,,1.0,0.0
8851012744564607240-2601031211-7,7331,2601031229,2601031230,1,,S,S3,Backnang|Maubach|Nellmersbach|Winnenden|Schwaikheim|Neustadt-Hohenacker,8000180,Waiblingen,Baden-Württemberg,Waiblingen,71332,9.300476874,48.8262444,3,2601031231,,2601031231,,,,,,,,,,,2.0,1.0
-1383251403817765975-2601031149-3,19415,2601031202,2601031202,6,,ARV,MEX13,Stuttgart Hbf|Stuttgart-Bad Cannstatt,8000180,Waiblingen,Baden-Württemberg,Waiblingen,71332,9.300476874,48.8262444,3,2601031202,,2601031202,,,,,,,,,,,0.0,0.0
-4376819822122462379-2601031133-18,7226,2601031219,2601031220,7,,S,S2,Filderstadt|Stuttgart Flughafen/Messe|Echterdingen|Leinfelden|Oberaichen|Stuttgart-Rohr|Stuttgart-Vaihingen|Stuttgart-Österfeld|Stuttgart Universität|Stuttgart Schwabstr.|Stuttgart Feuersee|Stuttgart Stadtmitte|Stuttgart Hbf (tief)|Stuttgart-Bad Cannstatt|Stuttgart Nürnberger Str.|Stuttgart-Sommerrain|Fellbach,8000180,Waiblingen,Baden-Württemberg,Waiblingen,71332,9.300476874,48.8262444,3,2601031222,,2601031222,,,,,,,,,,,3.0,2.0
-3955134605586594139-2601031141-7,7329,2601031159,2601031200,1,,S,S3,Backnang|Maubach|Nellmersbach|Winnenden|Schwaikheim|Neustadt-Hohenacker,8000180,Waiblingen,Baden-Württemberg,Waiblingen,71332,9.300476874,48.8262444,3,2601031159,,2601031200,,,,,,,,,,,0.0,0.0
5532078017754681393-2601031215-12,28326,2601031244,2601031245,3,,S,S3,Stuttgart-Vaihingen|Stuttgart-Österfeld|Stuttgart Universität|Stuttgart Schwabstr.|Stuttgart Feuersee|Stuttgart Stadtmitte|Stuttgart Hbf (tief)|Stuttgart-Bad Cannstatt|Stuttgart Nürnberger Str.|Stuttgart-Sommerrain|Fellbach,8000180,Waiblingen,Baden-Württemberg,Waiblingen,71332,9.300476874,48.8262444,3,2601031246,,2601031247,,,,,,,,,,,2.0,2.0
-4536433194496505288-2601031130-12,7326,2601031159,2601031200,3,,S,S3,Stuttgart-Vaihingen|Stuttgart-Österfeld|Stuttgart Universität|Stuttgart Schwabstr.|Stuttgart Feuersee|Stuttgart Stadtmitte|Stuttgart Hbf (tief)|Stuttgart-Bad Cannstatt|Stuttgart Nürnberger Str.|Stuttgart-Sommerrain|Fellbach,8000180,Waiblingen,Baden-Württemberg,Waiblingen,71332,9.300476874,48.8262444,3,2601031205,,2601031205,,,,,,,,,,,6.0,5.0
5345487978883829702-2601031207-10,19420,2601031258,2601031258,6,,ARV,MEX13,Aalen Hbf|Mögglingen(Gmünd)|Böbingen(Rems)|Schwäbisch Gmünd|Lorch(Württ)|Waldhausen(b Schorndorf)|Plüderhausen|Urbach(b Schorndorf)|Schorndorf,8000180,Waiblingen,Baden-Württemberg,Waiblingen,71332,9.300476874,48.8262444,3,2601031300,,2601031300,,,,,,,,,,,2.0,2.0
-83917606962888125-2601031156-7,28325,2601031214,2601031215,1,,S,S3,Backnang|Maubach|Nellmersbach|Winnenden|Schwaikheim|Neustadt-Hohenacker,8000180,Waiblingen,Baden-Württemberg,Waiblingen,71332,9.300476874,48.8262444,3,2601031214,,2601031215,,,,,,,,,,,0.0,0.0
-3444202453718850758-2601031118-18,7826,2601031204,2601031205,7,,S,S2,Filderstadt|Stuttgart Flughafen/Messe|Echterdingen|Leinfelden|Oberaichen|Stuttgart-Rohr|Stuttgart-Vaihingen|Stuttgart-Österfeld|Stuttgart Universität|Stuttgart Schwabstr.|Stuttgart Feuersee|Stuttgart Stadtmitte|Stuttgart Hbf (tief)|Stuttgart-Bad Cannstatt|Stuttgart Nürnberger Str.|Stuttgart-Sommerrain|Fellbach,8000180,Waiblingen,Baden-Württemberg,Waiblingen,71332,9.300476874,48.8262444,3,2601031208,,2601031208,,,,,,,,,,,4.0,3.0
-3860455667623039078-2601031220-3,19467,2601031232,2601031232,6,,ARV,MEX13,Stuttgart Hbf|Stuttgart-Bad Cannstatt,8000180,Waiblingen,Baden-Württemberg,Waiblingen,71332,9.300476874,48.8262444,3,2601031232,,2601031232,,,,,,,,,,,0.0,0.0
6168129635936742431-2601031203-18,7228,2601031249,2601031250,7,,S,S2,Filderstadt|Stuttgart Flughafen/Messe|Echterdingen|Leinfelden|Oberaichen|Stuttgart-Rohr|Stuttgart-Vaihingen|Stuttgart-Österfeld|Stuttgart Universität|Stuttgart Schwabstr.|Stuttgart Feuersee|Stuttgart Stadtmitte|Stuttgart Hbf (tief)|Stuttgart-Bad Cannstatt|Stuttgart Nürnberger Str.|Stuttgart-Sommerrain|Fellbach,8000180,Waiblingen,Baden-Württemberg,Waiblingen,71332,9.300476874,48.8262444,3,2601031251,,2601031251,,,,,,,,,,,2.0,1.0
7206179278625566012-2601031230-12,7330,2601031259,2601031300,3,,S,S3,Stuttgart-Vaihingen|Stuttgart-Österfeld|Stuttgart Universität|Stuttgart Schwabstr.|Stuttgart Feuersee|Stuttgart Stadtmitte|Stuttgart Hbf (tief)|Stuttgart-Bad Cannstatt|Stuttgart Nürnberger Str.|Stuttgart-Sommerrain|Fellbach,8000180,Waiblingen,Baden-Württemberg,Waiblingen,71332,9.300476874,48.8262444,3,2601031302,,2601031302,,,,,,,,,,,3.0,2.0
3982192266941366031-2601031226-3,17527,2601031237,2601031238,3,,RB,MEX19,Stuttgart Hbf|Stuttgart-Bad Cannstatt,8000180,Waiblingen,Baden-Württemberg,Waiblingen,71332,9.300476874,48.8262444,3,2601031237,,2601031238,,,,,,,,,,,0.0,0.0
5274226899640306616-2601031145-12,28324,2601031214,2601031215,3,,S,S3,Stuttgart-Vaihingen|Stuttgart-Österfeld|Stuttgart Universität|Stuttgart Schwabstr.|Stuttgart Feuersee|Stuttgart Stadtmitte|Stuttgart Hbf (tief)|Stuttgart-Bad Cannstatt|Stuttgart Nürnberger Str.|Stuttgart-Sommerrain|Fellbach,8000180,Waiblingen,Baden-Württemberg,Waiblingen,71332,9.300476874,48.8262444,3,2601031216,,2601031216,,,,,,,,,,,2.0,1.0
7732802453043643664-2601031111-16,19468,2601031228,2601031228,6,,ARV,MEX13,Ellwangen|Schrezheim|Schwabsberg|Goldshöfe|Hofen(b Aalen)|Wasseralfingen|Aalen Hbf|Mögglingen(Gmünd)|Böbingen(Rems)|Schwäbisch Gmünd|Lorch(Württ)|Waldhausen(b Schorndorf)|Plüderhausen|Urbach(b Schorndorf)|Schorndorf,8000180,Waiblingen,Baden-Württemberg,Waiblingen,71332,9.300476874,48.8262444,3,2601031229,,2601031229,,,,,,,,,,,1.0,1.0
-4444589756830246864-2601031218-1,7929,,2601031218,,,S,S6,,8006271,Weil der Stadt,Baden-Württemberg,Weil der Stadt,71263,8.873189074,48.7557357,4,,,2601031218,,,,,,,,,,,0.0,0.0
-4671468548274859337-2601031248-1,7931,,2601031248,,,S,S6,,8006271,Weil der Stadt,Baden-Württemberg,Weil der Stadt,71263,8.873189074,48.7557357,4,,,2601031248,,,,,,,,,,,0.0,0.0
-4467381660354326502-2601031127-17,7930,2601031212,,2,,S,,Stuttgart Schwabstr.|Stuttgart Feuersee|Stuttgart Stadtmitte|Stuttgart Hbf (tief)|Stuttgart Nordbahnhof|Stuttgart-Feuerbach|Stuttgart-Zuffenhausen|Neuwirtshaus(Porscheplatz)|Korntal|Weilimdorf|Ditzingen|Höfingen|Leonberg|Rutesheim|Renningen|Malmsheim,8006271,Weil der Stadt,Baden-Württemberg,Weil der Stadt,71263,8.873189074,48.7557357,4,2601031214,,,,,,,,,,,,,2.0,0.0
3519679731657304538-2601031142-17,7626,2601031227,,2,,S,,Stuttgart Schwabstr.|Stuttgart Feuersee|Stuttgart Stadtmitte|Stuttgart Hbf (tief)|Stuttgart Nordbahnhof|Stuttgart-Feuerbach|Stuttgart-Zuffenhausen|Neuwirtshaus(Porscheplatz)|Korntal|Weilimdorf|Ditzingen|Höfingen|Leonberg|Rutesheim|Renningen|Malmsheim,8006271,Weil der Stadt,Baden-Württemberg,Weil der Stadt,71263,8.873189074,48.7557357,4,2601031228,,,,,,,,,,,,,1.0,0.0
3112151770582767081-2601031157-17,7932,2601031242,,2,,S,,Stuttgart Schwabstr.|Stuttgart Feuersee|Stuttgart Stadtmitte|Stuttgart Hbf (tief)|Stuttgart Nordbahnhof|Stuttgart-Feuerbach|Stuttgart-Zuffenhausen|Neuwirtshaus(Porscheplatz)|Korntal|Weilimdorf|Ditzingen|Höfingen|Leonberg|Rutesheim|Renningen|Malmsheim,8006271,Weil der Stadt,Baden-Württemberg,Weil der Stadt,71263,8.873189074,48.7557357,4,2601031242,,,,,,,,,,,,,0.0,0.0
-7035220678398818959-2601031212-17,7628,2601031257,,2,,S,,Stuttgart Schwabstr.|Stuttgart Feuersee|Stuttgart Stadtmitte|Stuttgart Hbf (tief)|Stuttgart Nordbahnhof|Stuttgart-Feuerbach|Stuttgart-Zuffenhausen|Neuwirtshaus(Porscheplatz)|Korntal|Weilimdorf|Ditzingen|Höfingen|Leonberg|Rutesheim|Renningen|Malmsheim,8006271,Weil der Stadt,Baden-Württemberg,Weil der Stadt,71263,8.873189074,48.7557357,4,2601031258,,,,,,,,,,,,,1.0,0.0
-8922964933325247623-2601031233-1,7633,,2601031233,,,S,S6,,8006271,Weil der Stadt,Baden-Württemberg,Weil der Stadt,71263,8.873189074,48.7557357,4,,,2601031233,,,,,,,,,,,0.0,0.0
8207272767207255575-2601031203-1,7631,,2601031203,,,S,S6,,8006271,Weil der Stadt,Baden-Württemberg,Weil der Stadt,71263,8.873189074,48.7557357,4,,,2601031203,,,,,,,,,,,0.0,0.0
-8725533177147162662-2601031233-2,7829,2601031236,2601031236,2,,S,S2,Schorndorf,8006277,Weiler (Rems),Baden-Württemberg,Schorndorf,76314,9.501891172,48.80034585,5,2601031236,,2601031236,,,,,,,,,,,0.0,0.0
3177327826888597271-2601031218-2,7233,2601031221,2601031221,2,,S,S2,Schorndorf,8006277,Weiler (Rems),Baden-Württemberg,Schorndorf,76314,9.501891172,48.80034585,5,2601031221,,2601031221,,,,,,,,,,,0.0,0.0
504511267373916834-2601031148-26,7828,2601031252,2601031252,1,,S,S2,Filderstadt|Stuttgart Flughafen/Messe|Echterdingen|Leinfelden|Oberaichen|Stuttgart-Rohr|Stuttgart-Vaihingen|Stuttgart-Österfeld|Stuttgart Universität|Stuttgart Schwabstr.|Stuttgart Feuersee|Stuttgart Stadtmitte|Stuttgart Hbf (tief)|Stuttgart-Bad Cannstatt|Stuttgart Nürnberger Str.|Stuttgart-Sommerrain|Fellbach|Waiblingen|Rommelshausen|Stetten-Beinstein|Endersbach|Beutelsbach|Grunbach|Geradstetten|Winterbach(b Schorndorf),8006277,Weiler (Rems),Baden-Württemberg,Schorndorf,76314,9.501891172,48.80034585,5,2601031252,,2601031254,,,,,,,,,,,0.0,2.0
-4520082460048067316-2601031203-2,7827,2601031206,2601031206,2,,S,S2,Schorndorf,8006277,Weiler (Rems),Baden-Württemberg,Schorndorf,76314,9.501891172,48.80034585,5,2601031207,,2601031207,,,,,,,,,,,1.0,1.0
-4376819822122462379-2601031133-26,7226,2601031237,2601031237,1,,S,S2,Filderstadt|Stuttgart Flughafen/Messe|Echterdingen|Leinfelden|Oberaichen|Stuttgart-Rohr|Stuttgart-Vaihingen|Stuttgart-Österfeld|Stuttgart Universität|Stuttgart Schwabstr.|Stuttgart Feuersee|Stuttgart Stadtmitte|Stuttgart Hbf (tief)|Stuttgart-Bad Cannstatt|Stuttgart Nürnberger Str.|Stuttgart-Sommerrain|Fellbach|Waiblingen|Rommelshausen|Stetten-Beinstein|Endersbach|Beutelsbach|Grunbach|Geradstetten|Winterbach(b Schorndorf),8006277,Weiler (Rems),Baden-Württemberg,Schorndorf,76314,9.501891172,48.80034585,5,2601031239,,2601031240,,,,,,,,,,,2.0,3.0
-5926818817737787503-2601031103-26,7224,2601031207,2601031207,1,,S,S2,Filderstadt|Stuttgart Flughafen/Messe|Echterdingen|Leinfelden|Oberaichen|Stuttgart-Rohr|Stuttgart-Vaihingen|Stuttgart-Österfeld|Stuttgart Universität|Stuttgart Schwabstr.|Stuttgart Feuersee|Stuttgart Stadtmitte|Stuttgart Hbf (tief)|Stuttgart-Bad Cannstatt|Stuttgart Nürnberger Str.|Stuttgart-Sommerrain|Fellbach|Waiblingen|Rommelshausen|Stetten-Beinstein|Endersbach|Beutelsbach|Grunbach|Geradstetten|Winterbach(b Schorndorf),8006277,Weiler (Rems),Baden-Württemberg,Schorndorf,76314,9.501891172,48.80034585,5,2601031211,,2601031211,,,,,,,,,,,4.0,4.0
-3444202453718850758-2601031118-26,7826,2601031222,2601031222,1,,S,S2,Filderstadt|Stuttgart Flughafen/Messe|Echterdingen|Leinfelden|Oberaichen|Stuttgart-Rohr|Stuttgart-Vaihingen|Stuttgart-Österfeld|Stuttgart Universität|Stuttgart Schwabstr.|Stuttgart Feuersee|Stuttgart Stadtmitte|Stuttgart Hbf (tief)|Stuttgart-Bad Cannstatt|Stuttgart Nürnberger Str.|Stuttgart-Sommerrain|Fellbach|Waiblingen|Rommelshausen|Stetten-Beinstein|Endersbach|Beutelsbach|Grunbach|Geradstetten|Winterbach(b Schorndorf),8006277,Weiler (Rems),Baden-Württemberg,Schorndorf,76314,9.501891172,48.80034585,5,2601031224,,2601031225,,,,,,,,,,,2.0,3.0
-2770168325908074713-2601031248-2,7235,2601031251,2601031251,2,,S,S2,Schorndorf,8006277,Weiler (Rems),Baden-Württemberg,Schorndorf,76314,9.501891172,48.80034585,5,2601031256,,2601031256,,,,,,,,,,,5.0,5.0
6957530734426493367-2601031229-3,16056,2601031259,,3,,RE,,Ulm Hbf|Merklingen - Schwäbische Alb,8006331,Wendlingen (Neckar),Baden-Württemberg,Wendlingen am Neckar,73240,9.373662098,48.67368917,3,2601031258,,,,h,3,Information,,,,,,,-1.0,0.0
-8764646975376969217-2601031224-1,16055,,2601031224,,,RE,RE200,,8006331,Wendlingen (Neckar),Baden-Württemberg,Wendlingen am Neckar,73240,9.373662098,48.67368917,3,,,2601031224,,h,3,Information,,,,,,,0.0,0.0
-6319936848544854600-2601031220-3,7133,2601031227,2601031228,12,,S,S1,Kirchheim(Teck)|Kirchheim(Teck)-Ötlingen,8006331,Wendlingen (Neckar),Baden-Württemberg,Wendlingen am Neckar,73240,9.373662098,48.67368917,3,2601031227,,2601031228,,,,,,,,,,,0.0,0.0
3158900998064725317-2601031116-27,7128,2601031232,2601031233,11,,S,S1,Herrenberg|Nufringen|Gärtringen|Ehningen(b Böblingen)|Hulb|Böblingen|Goldberg(Württ)|Stuttgart-Rohr|Stuttgart-Vaihingen|Stuttgart-Österfeld|Stuttgart Universität|Stuttgart Schwabstr.|Stuttgart Feuersee|Stuttgart Stadtmitte|Stuttgart Hbf (tief)|Stuttgart-Bad Cannstatt|Stuttgart Neckarpark|Stuttgart-Untertürkheim|Stuttgart-Obertürkheim|Esslingen-Mettingen|Esslingen(Neckar)|Oberesslingen|Esslingen-Zell|Altbach|Plochingen|Wernau(Neckar),8006331,Wendlingen (Neckar),Baden-Württemberg,Wendlingen am Neckar,73240,9.373662098,48.67368917,3,2601031232,,2601031233,,,,,,,,,,,0.0,0.0
1692997485605395662-2601031250-3,7135,2601031257,2601031258,12,,S,S1,Kirchheim(Teck)|Kirchheim(Teck)-Ötlingen,8006331,Wendlingen (Neckar),Baden-Württemberg,Wendlingen am Neckar,73240,9.373662098,48.67368917,3,2601031257,,2601031258,,,,,,,,,,,0.0,0.0
5127296555604559795-2601031036-26,19317,2601031250,2601031251,2,,RE,MEX18,Osterburken|Adelsheim Ost|Sennfeld|Roigheim|Möckmühl|Züttlingen|Siglingen|Neudenau|Herbolzheim(Jagst)|Untergriesheim|Bad Friedrichshall Hbf|Neckarsulm|Heilbronn Sülmertor|Heilbronn Hbf|Nordheim(Württ)|Lauffen(Neckar)|Kirchheim(Neckar)|Walheim(Württ)|Besigheim|Bietigheim-Bissingen|Ludwigsburg|Stuttgart Hbf|Stuttgart-Bad Cannstatt|Esslingen(Neckar)|Plochingen,8006331,Wendlingen (Neckar),Baden-Württemberg,Wendlingen am Neckar,73240,9.373662098,48.67368917,3,2601031250,,2601031251,,,,,,,,,,,0.0,0.0
-6951862447187810098-2601031046-27,7126,2601031202,2601031203,11,,S,S1,Herrenberg|Nufringen|Gärtringen|Ehningen(b Böblingen)|Hulb|Böblingen|Goldberg(Württ)|Stuttgart-Rohr|Stuttgart-Vaihingen|Stuttgart-Österfeld|Stuttgart Universität|Stuttgart Schwabstr.|Stuttgart Feuersee|Stuttgart Stadtmitte|Stuttgart Hbf (tief)|Stuttgart-Bad Cannstatt|Stuttgart Neckarpark|Stuttgart-Untertürkheim|Stuttgart-Obertürkheim|Esslingen-Mettingen|Esslingen(Neckar)|Oberesslingen|Esslingen-Zell|Altbach|Plochingen|Wernau(Neckar),8006331,Wendlingen (Neckar),Baden-Württemberg,Wendlingen am Neckar,73240,9.373662098,48.67368917,3,2601031206,,2601031206,,,,,,,,,,,4.0,3.0
5197957692469736326-2601031133-5,19316,2601031204,2601031205,1,,RE,MEX18,Tübingen Hbf|Reutlingen Hbf|Metzingen(Württ)|Nürtingen,8006331,Wendlingen (Neckar),Baden-Württemberg,Wendlingen am Neckar,73240,9.373662098,48.67368917,3,2601031205,2,2601031211,2,,,,,,,,,,1.0,6.0
5428406942819857702-2601031205-7,19230,2601031240,2601031241,1,,RE,MEX12,Tübingen Hbf|Reutlingen Hbf|Metzingen(Württ)|Bempflingen|Nürtingen|Oberboihingen,8006331,Wendlingen (Neckar),Baden-Württemberg,Wendlingen am Neckar,73240,9.373662098,48.67368917,3,2601031242,,2601031243,,,,,,,,,,,2.0,2.0
-3458622020077786212-2601031057-13,19221,2601031218,2601031218,2,,RE,MEX12,Heilbronn Hbf|Nordheim(Württ)|Lauffen(Neckar)|Kirchheim(Neckar)|Walheim(Württ)|Besigheim|Bietigheim-Bissingen|Ludwigsburg|Stuttgart Hbf|Stuttgart-Bad Cannstatt|Esslingen(Neckar)|Plochingen,8006331,Wendlingen (Neckar),Baden-Württemberg,Wendlingen am Neckar,73240,9.373662098,48.67368917,3,2601031220,,2601031222,,c,,,,,,,,,2.0,4.0
-6319936848544854600-2601031220-4,7133,2601031231,2601031231,1,,S,S1,Kirchheim(Teck)|Kirchheim(Teck)-Ötlingen|Wendlingen(Neckar),8006346,Wernau (Neckar),Baden-Württemberg,Wernau (Neckar),73249,9.413654423,48.69417221,4,2601031231,,2601031231,,,,,,,,,,,0.0,0.0
3158900998064725317-2601031116-26,7128,2601031228,2601031229,2,,S,S1,Herrenberg|Nufringen|Gärtringen|Ehningen(b Böblingen)|Hulb|Böblingen|Goldberg(Württ)|Stuttgart-Rohr|Stuttgart-Vaihingen|Stuttgart-Österfeld|Stuttgart Universität|Stuttgart Schwabstr.|Stuttgart Feuersee|Stuttgart Stadtmitte|Stuttgart Hbf (tief)|Stuttgart-Bad Cannstatt|Stuttgart Neckarpark|Stuttgart-Untertürkheim|Stuttgart-Obertürkheim|Esslingen-Mettingen|Esslingen(Neckar)|Oberesslingen|Esslingen-Zell|Altbach|Plochingen,8006346,Wernau (Neckar),Baden-Württemberg,Wernau (Neckar),73249,9.413654423,48.69417221,4,2601031228,,2601031229,,,,,,,,,,,0.0,0.0
4736637014602700336-2601031150-4,7131,2601031201,2601031201,1,,S,S1,Kirchheim(Teck)|Kirchheim(Teck)-Ötlingen|Wendlingen(Neckar),8006346,Wernau (Neckar),Baden-Württemberg,Wernau (Neckar),73249,9.413654423,48.69417221,4,2601031201,,2601031201,,,,,,,,,,,0.0,0.0
-5759624544289762969-2601031146-26,7130,2601031258,2601031259,2,,S,S1,Herrenberg|Nufringen|Gärtringen|Ehningen(b Böblingen)|Hulb|Böblingen|Goldberg(Württ)|Stuttgart-Rohr|Stuttgart-Vaihingen|Stuttgart-Österfeld|Stuttgart Universität|Stuttgart Schwabstr.|Stuttgart Feuersee|Stuttgart Stadtmitte|Stuttgart Hbf (tief)|Stuttgart-Bad Cannstatt|Stuttgart Neckarpark|Stuttgart-Untertürkheim|Stuttgart-Obertürkheim|Esslingen-Mettingen|Esslingen(Neckar)|Oberesslingen|Esslingen-Zell|Altbach|Plochingen,8006346,Wernau (Neckar),Baden-Württemberg,Wernau (Neckar),73249,9.413654423,48.69417221,4,2601031258,,2601031259,,,,,,,,,,,0.0,0.0
-97699751698418973-2601031241-4,7333,2601031249,2601031250,3,,S,S3,Backnang|Maubach|Nellmersbach,8006479,Winnenden,Baden-Württemberg,Winnenden,71364,9.392155928,48.8795625,3,2601031249,,2601031250,,,,,,,,,,,0.0,0.0
-3193439599918682335-2601031132-8,17530,2601031213,2601031214,3,,RB,MEX19,Gaildorf West|Fichtenberg|Fornsbach|Murrhardt|Sulzbach(Murr)|Oppenweiler(Württ)|Backnang,8006479,Winnenden,Baden-Württemberg,Winnenden,71364,9.392155928,48.8795625,3,2601031215,,2601031216,,,,,,,,,,,2.0,2.0
-7749775710427008689-2601031038-17,88614,2601031244,2601031245,3,,ARV,RE90,Nürnberg Hbf|Roßtal|Heilsbronn|Wicklesgreuth|Ansbach|Leutershausen-Wiedersbach|Dombühl|Schnelldorf|Crailsheim|Eckartshausen-Ilshofen|Schwäbisch Hall-Hessental|Gaildorf West|Murrhardt|Sulzbach(Murr)|Oppenweiler(Württ)|Backnang,8006479,Winnenden,Baden-Württemberg,Winnenden,71364,9.392155928,48.8795625,3,2601031244,,2601031245,,,,,,,,,,,0.0,0.0
4152739802628459938-2601031155-4,17525,2601031213,2601031214,2,,RE,MEX90,Stuttgart Hbf|Stuttgart-Bad Cannstatt|Waiblingen,8006479,Winnenden,Baden-Württemberg,Winnenden,71364,9.392155928,48.8795625,3,2601031218,,2601031218,,,,,,,,,,,5.0,4.0
-2797726383545175511-2601031226-4,28327,2601031234,2601031235,3,,S,S3,Backnang|Maubach|Nellmersbach,8006479,Winnenden,Baden-Württemberg,Winnenden,71364,9.392155928,48.8795625,3,2601031236,,2601031236,,,,,,,,,,,2.0,1.0
4960236751390972026-2601031200-15,7328,2601031239,2601031239,2,,S,S3,Stuttgart-Vaihingen|Stuttgart-Österfeld|Stuttgart Universität|Stuttgart Schwabstr.|Stuttgart Feuersee|Stuttgart Stadtmitte|Stuttgart Hbf (tief)|Stuttgart-Bad Cannstatt|Stuttgart Nürnberger Str.|Stuttgart-Sommerrain|Fellbach|Waiblingen|Neustadt-Hohenacker|Schwaikheim,8006479,Winnenden,Baden-Württemberg,Winnenden,71364,9.392155928,48.8795625,3,2601031240,,2601031240,,,,,,,,,,,1.0,1.0
8851012744564607240-2601031211-4,7331,2601031219,2601031220,3,,S,S3,Backnang|Maubach|Nellmersbach,8006479,Winnenden,Baden-Württemberg,Winnenden,71364,9.392155928,48.8795625,3,2601031221,,2601031222,,,,,,,,,,,2.0,2.0
5532078017754681393-2601031215-15,28326,2601031254,2601031254,2,,S,S3,Stuttgart-Vaihingen|Stuttgart-Österfeld|Stuttgart Universität|Stuttgart Schwabstr.|Stuttgart Feuersee|Stuttgart Stadtmitte|Stuttgart Hbf (tief)|Stuttgart-Bad Cannstatt|Stuttgart Nürnberger Str.|Stuttgart-Sommerrain|Fellbach|Waiblingen|Neustadt-Hohenacker|Schwaikheim,8006479,Winnenden,Baden-Württemberg,Winnenden,71364,9.392155928,48.8795625,3,2601031256,,2601031256,,,,,,,,,,,2.0,2.0
-4536433194496505288-2601031130-15,7326,2601031209,2601031209,2,,S,S3,Stuttgart-Vaihingen|Stuttgart-Österfeld|Stuttgart Universität|Stuttgart Schwabstr.|Stuttgart Feuersee|Stuttgart Stadtmitte|Stuttgart Hbf (tief)|Stuttgart-Bad Cannstatt|Stuttgart Nürnberger Str.|Stuttgart-Sommerrain|Fellbach|Waiblingen|Neustadt-Hohenacker|Schwaikheim,8006479,Winnenden,Baden-Württemberg,Winnenden,71364,9.392155928,48.8795625,3,2601031214,,2601031215,,,,,,,,,,,5.0,6.0
-83917606962888125-2601031156-4,28325,2601031204,2601031205,3,,S,S3,Backnang|Maubach|Nellmersbach,8006479,Winnenden,Baden-Württemberg,Winnenden,71364,9.392155928,48.8795625,3,2601031204,,2601031205,,,,,,,,,,,0.0,0.0
3982192266941366031-2601031226-4,17527,2601031244,2601031245,2,,RB,MEX19,Stuttgart Hbf|Stuttgart-Bad Cannstatt|Waiblingen,8006479,Winnenden,Baden-Württemberg,Winnenden,71364,9.392155928,48.8795625,3,2601031245,,2601031246,,,,,,,,,,,1.0,1.0
5274226899640306616-2601031145-15,28324,2601031224,2601031224,2,,S,S3,Stuttgart-Vaihingen|Stuttgart-Österfeld|Stuttgart Universität|Stuttgart Schwabstr.|Stuttgart Feuersee|Stuttgart Stadtmitte|Stuttgart Hbf (tief)|Stuttgart-Bad Cannstatt|Stuttgart Nürnberger Str.|Stuttgart-Sommerrain|Fellbach|Waiblingen|Neustadt-Hohenacker|Schwaikheim,8006479,Winnenden,Baden-Württemberg,Winnenden,71364,9.392155928,48.8795625,3,2601031225,,2601031225,,,,,,,,,,,1.0,1.0
-8725533177147162662-2601031233-3,7829,2601031238,2601031238,1,,S,S2,Schorndorf|Weiler(Rems),8006485,Winterbach (b Schorndorf),Baden-Württemberg,Winterbach,73650,9.481549751,48.79842743,4,2601031238,,2601031238,,,,,,,,,,,0.0,0.0
3177327826888597271-2601031218-3,7233,2601031223,2601031223,1,,S,S2,Schorndorf|Weiler(Rems),8006485,Winterbach (b Schorndorf),Baden-Württemberg,Winterbach,73650,9.481549751,48.79842743,4,2601031223,,2601031223,,,,,,,,,,,0.0,0.0
504511267373916834-2601031148-25,7828,2601031250,2601031250,2,,S,S2,Filderstadt|Stuttgart Flughafen/Messe|Echterdingen|Leinfelden|Oberaichen|Stuttgart-Rohr|Stuttgart-Vaihingen|Stuttgart-Österfeld|Stuttgart Universität|Stuttgart Schwabstr.|Stuttgart Feuersee|Stuttgart Stadtmitte|Stuttgart Hbf (tief)|Stuttgart-Bad Cannstatt|Stuttgart Nürnberger Str.|Stuttgart-Sommerrain|Fellbach|Waiblingen|Rommelshausen|Stetten-Beinstein|Endersbach|Beutelsbach|Grunbach|Geradstetten,8006485,Winterbach (b Schorndorf),Baden-Württemberg,Winterbach,73650,9.481549751,48.79842743,4,2601031250,,2601031251,,,,,,,,,,,0.0,1.0
-4520082460048067316-2601031203-3,7827,2601031208,2601031208,1,,S,S2,Schorndorf|Weiler(Rems),8006485,Winterbach (b Schorndorf),Baden-Württemberg,Winterbach,73650,9.481549751,48.79842743,4,2601031209,,2601031209,,,,,,,,,,,1.0,1.0
-4376819822122462379-2601031133-25,7226,2601031235,2601031235,2,,S,S2,Filderstadt|Stuttgart Flughafen/Messe|Echterdingen|Leinfelden|Oberaichen|Stuttgart-Rohr|Stuttgart-Vaihingen|Stuttgart-Österfeld|Stuttgart Universität|Stuttgart Schwabstr.|Stuttgart Feuersee|Stuttgart Stadtmitte|Stuttgart Hbf (tief)|Stuttgart-Bad Cannstatt|Stuttgart Nürnberger Str.|Stuttgart-Sommerrain|Fellbach|Waiblingen|Rommelshausen|Stetten-Beinstein|Endersbach|Beutelsbach|Grunbach|Geradstetten,8006485,Winterbach (b Schorndorf),Baden-Württemberg,Winterbach,73650,9.481549751,48.79842743,4,2601031237,,2601031238,,,,,,,,,,,2.0,3.0
-5926818817737787503-2601031103-25,7224,2601031205,2601031205,2,,S,S2,Filderstadt|Stuttgart Flughafen/Messe|Echterdingen|Leinfelden|Oberaichen|Stuttgart-Rohr|Stuttgart-Vaihingen|Stuttgart-Österfeld|Stuttgart Universität|Stuttgart Schwabstr.|Stuttgart Feuersee|Stuttgart Stadtmitte|Stuttgart Hbf (tief)|Stuttgart-Bad Cannstatt|Stuttgart Nürnberger Str.|Stuttgart-Sommerrain|Fellbach|Waiblingen|Rommelshausen|Stetten-Beinstein|Endersbach|Beutelsbach|Grunbach|Geradstetten,8006485,Winterbach (b Schorndorf),Baden-Württemberg,Winterbach,73650,9.481549751,48.79842743,4,2601031209,,2601031209,,,,,,,,,,,4.0,4.0
-3444202453718850758-2601031118-25,7826,2601031220,2601031220,2,,S,S2,Filderstadt|Stuttgart Flughafen/Messe|Echterdingen|Leinfelden|Oberaichen|Stuttgart-Rohr|Stuttgart-Vaihingen|Stuttgart-Österfeld|Stuttgart Universität|Stuttgart Schwabstr.|Stuttgart Feuersee|Stuttgart Stadtmitte|Stuttgart Hbf (tief)|Stuttgart-Bad Cannstatt|Stuttgart Nürnberger Str.|Stuttgart-Sommerrain|Fellbach|Waiblingen|Rommelshausen|Stetten-Beinstein|Endersbach|Beutelsbach|Grunbach|Geradstetten,8006485,Winterbach (b Schorndorf),Baden-Württemberg,Winterbach,73650,9.481549751,48.79842743,4,2601031223,,2601031223,,,,,,,,,,,3.0,3.0
-2770168325908074713-2601031248-3,7235,2601031253,2601031253,1,,S,S2,Schorndorf|Weiler(Rems),8006485,Winterbach (b Schorndorf),Baden-Württemberg,Winterbach,73650,9.481549751,48.79842743,4,2601031257,,2601031258,,,,,,,,,,,4.0,5.0
7608028257592331283-2601031204-5,7029,2601031213,2601031214,1,,S,S60,Böblingen|Sindelfingen|Maichingen|Maichingen Nord,8003807,Magstadt,Baden-Württemberg,Magstadt,71106,8.965315746,48.73616033,6,2601031214,,2601031214,,,,,,,,,,,1.0,0.0
-8244462081615470367-2601031234-5,7031,2601031243,2601031244,1,,S,S60,Böblingen|Sindelfingen|Maichingen|Maichingen Nord,8003807,Magstadt,Baden-Württemberg,Magstadt,71106,8.965315746,48.73616033,6,2601031243,,2601031244,,,,,,,,,,,0.0,0.0
-3839002302897574901-2601031157-17,7032,2601031245,2601031245,2,,S,S60,Stuttgart Schwabstr.|Stuttgart Feuersee|Stuttgart Stadtmitte|Stuttgart Hbf (tief)|Stuttgart Nordbahnhof|Stuttgart-Feuerbach|Stuttgart-Zuffenhausen|Neuwirtshaus(Porscheplatz)|Korntal|Weilimdorf|Ditzingen|Höfingen|Leonberg|Rutesheim|Renningen|Renningen Süd,8003807,Magstadt,Baden-Württemberg,Magstadt,71106,8.965315746,48.73616033,6,2601031246,,2601031246,,,,,,,,,,,1.0,1.0
6621898459612569085-2601031127-17,7030,2601031215,2601031215,2,,S,S60,Stuttgart Schwabstr.|Stuttgart Feuersee|Stuttgart Stadtmitte|Stuttgart Hbf (tief)|Stuttgart Nordbahnhof|Stuttgart-Feuerbach|Stuttgart-Zuffenhausen|Neuwirtshaus(Porscheplatz)|Korntal|Weilimdorf|Ditzingen|Höfingen|Leonberg|Rutesheim|Renningen|Renningen Süd,8003807,Magstadt,Baden-Württemberg,Magstadt,71106,8.965315746,48.73616033,6,2601031217,,2601031218,,,,,,,,,,,2.0,3.0
7608028257592331283-2601031204-4,7029,2601031211,2601031211,1,,S,S60,Böblingen|Sindelfingen|Maichingen,8003834,Maichingen Nord,Baden-Württemberg,Sindelfingen,71069,8.979416996,48.72750392,5,2601031212,,2601031212,,,,,,,,,,,1.0,1.0
-8244462081615470367-2601031234-4,7031,2601031241,2601031241,1,,S,S60,Böblingen|Sindelfingen|Maichingen,8003834,Maichingen Nord,Baden-Württemberg,Sindelfingen,71069,8.979416996,48.72750392,5,2601031241,,2601031242,,,,,,,,,,,0.0,1.0
-3839002302897574901-2601031157-18,7032,2601031247,2601031247,2,,S,S60,Stuttgart Schwabstr.|Stuttgart Feuersee|Stuttgart Stadtmitte|Stuttgart Hbf (tief)|Stuttgart Nordbahnhof|Stuttgart-Feuerbach|Stuttgart-Zuffenhausen|Neuwirtshaus(Porscheplatz)|Korntal|Weilimdorf|Ditzingen|Höfingen|Leonberg|Rutesheim|Renningen|Renningen Süd|Magstadt,8003834,Maichingen Nord,Baden-Württemberg,Sindelfingen,71069,8.979416996,48.72750392,5,2601031248,,2601031248,,,,,,,,,,,1.0,1.0
6621898459612569085-2601031127-18,7030,2601031217,2601031217,2,,S,S60,Stuttgart Schwabstr.|Stuttgart Feuersee|Stuttgart Stadtmitte|Stuttgart Hbf (tief)|Stuttgart Nordbahnhof|Stuttgart-Feuerbach|Stuttgart-Zuffenhausen|Neuwirtshaus(Porscheplatz)|Korntal|Weilimdorf|Ditzingen|Höfingen|Leonberg|Rutesheim|Renningen|Renningen Süd|Magstadt,8003834,Maichingen Nord,Baden-Württemberg,Sindelfingen,71069,8.979416996,48.72750392,5,2601031219,,2601031220,,,,,,,,,,,2.0,3.0
7608028257592331283-2601031204-3,7029,2601031209,2601031210,1,,S,S60,Böblingen|Sindelfingen,8003808,Maichingen,Baden-Württemberg,Sindelfingen,71069,8.969606704,48.72162074,6,2601031209,,2601031210,,,,,,,,,,,0.0,0.0
-8244462081615470367-2601031234-3,7031,2601031239,2601031240,1,,S,S60,Böblingen|Sindelfingen,8003808,Maichingen,Baden-Württemberg,Sindelfingen,71069,8.969606704,48.72162074,6,2601031239,,2601031240,,,,,,,,,,,0.0,0.0
-3839002302897574901-2601031157-19,7032,2601031249,2601031249,1,,S,S60,Stuttgart Schwabstr.|Stuttgart Feuersee|Stuttgart Stadtmitte|Stuttgart Hbf (tief)|Stuttgart Nordbahnhof|Stuttgart-Feuerbach|Stuttgart-Zuffenhausen|Neuwirtshaus(Porscheplatz)|Korntal|Weilimdorf|Ditzingen|Höfingen|Leonberg|Rutesheim|Renningen|Renningen Süd|Magstadt|Maichingen Nord,8003808,Maichingen,Baden-Württemberg,Sindelfingen,71069,8.969606704,48.72162074,6,2601031249,,2601031249,,,,,,,,,,,0.0,0.0
6621898459612569085-2601031127-19,7030,2601031219,2601031219,1,,S,S60,Stuttgart Schwabstr.|Stuttgart Feuersee|Stuttgart Stadtmitte|Stuttgart Hbf (tief)|Stuttgart Nordbahnhof|Stuttgart-Feuerbach|Stuttgart-Zuffenhausen|Neuwirtshaus(Porscheplatz)|Korntal|Weilimdorf|Ditzingen|Höfingen|Leonberg|Rutesheim|Renningen|Renningen Süd|Magstadt|Maichingen Nord,8003808,Maichingen,Baden-Württemberg,Sindelfingen,71069,8.969606704,48.72162074,6,2601031221,,2601031222,,,,,,,,,,,2.0,3.0
7608028257592331283-2601031204-6,7029,2601031217,2601031218,1,,S,S60,Böblingen|Sindelfingen|Maichingen|Maichingen Nord|Magstadt,8005001,Renningen Süd,Baden-Württemberg,Renningen,71272,8.932068278,48.76261937,6,2601031219,,2601031219,,,,,,,,,,,2.0,1.0
-8244462081615470367-2601031234-6,7031,2601031247,2601031248,1,,S,S60,Böblingen|Sindelfingen|Maichingen|Maichingen Nord|Magstadt,8005001,Renningen Süd,Baden-Württemberg,Renningen,71272,8.932068278,48.76261937,6,2601031247,,2601031248,,,,,,,,,,,0.0,0.0
-3839002302897574901-2601031157-16,7032,2601031241,2601031241,2,,S,S60,Stuttgart Schwabstr.|Stuttgart Feuersee|Stuttgart Stadtmitte|Stuttgart Hbf (tief)|Stuttgart Nordbahnhof|Stuttgart-Feuerbach|Stuttgart-Zuffenhausen|Neuwirtshaus(Porscheplatz)|Korntal|Weilimdorf|Ditzingen|Höfingen|Leonberg|Rutesheim|Renningen,8005001,Renningen Süd,Baden-Württemberg,Renningen,71272,8.932068278,48.76261937,6,2601031242,,2601031242,,,,,,,,,,,1.0,1.0
6621898459612569085-2601031127-16,7030,2601031211,2601031211,2,,S,S60,Stuttgart Schwabstr.|Stuttgart Feuersee|Stuttgart Stadtmitte|Stuttgart Hbf (tief)|Stuttgart Nordbahnhof|Stuttgart-Feuerbach|Stuttgart-Zuffenhausen|Neuwirtshaus(Porscheplatz)|Korntal|Weilimdorf|Ditzingen|Höfingen|Leonberg|Rutesheim|Renningen,8005001,Renningen Süd,Baden-Württemberg,Renningen,71272,8.932068278,48.76261937,6,2601031213,,2601031214,,,,,,,,,,,2.0,3.0
-4501469853120362621-2601031210-10,28395,2601031237,2601031238,101,,S,S4,Marbach(Neckar)|Benningen(Neckar)|Freiberg(Neckar)|Favoritepark|Ludwigsburg|Kornwestheim Pbf|Stuttgart-Zuffenhausen|Stuttgart-Feuerbach|Stuttgart Nordbahnhof,8098096,Stuttgart Hbf (tief),Baden-Württemberg,Stuttgart,70173,9.180228831,48.78338649,1,2601031239,,2601031240,,,,,,,,,,,2.0,2.0
3177327826888597271-2601031218-15,7233,2601031255,2601031255,101,,S,S2,Schorndorf|Weiler(Rems)|Winterbach(b Schorndorf)|Geradstetten|Grunbach|Beutelsbach|Endersbach|Stetten-Beinstein|Rommelshausen|Waiblingen|Fellbach|Stuttgart-Sommerrain|Stuttgart Nürnberger Str.|Stuttgart-Bad Cannstatt,8098096,Stuttgart Hbf (tief),Baden-Württemberg,Stuttgart,70173,9.180228831,48.78338649,1,2601031255,,2601031256,,,,,,,,,,,0.0,1.0
3410717060998267101-2601031216-15,7132,2601031255,2601031255,102,,S,S1,Herrenberg|Nufringen|Gärtringen|Ehningen(b Böblingen)|Hulb|Böblingen|Goldberg(Württ)|Stuttgart-Rohr|Stuttgart-Vaihingen|Stuttgart-Österfeld|Stuttgart Universität|Stuttgart Schwabstr.|Stuttgart Feuersee|Stuttgart Stadtmitte,8098096,Stuttgart Hbf (tief),Baden-Württemberg,Stuttgart,70173,9.180228831,48.78338649,1,2601031305,,2601031306,,,,,,,,,,,10.0,11.0
-1459044685595923916-2601031252-4,7532,2601031257,2601031258,102,,S,S5,Stuttgart Schwabstr.|Stuttgart Feuersee|Stuttgart Stadtmitte,8098096,Stuttgart Hbf (tief),Baden-Württemberg,Stuttgart,70173,9.180228831,48.78338649,1,2601031257,,2601031258,,,,,,,,,,,0.0,0.0
7608028257592331283-2601031204-18,7029,2601031257,2601031258,101,,S,S60,Böblingen|Sindelfingen|Maichingen|Maichingen Nord|Magstadt|Renningen Süd|Renningen|Rutesheim|Leonberg|Höfingen|Ditzingen|Weilimdorf|Korntal|Neuwirtshaus(Porscheplatz)|Stuttgart-Zuffenhausen|Stuttgart-Feuerbach|Stuttgart Nordbahnhof,8098096,Stuttgart Hbf (tief),Baden-Württemberg,Stuttgart,70173,9.180228831,48.78338649,1,2601031257,,2601031258,,,,,,,,,,,0.0,0.0
504511267373916834-2601031148-13,7828,2601031220,2601031220,102,,S,S2,Filderstadt|Stuttgart Flughafen/Messe|Echterdingen|Leinfelden|Oberaichen|Stuttgart-Rohr|Stuttgart-Vaihingen|Stuttgart-Österfeld|Stuttgart Universität|Stuttgart Schwabstr.|Stuttgart Feuersee|Stuttgart Stadtmitte,8098096,Stuttgart Hbf (tief),Baden-Württemberg,Stuttgart,70173,9.180228831,48.78338649,1,2601031221,,2601031221,,,,,,,,,,,1.0,1.0
5127975581387066276-2601031202-4,7426,2601031207,2601031208,102,,S,S4,Stuttgart Schwabstr.|Stuttgart Feuersee|Stuttgart Stadtmitte,8098096,Stuttgart Hbf (tief),Baden-Württemberg,Stuttgart,70173,9.180228831,48.78338649,1,2601031210,,2601031211,,,,,,,,,,,3.0,3.0
3717617338847420907-2601031152-9,28465,2601031217,2601031218,101,,S,S5,Bietigheim-Bissingen|Tamm(Württ)|Asperg|Ludwigsburg|Kornwestheim Pbf|Stuttgart-Zuffenhausen|Stuttgart-Feuerbach|Stuttgart Nordbahnhof,8098096,Stuttgart Hbf (tief),Baden-Württemberg,Stuttgart,70173,9.180228831,48.78338649,1,2601031218,,2601031219,,,,,,,,,,,1.0,1.0
-4444589756830246864-2601031218-14,7929,2601031257,2601031258,101,,S,S6,Weil der Stadt|Malmsheim|Renningen|Rutesheim|Leonberg|Höfingen|Ditzingen|Weilimdorf|Korntal|Neuwirtshaus(Porscheplatz)|Stuttgart-Zuffenhausen|Stuttgart-Feuerbach|Stuttgart Nordbahnhof,8098096,Stuttgart Hbf (tief),Baden-Württemberg,Stuttgart,70173,9.180228831,48.78338649,1,2601031257,,2601031258,,,,,,,,,,,0.0,0.0
-6341375793071528498-2601031126-12,28323,2601031200,2601031200,101,,S,S3,Backnang|Maubach|Nellmersbach|Winnenden|Schwaikheim|Neustadt-Hohenacker|Waiblingen|Fellbach|Stuttgart-Sommerrain|Stuttgart Nürnberger Str.|Stuttgart-Bad Cannstatt,8098096,Stuttgart Hbf (tief),Baden-Württemberg,Stuttgart,70173,9.180228831,48.78338649,1,2601031200,,2601031201,,,,,,,,,,,0.0,1.0
3131517444573088003-2601031148-14,7927,2601031227,2601031228,101,,S,S6,Weil der Stadt|Malmsheim|Renningen|Rutesheim|Leonberg|Höfingen|Ditzingen|Weilimdorf|Korntal|Neuwirtshaus(Porscheplatz)|Stuttgart-Zuffenhausen|Stuttgart-Feuerbach|Stuttgart Nordbahnhof,8098096,Stuttgart Hbf (tief),Baden-Württemberg,Stuttgart,70173,9.180228831,48.78338649,1,2601031233,,2601031234,,,,,,,,,,,6.0,6.0
1836435062166220832-2601031131-15,7726,2601031210,2601031210,102,,S,S1,Herrenberg|Nufringen|Gärtringen|Ehningen(b Böblingen)|Hulb|Böblingen|Goldberg(Württ)|Stuttgart-Rohr|Stuttgart-Vaihingen|Stuttgart-Österfeld|Stuttgart Universität|Stuttgart Schwabstr.|Stuttgart Feuersee|Stuttgart Stadtmitte,8098096,Stuttgart Hbf (tief),Baden-Württemberg,Stuttgart,70173,9.180228831,48.78338649,1,2601031212,,2601031213,,,,,,,,,,,2.0,3.0
5081771628023632994-2601031140-10,28393,2601031207,2601031208,101,,S,S4,Marbach(Neckar)|Benningen(Neckar)|Freiberg(Neckar)|Favoritepark|Ludwigsburg|Kornwestheim Pbf|Stuttgart-Zuffenhausen|Stuttgart-Feuerbach|Stuttgart Nordbahnhof,8098096,Stuttgart Hbf (tief),Baden-Württemberg,Stuttgart,70173,9.180228831,48.78338649,1,,,,,h,1,Störung,,,,,c,c,0.0,0.0
8332536860707671559-2601031207-4,28464,2601031212,2601031213,102,,S,S5,Stuttgart Schwabstr.|Stuttgart Feuersee|Stuttgart Stadtmitte,8098096,Stuttgart Hbf (tief),Baden-Württemberg,Stuttgart,70173,9.180228831,48.78338649,1,2601031214,,2601031215,,,,,,,,,,,2.0,2.0
-5040164597006626382-2601031120-15,7129,2601031205,2601031205,101,,S,S1,Kirchheim(Teck)|Kirchheim(Teck)-Ötlingen|Wendlingen(Neckar)|Wernau(Neckar)|Plochingen|Altbach|Esslingen-Zell|Oberesslingen|Esslingen(Neckar)|Esslingen-Mettingen|Stuttgart-Obertürkheim|Stuttgart-Untertürkheim|Stuttgart Neckarpark|Stuttgart-Bad Cannstatt,8098096,Stuttgart Hbf (tief),Baden-Württemberg,Stuttgart,70173,9.180228831,48.78338649,1,2601031205,,2601031206,,,,,,,,,,,0.0,1.0
-2732981563110923380-2601031148-15,7231,2601031225,2601031225,101,,S,S2,Schorndorf|Weiler(Rems)|Winterbach(b Schorndorf)|Geradstetten|Grunbach|Beutelsbach|Endersbach|Stetten-Beinstein|Rommelshausen|Waiblingen|Fellbach|Stuttgart-Sommerrain|Stuttgart Nürnberger Str.|Stuttgart-Bad Cannstatt,8098096,Stuttgart Hbf (tief),Baden-Württemberg,Stuttgart,70173,9.180228831,48.78338649,1,2601031225,,2601031227,,,,,,,,,,,0.0,2.0
4960236751390972026-2601031200-7,7328,2601031215,2601031215,102,,S,S3,Stuttgart-Vaihingen|Stuttgart-Österfeld|Stuttgart Universität|Stuttgart Schwabstr.|Stuttgart Feuersee|Stuttgart Stadtmitte,8098096,Stuttgart Hbf (tief),Baden-Württemberg,Stuttgart,70173,9.180228831,48.78338649,1,2601031217,,2601031217,,,,,,,,,,,2.0,2.0
6534681549550626676-2601031217-4,28398,2601031222,2601031223,102,,S,S4,Stuttgart Schwabstr.|Stuttgart Feuersee|Stuttgart Stadtmitte,8098096,Stuttgart Hbf (tief),Baden-Württemberg,Stuttgart,70173,9.180228831,48.78338649,1,2601031228,,2601031229,,,,,,,,,,,6.0,6.0
-4520082460048067316-2601031203-15,7827,2601031240,2601031240,101,,S,S2,Schorndorf|Weiler(Rems)|Winterbach(b Schorndorf)|Geradstetten|Grunbach|Beutelsbach|Endersbach|Stetten-Beinstein|Rommelshausen|Waiblingen|Fellbach|Stuttgart-Sommerrain|Stuttgart Nürnberger Str.|Stuttgart-Bad Cannstatt,8098096,Stuttgart Hbf (tief),Baden-Württemberg,Stuttgart,70173,9.180228831,48.78338649,1,2601031241,,2601031242,,,,,,,,,,,1.0,2.0
8851012744564607240-2601031211-12,7331,2601031245,2601031245,101,,S,S3,Backnang|Maubach|Nellmersbach|Winnenden|Schwaikheim|Neustadt-Hohenacker|Waiblingen|Fellbach|Stuttgart-Sommerrain|Stuttgart Nürnberger Str.|Stuttgart-Bad Cannstatt,8098096,Stuttgart Hbf (tief),Baden-Württemberg,Stuttgart,70173,9.180228831,48.78338649,1,2601031245,,2601031246,,,,,,,,,,,0.0,1.0
-3504815606642380245-2601031222-9,28467,2601031247,2601031248,101,,S,S5,Bietigheim-Bissingen|Tamm(Württ)|Asperg|Ludwigsburg|Kornwestheim Pbf|Stuttgart-Zuffenhausen|Stuttgart-Feuerbach|Stuttgart Nordbahnhof,8098096,Stuttgart Hbf (tief),Baden-Württemberg,Stuttgart,70173,9.180228831,48.78338649,1,2601031247,,2601031248,,,,,,,,,,,0.0,0.0
7271107614461082752-2601031137-9,7529,2601031202,2601031203,101,,S,S5,Bietigheim-Bissingen|Tamm(Württ)|Asperg|Ludwigsburg|Kornwestheim Pbf|Stuttgart-Zuffenhausen|Stuttgart-Feuerbach|Stuttgart Nordbahnhof,8098096,Stuttgart Hbf (tief),Baden-Württemberg,Stuttgart,70173,9.180228831,48.78338649,1,2601031211,,2601031212,,h,1,Störung,,,,,,,9.0,9.0
-5681419952559341398-2601031133-15,7825,2601031210,2601031210,101,,S,S2,Schorndorf|Weiler(Rems)|Winterbach(b Schorndorf)|Geradstetten|Grunbach|Beutelsbach|Endersbach|Stetten-Beinstein|Rommelshausen|Waiblingen|Fellbach|Stuttgart-Sommerrain|Stuttgart Nürnberger Str.|Stuttgart-Bad Cannstatt,8098096,Stuttgart Hbf (tief),Baden-Württemberg,Stuttgart,70173,9.180228831,48.78338649,1,2601031210,,2601031210,,,,,,,,,,,0.0,0.0
-661438075088023210-2601031242-4,7630,2601031247,2601031248,102,,S,S6,Stuttgart Schwabstr.|Stuttgart Feuersee|Stuttgart Stadtmitte,8098096,Stuttgart Hbf (tief),Baden-Württemberg,Stuttgart,70173,9.180228831,48.78338649,1,2601031250,,2601031251,,,,,,,,,,,3.0,3.0
-1667866592525461048-2601031152-11,7731,2601031220,2601031220,101,,S,S1,Plochingen|Altbach|Esslingen-Zell|Oberesslingen|Esslingen(Neckar)|Esslingen-Mettingen|Stuttgart-Obertürkheim|Stuttgart-Untertürkheim|Stuttgart Neckarpark|Stuttgart-Bad Cannstatt,8098096,Stuttgart Hbf (tief),Baden-Württemberg,Stuttgart,70173,9.180228831,48.78338649,1,2601031220,,2601031222,,,,,,,,,,,0.0,2.0
-182569074075306425-2601031222-4,7530,2601031227,2601031228,102,,S,S5,Stuttgart Schwabstr.|Stuttgart Feuersee|Stuttgart Stadtmitte,8098096,Stuttgart Hbf (tief),Baden-Württemberg,Stuttgart,70173,9.180228831,48.78338649,1,,,,,,,,,,,,c,c,0.0,0.0
5693136962771673302-2601031232-4,7428,2601031237,2601031238,102,,S,S4,Stuttgart Schwabstr.|Stuttgart Feuersee|Stuttgart Stadtmitte,8098096,Stuttgart Hbf (tief),Baden-Württemberg,Stuttgart,70173,9.180228831,48.78338649,1,2601031239,,2601031240,,,,,,,,,,,2.0,2.0
-2740283852421142578-2601031218-13,7830,2601031250,2601031250,102,,S,S2,Filderstadt|Stuttgart Flughafen/Messe|Echterdingen|Leinfelden|Oberaichen|Stuttgart-Rohr|Stuttgart-Vaihingen|Stuttgart-Österfeld|Stuttgart Universität|Stuttgart Schwabstr.|Stuttgart Feuersee|Stuttgart Stadtmitte,8098096,Stuttgart Hbf (tief),Baden-Württemberg,Stuttgart,70173,9.180228831,48.78338649,1,2601031253,,2601031253,,,,,,,,,,,3.0,3.0
3112151770582767081-2601031157-4,7932,2601031202,2601031203,102,,S,S6,Stuttgart Schwabstr.|Stuttgart Feuersee|Stuttgart Stadtmitte,8098096,Stuttgart Hbf (tief),Baden-Württemberg,Stuttgart,70173,9.180228831,48.78338649,1,2601031205,,2601031205,,,,,,,,,,,3.0,2.0
4736637014602700336-2601031150-15,7131,2601031235,2601031235,101,,S,S1,Kirchheim(Teck)|Kirchheim(Teck)-Ötlingen|Wendlingen(Neckar)|Wernau(Neckar)|Plochingen|Altbach|Esslingen-Zell|Oberesslingen|Esslingen(Neckar)|Esslingen-Mettingen|Stuttgart-Obertürkheim|Stuttgart-Untertürkheim|Stuttgart Neckarpark|Stuttgart-Bad Cannstatt,8098096,Stuttgart Hbf (tief),Baden-Württemberg,Stuttgart,70173,9.180228831,48.78338649,1,2601031236,,2601031238,,,,,,,,,,,1.0,3.0
-7035220678398818959-2601031212-4,7628,2601031217,2601031218,102,,S,S6,Stuttgart Schwabstr.|Stuttgart Feuersee|Stuttgart Stadtmitte,8098096,Stuttgart Hbf (tief),Baden-Württemberg,Stuttgart,70173,9.180228831,48.78338649,1,2601031223,,2601031223,,,,,,,,,,,6.0,5.0
-3901454027336800522-2601031203-14,7431,2601031252,2601031253,101,,S,S4,Backnang|Burgstall(Murr)|Kirchberg(Murr)|Erdmannhausen|Marbach(Neckar)|Benningen(Neckar)|Freiberg(Neckar)|Favoritepark|Ludwigsburg|Kornwestheim Pbf|Stuttgart-Zuffenhausen|Stuttgart-Feuerbach|Stuttgart Nordbahnhof,8098096,Stuttgart Hbf (tief),Baden-Württemberg,Stuttgart,70173,9.180228831,48.78338649,1,2601031253,,2601031254,,,,,,,,,,,1.0,1.0
6476044054617913836-2601031133-14,7629,2601031212,2601031213,101,,S,S6,Weil der Stadt|Malmsheim|Renningen|Rutesheim|Leonberg|Höfingen|Ditzingen|Weilimdorf|Korntal|Neuwirtshaus(Porscheplatz)|Stuttgart-Zuffenhausen|Stuttgart-Feuerbach|Stuttgart Nordbahnhof,8098096,Stuttgart Hbf (tief),Baden-Württemberg,Stuttgart,70173,9.180228831,48.78338649,1,2601031213,,2601031214,,,,,,,,,,,1.0,1.0
-4376819822122462379-2601031133-13,7226,2601031205,2601031205,102,,S,S2,Filderstadt|Stuttgart Flughafen/Messe|Echterdingen|Leinfelden|Oberaichen|Stuttgart-Rohr|Stuttgart-Vaihingen|Stuttgart-Österfeld|Stuttgart Universität|Stuttgart Schwabstr.|Stuttgart Feuersee|Stuttgart Stadtmitte,8098096,Stuttgart Hbf (tief),Baden-Württemberg,Stuttgart,70173,9.180228831,48.78338649,1,2601031207,,2601031208,,,,,,,,,,,2.0,3.0
-3839002302897574901-2601031157-4,7032,2601031202,2601031203,102,,S,S60,Stuttgart Schwabstr.|Stuttgart Feuersee|Stuttgart Stadtmitte,8098096,Stuttgart Hbf (tief),Baden-Württemberg,Stuttgart,70173,9.180228831,48.78338649,1,2601031205,,2601031205,,,,,,,,,,,3.0,2.0
-2997586613667252816-2601031134-18,7027,2601031227,2601031228,101,,S,S60,Böblingen|Sindelfingen|Maichingen|Maichingen Nord|Magstadt|Renningen Süd|Renningen|Rutesheim|Leonberg|Höfingen|Ditzingen|Weilimdorf|Korntal|Neuwirtshaus(Porscheplatz)|Stuttgart-Zuffenhausen|Stuttgart-Feuerbach|Stuttgart Nordbahnhof,8098096,Stuttgart Hbf (tief),Baden-Württemberg,Stuttgart,70173,9.180228831,48.78338649,1,2601031233,,2601031234,,,,,,,,,,,6.0,6.0
1899806724872395697-2601031222-11,7733,2601031250,2601031250,101,,S,S1,Plochingen|Altbach|Esslingen-Zell|Oberesslingen|Esslingen(Neckar)|Esslingen-Mettingen|Stuttgart-Obertürkheim|Stuttgart-Untertürkheim|Stuttgart Neckarpark|Stuttgart-Bad Cannstatt,8098096,Stuttgart Hbf (tief),Baden-Württemberg,Stuttgart,70173,9.180228831,48.78338649,1,2601031250,,2601031251,,,,,,,,,,,0.0,1.0
-3955134605586594139-2601031141-12,7329,2601031215,2601031215,101,,S,S3,Backnang|Maubach|Nellmersbach|Winnenden|Schwaikheim|Neustadt-Hohenacker|Waiblingen|Fellbach|Stuttgart-Sommerrain|Stuttgart Nürnberger Str.|Stuttgart-Bad Cannstatt,8098096,Stuttgart Hbf (tief),Baden-Württemberg,Stuttgart,70173,9.180228831,48.78338649,1,2601031215,,2601031216,,,,,,,,,,,0.0,1.0
-7003931357074639826-2601031227-4,7934,2601031232,2601031233,102,,S,S6,Stuttgart Schwabstr.|Stuttgart Feuersee|Stuttgart Stadtmitte,8098096,Stuttgart Hbf (tief),Baden-Württemberg,Stuttgart,70173,9.180228831,48.78338649,1,2601031232,,2601031233,,,,,,,,,,,0.0,0.0
3655115014084866226-2601031237-4,28466,2601031242,2601031243,102,,S,S5,Stuttgart Schwabstr.|Stuttgart Feuersee|Stuttgart Stadtmitte,8098096,Stuttgart Hbf (tief),Baden-Württemberg,Stuttgart,70173,9.180228831,48.78338649,1,2601031245,,2601031245,,,,,,,,,,,3.0,2.0
-5995002106705392995-2601031247-4,28400,2601031252,2601031253,102,,S,S4,Stuttgart Schwabstr.|Stuttgart Feuersee|Stuttgart Stadtmitte,8098096,Stuttgart Hbf (tief),Baden-Württemberg,Stuttgart,70173,9.180228831,48.78338649,1,,,,,,,,,,,,c,c,0.0,0.0
5532078017754681393-2601031215-7,28326,2601031230,2601031230,102,,S,S3,Stuttgart-Vaihingen|Stuttgart-Österfeld|Stuttgart Universität|Stuttgart Schwabstr.|Stuttgart Feuersee|Stuttgart Stadtmitte,8098096,Stuttgart Hbf (tief),Baden-Württemberg,Stuttgart,70173,9.180228831,48.78338649,1,2601031230,,2601031231,,,,,,,,,,,0.0,1.0
2930744972942057808-2601031207-9,7531,2601031232,2601031233,101,,S,S5,Bietigheim-Bissingen|Tamm(Württ)|Asperg|Ludwigsburg|Kornwestheim Pbf|Stuttgart-Zuffenhausen|Stuttgart-Feuerbach|Stuttgart Nordbahnhof,8098096,Stuttgart Hbf (tief),Baden-Württemberg,Stuttgart,70173,9.180228831,48.78338649,1,,,,,,,,,,,,c,c,0.0,0.0
2059911478828825113-2601031201-15,7728,2601031240,2601031240,102,,S,S1,Herrenberg|Nufringen|Gärtringen|Ehningen(b Böblingen)|Hulb|Böblingen|Goldberg(Württ)|Stuttgart-Rohr|Stuttgart-Vaihingen|Stuttgart-Österfeld|Stuttgart Universität|Stuttgart Schwabstr.|Stuttgart Feuersee|Stuttgart Stadtmitte,8098096,Stuttgart Hbf (tief),Baden-Württemberg,Stuttgart,70173,9.180228831,48.78338649,1,2601031242,,2601031243,,,,,,,,,,,2.0,3.0
-2837347101663805561-2601031133-14,7429,2601031222,2601031223,101,,S,S4,Backnang|Burgstall(Murr)|Kirchberg(Murr)|Erdmannhausen|Marbach(Neckar)|Benningen(Neckar)|Freiberg(Neckar)|Favoritepark|Ludwigsburg|Kornwestheim Pbf|Stuttgart-Zuffenhausen|Stuttgart-Feuerbach|Stuttgart Nordbahnhof,8098096,Stuttgart Hbf (tief),Baden-Württemberg,Stuttgart,70173,9.180228831,48.78338649,1,2601031223,,2601031224,,,,,,,,,,,1.0,1.0
-5759624544289762969-2601031146-15,7130,2601031225,2601031225,102,,S,S1,Herrenberg|Nufringen|Gärtringen|Ehningen(b Böblingen)|Hulb|Böblingen|Goldberg(Württ)|Stuttgart-Rohr|Stuttgart-Vaihingen|Stuttgart-Österfeld|Stuttgart Universität|Stuttgart Schwabstr.|Stuttgart Feuersee|Stuttgart Stadtmitte,8098096,Stuttgart Hbf (tief),Baden-Württemberg,Stuttgart,70173,9.180228831,48.78338649,1,2601031226,,2601031227,,,,,,,,,,,1.0,2.0
-83917606962888125-2601031156-12,28325,2601031230,2601031230,101,,S,S3,Backnang|Maubach|Nellmersbach|Winnenden|Schwaikheim|Neustadt-Hohenacker|Waiblingen|Fellbach|Stuttgart-Sommerrain|Stuttgart Nürnberger Str.|Stuttgart-Bad Cannstatt,8098096,Stuttgart Hbf (tief),Baden-Württemberg,Stuttgart,70173,9.180228831,48.78338649,1,2601031230,,2601031230,,,,,,,,,,,0.0,0.0
6168129635936742431-2601031203-13,7228,2601031235,2601031235,102,,S,S2,Filderstadt|Stuttgart Flughafen/Messe|Echterdingen|Leinfelden|Oberaichen|Stuttgart-Rohr|Stuttgart-Vaihingen|Stuttgart-Österfeld|Stuttgart Universität|Stuttgart Schwabstr.|Stuttgart Feuersee|Stuttgart Stadtmitte,8098096,Stuttgart Hbf (tief),Baden-Württemberg,Stuttgart,70173,9.180228831,48.78338649,1,2601031236,,2601031237,,,,,,,,,,,1.0,2.0
7206179278625566012-2601031230-7,7330,2601031245,2601031245,102,,S,S3,Stuttgart-Vaihingen|Stuttgart-Österfeld|Stuttgart Universität|Stuttgart Schwabstr.|Stuttgart Feuersee|Stuttgart Stadtmitte,8098096,Stuttgart Hbf (tief),Baden-Württemberg,Stuttgart,70173,9.180228831,48.78338649,1,2601031247,,2601031248,,,,,,,,,,,2.0,3.0
5274226899640306616-2601031145-7,28324,2601031200,2601031200,102,,S,S3,Stuttgart-Vaihingen|Stuttgart-Österfeld|Stuttgart Universität|Stuttgart Schwabstr.|Stuttgart Feuersee|Stuttgart Stadtmitte,8098096,Stuttgart Hbf (tief),Baden-Württemberg,Stuttgart,70173,9.180228831,48.78338649,1,2601031202,,2601031203,,,,,,,,,,,2.0,3.0
8207272767207255575-2601031203-14,7631,2601031242,2601031243,101,,S,S6,Weil der Stadt|Malmsheim|Renningen|Rutesheim|Leonberg|Höfingen|Ditzingen|Weilimdorf|Korntal|Neuwirtshaus(Porscheplatz)|Stuttgart-Zuffenhausen|Stuttgart-Feuerbach|Stuttgart Nordbahnhof,8098096,Stuttgart Hbf (tief),Baden-Württemberg,Stuttgart,70173,9.180228831,48.78338649,1,2601031243,,2601031244,,,,,,,,,,,1.0,1.0
9194663872562058086-2601031227-4,7034,2601031232,2601031233,102,,S,S60,Stuttgart Schwabstr.|Stuttgart Feuersee|Stuttgart Stadtmitte,8098096,Stuttgart Hbf (tief),Baden-Württemberg,Stuttgart,70173,9.180228831,48.78338649,1,2601031232,,2601031233,,,,,,,,,,,0.0,0.0
