ID,train_number,planned_arrival,planned_departure,planned_platform,planned_status,category_train,train,path,eva_nr,station_name,station_state,station_city,station_zipcode,station_long,station_lat,station_category,changed_arrival,changed_platform_arrival,changed_departure,changed_platform_departure,message_status,priority,info,arrival_hidden,departure_hidden,arrival_path,departure_path,arrival_status,departure_status,arrival_delay_m,departure_delay_m
7360062188173606239-2606051252-2,7735,2606051255,2606051255,3,,S,S1,Plochingen,8000508,Altbach,Baden-Württemberg,Altbach,73776,9.382434033,48.72031354,3,2606051255,,2606051255,,,,,,,,,,,0.0,0.0
-6319936848544854600-2606051220-6,7133,2606051240,2606051240,3,,S,S1,Kirchheim(Teck)|Kirchheim(Teck)-Ötlingen|Wendlingen(Neckar)|Wernau(Neckar)|Plochingen,8000508,Altbach,Baden-Württemberg,Altbach,73776,9.382434033,48.72031354,3,2606051240,,2606051240,,,,,,,,,,,0.0,0.0
1917902183543807700-2606051104-20,7724,2606051205,2606051205,4,,S,S1,Herrenberg|Böblingen|Goldberg(Württ)|Stuttgart-Rohr|Stuttgart-Vaihingen|Stuttgart-Österfeld|Stuttgart Universität|Stuttgart Schwabstr.|Stuttgart Feuersee|Stuttgart Stadtmitte|Stuttgart Hbf (tief)|Stuttgart-Bad Cannstatt|Stuttgart Neckarpark|Stuttgart-Untertürkheim|Stuttgart-Obertürkheim|Esslingen-Mettingen|Esslingen(Neckar)|Oberesslingen|Esslingen-Zell,8000508,Altbach,Baden-Württemberg,Altbach,73776,9.382434033,48.72031354,3,2606051209,,2606051210,,,,,,,,,,,4.0,5.0
1899806724872395697-2606051222-2,7733,2606051225,2606051225,3,,S,S1,Plochingen,8000508,Altbach,Baden-Württemberg,Altbach,73776,9.382434033,48.72031354,3,2606051225,,2606051226,,,,,,,,,,,0.0,1.0
-5759624544289762969-2606051146-24,7130,2606051250,2606051250,4,,S,S1,Herrenberg|Nufringen|Gärtringen|Ehningen(b Böblingen)|Hulb|Böblingen|Goldberg(Württ)|Stuttgart-Rohr|Stuttgart-Vaihingen|Stuttgart-Österfeld|Stuttgart Universität|Stuttgart Schwabstr.|Stuttgart Feuersee|Stuttgart Stadtmitte|Stuttgart Hbf (tief)|Stuttgart-Bad Cannstatt|Stuttgart Neckarpark|Stuttgart-Untertürkheim|Stuttgart-Obertürkheim|Esslingen-Mettingen|Esslingen(Neckar)|Oberesslingen|Esslingen-Zell,8000508,Altbach,Baden-Württemberg,Altbach,73776,9.382434033,48.72031354,3,2606051252,,2606051254,,,,,,,,,,,2.0,4.0
4736637014602700336-2606051150-6,7131,2606051210,2606051210,3,,S,S1,Kirchheim(Teck)|Kirchheim(Teck)-Ötlingen|Wendlingen(Neckar)|Wernau(Neckar)|Plochingen,8000508,Altbach,Baden-Württemberg,Altbach,73776,9.382434033,48.72031354,3,2606051210,,2606051210,,,,,,,,,,,0.0,0.0
3158900998064725317-2606051116-24,7128,2606051220,2606051220,4,,S,S1,Herrenberg|Nufringen|Gärtringen|Ehningen(b Böblingen)|Hulb|Böblingen|Goldberg(Württ)|Stuttgart-Rohr|Stuttgart-Vaihingen|Stuttgart-Österfeld|Stuttgart Universität|Stuttgart Schwabstr.|Stuttgart Feuersee|Stuttgart Stadtmitte|Stuttgart Hbf (tief)|Stuttgart-Bad Cannstatt|Stuttgart Neckarpark|Stuttgart-Untertürkheim|Stuttgart-Obertürkheim|Esslingen-Mettingen|Esslingen(Neckar)|Oberesslingen|Esslingen-Zell,8000508,Altbach,Baden-Württemberg,Altbach,73776,9.382434033,48.72031354,3,2606051226,,2606051227,,,,,,,,,,,6.0,7.0
1836435062166220832-2606051131-24,7726,2606051235,2606051235,4,,S,S1,Herrenberg|Nufringen|Gärtringen|Ehningen(b Böblingen)|Hulb|Böblingen|Goldberg(Württ)|Stuttgart-Rohr|Stuttgart-Vaihingen|Stuttgart-Österfeld|Stuttgart Universität|Stuttgart Schwabstr.|Stuttgart Feuersee|Stuttgart Stadtmitte|Stuttgart Hbf (tief)|Stuttgart-Bad Cannstatt|Stuttgart Neckarpark|Stuttgart-Untertürkheim|Stuttgart-Obertürkheim|Esslingen-Mettingen|Esslingen(Neckar)|Oberesslingen|Esslingen-Zell,8000508,Altbach,Baden-Württemberg,Altbach,73776,9.382434033,48.72031354,3,2606051237,,2606051238,,,,,,,,,,,2.0,3.0
-1322517664793731027-2606051137-10,28462,2606051202,2606051202,4,,S,S5,Stuttgart Schwabstr.|Stuttgart Feuersee|Stuttgart Stadtmitte|Stuttgart Hbf (tief)|Stuttgart Nordbahnhof|Stuttgart-Feuerbach|Stuttgart-Zuffenhausen|Kornwestheim Pbf|Ludwigsburg,8000630,Asperg,Baden-Württemberg,Asperg,71679,9.147977466,48.90725609,4,2606051206,,2606051206,,,,,,,,,,,4.0,4.0
-4761009494772144822-2606051152-10,7528,2606051217,2606051217,4,,S,S5,Stuttgart Schwabstr.|Stuttgart Feuersee|Stuttgart Stadtmitte|Stuttgart Hbf (tief)|Stuttgart Nordbahnhof|Stuttgart-Feuerbach|Stuttgart-Zuffenhausen|Kornwestheim Pbf|Ludwigsburg,8000630,Asperg,Baden-Württemberg,Asperg,71679,9.147977466,48.90725609,4,2606051221,,2606051222,,,,,,,,,,,4.0,5.0
-182569074075306425-2606051222-10,7530,2606051247,2606051247,4,,S,S5,Stuttgart Schwabstr.|Stuttgart Feuersee|Stuttgart Stadtmitte|Stuttgart Hbf (tief)|Stuttgart Nordbahnhof|Stuttgart-Feuerbach|Stuttgart-Zuffenhausen|Kornwestheim Pbf|Ludwigsburg,8000630,Asperg,Baden-Württemberg,Asperg,71679,9.147977466,48.90725609,4,2606051251,,2606051251,,,,,,,,,,,4.0,4.0
8332536860707671559-2606051207-10,28464,2606051232,2606051232,4,,S,S5,Stuttgart Schwabstr.|Stuttgart Feuersee|Stuttgart Stadtmitte|Stuttgart Hbf (tief)|Stuttgart Nordbahnhof|Stuttgart-Feuerbach|Stuttgart-Zuffenhausen|Kornwestheim Pbf|Ludwigsburg,8000630,Asperg,Baden-Württemberg,Asperg,71679,9.147977466,48.90725609,4,2606051235,,2606051235,,,,,,,,,,,3.0,3.0
-3504815606642380245-2606051222-3,28467,2606051227,2606051228,3,,S,S5,Bietigheim-Bissingen|Tamm(Württ),8000630,Asperg,Baden-Württemberg,Asperg,71679,9.147977466,48.90725609,4,2606051227,,2606051228,,,,,,,,,,,0.0,0.0
-144422822861230009-2606051237-3,7533,2606051242,2606051243,3,,S,S5,Bietigheim-Bissingen|Tamm(Württ),8000630,Asperg,Baden-Württemberg,Asperg,71679,9.147977466,48.90725609,4,2606051243,,2606051245,,,,,,,,,,,1.0,2.0
-4288525857753429602-2606051252-3,28469,2606051257,2606051258,3,,S,S5,Bietigheim-Bissingen|Tamm(Württ),8000630,Asperg,Baden-Württemberg,Asperg,71679,9.147977466,48.90725609,4,2606051258,,2606051258,,,,,,,,,,,1.0,0.0
2930744972942057808-2606051207-3,7531,2606051212,2606051213,3,,S,S5,Bietigheim-Bissingen|Tamm(Württ),8000630,Asperg,Baden-Württemberg,Asperg,71679,9.147977466,48.90725609,4,2606051213,,2606051214,,,,,,,,,,,1.0,1.0
-3193439599918682335-2606051132-7,17530,2606051206,2606051207,4,,RB,MEX19,Gaildorf West|Fichtenberg|Fornsbach|Murrhardt|Sulzbach(Murr)|Oppenweiler(Württ),8000016,Backnang,Baden-Württemberg,Backnang,71522,9.425986107,48.94264844,3,2606051207,,2606051208,,,,,,,,,,,1.0,1.0
-7749775710427008689-2606051038-16,88614,2606051236,2606051238,4,,ARV,RE90,Nürnberg Hbf|Roßtal|Heilsbronn|Wicklesgreuth|Ansbach|Leutershausen-Wiedersbach|Dombühl|Schnelldorf|Crailsheim|Eckartshausen-Ilshofen|Schwäbisch Hall-Hessental|Gaildorf West|Murrhardt|Sulzbach(Murr)|Oppenweiler(Württ),8000016,Backnang,Baden-Württemberg,Backnang,71522,9.425986107,48.94264844,3,2606051236,,2606051238,,,,,,,,,,,0.0,0.0
-2797726383545175511-2606051226-1,28327,,2606051226,,,S,S3,,8000016,Backnang,Baden-Württemberg,Backnang,71522,9.425986107,48.94264844,3,,,,,,,,,,,,,c,0.0,0.0
-97699751698418973-2606051241-1,7333,,2606051241,,,S,S3,,8000016,Backnang,Baden-Württemberg,Backnang,71522,9.425986107,48.94264844,3,,,2606051244,,,,,,,,,,,0.0,3.0
4152739802628459938-2606051155-5,17525,2606051220,2606051221,4,,RE,MEX90,Stuttgart Hbf|Stuttgart-Bad Cannstatt|Waiblingen|Winnenden,8000016,Backnang,Baden-Württemberg,Backnang,71522,9.425986107,48.94264844,3,2606051221,,2606051222,,,,,,,,,,,1.0,1.0
4960236751390972026-2606051200-18,7328,2606051248,,5,,S,,Stuttgart-Vaihingen|Stuttgart-Österfeld|Stuttgart Universität|Stuttgart Schwabstr.|Stuttgart Feuersee|Stuttgart Stadtmitte|Stuttgart Hbf (tief)|Stuttgart-Bad Cannstatt|Stuttgart Nürnberger Str.|Stuttgart-Sommerrain|Fellbach|Waiblingen|Neustadt-Hohenacker|Schwaikheim|Winnenden|Nellmersbach|Maubach,8000016,Backnang,Baden-Württemberg,Backnang,71522,9.425986107,48.94264844,3,2606051252,,,,,,,,,,,,,4.0,0.0
-960944489364412818-2606051233-1,7433,,2606051233,,,S,S4,,8000016,Backnang,Baden-Württemberg,Backnang,71522,9.425986107,48.94264844,3,,,2606051233,,,,,,,,,,,0.0,0.0
-701678331120959432-2606051132-17,7424,2606051222,,1,,S,,Stuttgart Schwabstr.|Stuttgart Feuersee|Stuttgart Stadtmitte|Stuttgart Hbf (tief)|Stuttgart Nordbahnhof|Stuttgart-Feuerbach|Stuttgart-Zuffenhausen|Kornwestheim Pbf|Ludwigsburg|Favoritepark|Freiberg(Neckar)|Benningen(Neckar)|Marbach(Neckar)|Erdmannhausen|Kirchberg(Murr)|Burgstall(Murr),8000016,Backnang,Baden-Württemberg,Backnang,71522,9.425986107,48.94264844,3,2606051227,,,,,,,,,,,,,5.0,0.0
8851012744564607240-2606051211-1,7331,,2606051211,,,S,S3,,8000016,Backnang,Baden-Württemberg,Backnang,71522,9.425986107,48.94264844,3,,,2606051212,,,,,,,,,,,0.0,1.0
-3901454027336800522-2606051203-1,7431,,2606051203,,,S,S4,,8000016,Backnang,Baden-Württemberg,Backnang,71522,9.425986107,48.94264844,3,,,2606051207,,,,,,,,,,,0.0,4.0
-5605026880843091945-2606051256-1,28329,,2606051256,,,S,S3,,8000016,Backnang,Baden-Württemberg,Backnang,71522,9.425986107,48.94264844,3,,,2606051256,,,,,,,,,,,0.0,0.0
3982192266941366031-2606051226-5,17527,2606051251,2606051252,4,,RB,MEX19,Stuttgart Hbf|Stuttgart-Bad Cannstatt|Waiblingen|Winnenden,8000016,Backnang,Baden-Württemberg,Backnang,71522,9.425986107,48.94264844,3,2606051255,,2606051255,,,,,,,,,,,4.0,3.0
5274226899640306616-2606051145-18,28324,2606051233,,5,,S,,Stuttgart-Vaihingen|Stuttgart-Österfeld|Stuttgart Universität|Stuttgart Schwabstr.|Stuttgart Feuersee|Stuttgart Stadtmitte|Stuttgart Hbf (tief)|Stuttgart-Bad Cannstatt|Stuttgart Nürnberger Str.|Stuttgart-Sommerrain|Fellbach|Waiblingen|Neustadt-Hohenacker|Schwaikheim|Winnenden|Nellmersbach|Maubach,8000016,Backnang,Baden-Württemberg,Backnang,71522,9.425986107,48.94264844,3,2606051241,,,,,,,,,,,,,8.0,0.0
-4536433194496505288-2606051130-18,7326,2606051218,,5,,S,,Stuttgart-Vaihingen|Stuttgart-Österfeld|Stuttgart Universität|Stuttgart Schwabstr.|Stuttgart Feuersee|Stuttgart Stadtmitte|Stuttgart Hbf (tief)|Stuttgart-Bad Cannstatt|Stuttgart Nürnberger Str.|Stuttgart-Sommerrain|Fellbach|Waiblingen|Neustadt-Hohenacker|Schwaikheim|Winnenden|Nellmersbach|Maubach,8000016,Backnang,Baden-Württemberg,Backnang,71522,9.425986107,48.94264844,3,2606051228,,,,,,,,,,,c,,10.0,0.0
-7226438864905084030-2606051115-18,28322,2606051203,,5,,S,,Stuttgart-Vaihingen|Stuttgart-Österfeld|Stuttgart Universität|Stuttgart Schwabstr.|Stuttgart Feuersee|Stuttgart Stadtmitte|Stuttgart Hbf (tief)|Stuttgart-Bad Cannstatt|Stuttgart Nürnberger Str.|Stuttgart-Sommerrain|Fellbach|Waiblingen|Neustadt-Hohenacker|Schwaikheim|Winnenden|Nellmersbach|Maubach,8000016,Backnang,Baden-Württemberg,Backnang,71522,9.425986107,48.94264844,3,2606051208,,,,,,,,,,,,,5.0,0.0
5127975581387066276-2606051202-17,7426,2606051252,,1,,S,,Stuttgart Schwabstr.|Stuttgart Feuersee|Stuttgart Stadtmitte|Stuttgart Hbf (tief)|Stuttgart Nordbahnhof|Stuttgart-Feuerbach|Stuttgart-Zuffenhausen|Kornwestheim Pbf|Ludwigsburg|Favoritepark|Freiberg(Neckar)|Benningen(Neckar)|Marbach(Neckar)|Erdmannhausen|Kirchberg(Murr)|Burgstall(Murr),8000016,Backnang,Baden-Württemberg,Backnang,71522,9.425986107,48.94264844,3,2606051254,,,,,,,,,,,,,2.0,0.0
-4501469853120362621-2606051210-2,28395,2606051212,2606051212,2,,S,S4,Marbach(Neckar),8000873,Benningen (Neckar),Baden-Württemberg,Benningen am Neckar,71726,9.244299075,48.94379773,5,2606051212,,2606051213,,,,,,,,,,,0.0,1.0
6534681549550626676-2606051217-12,28398,2606051247,2606051248,1,,S,S4,Stuttgart Schwabstr.|Stuttgart Feuersee|Stuttgart Stadtmitte|Stuttgart Hbf (tief)|Stuttgart Nordbahnhof|Stuttgart-Feuerbach|Stuttgart-Zuffenhausen|Kornwestheim Pbf|Ludwigsburg|Favoritepark|Freiberg(Neckar),8000873,Benningen (Neckar),Baden-Württemberg,Benningen am Neckar,71726,9.244299075,48.94379773,5,2606051251,,2606051251,,,,,,,,,,,4.0,3.0
4009390930234313645-2606051147-12,28396,2606051217,2606051218,1,,S,S4,Stuttgart Schwabstr.|Stuttgart Feuersee|Stuttgart Stadtmitte|Stuttgart Hbf (tief)|Stuttgart Nordbahnhof|Stuttgart-Feuerbach|Stuttgart-Zuffenhausen|Kornwestheim Pbf|Ludwigsburg|Favoritepark|Freiberg(Neckar),8000873,Benningen (Neckar),Baden-Württemberg,Benningen am Neckar,71726,9.244299075,48.94379773,5,2606051218,,2606051219,,,,,,,,,,,1.0,1.0
-960944489364412818-2606051233-6,7433,2606051257,2606051257,2,,S,S4,Backnang|Burgstall(Murr)|Kirchberg(Murr)|Erdmannhausen|Marbach(Neckar),8000873,Benningen (Neckar),Baden-Württemberg,Benningen am Neckar,71726,9.244299075,48.94379773,5,2606051258,,2606051258,,,,,,,,,,,1.0,1.0
-701678331120959432-2606051132-12,7424,2606051202,2606051203,1,,S,S4,Stuttgart Schwabstr.|Stuttgart Feuersee|Stuttgart Stadtmitte|Stuttgart Hbf (tief)|Stuttgart Nordbahnhof|Stuttgart-Feuerbach|Stuttgart-Zuffenhausen|Kornwestheim Pbf|Ludwigsburg|Favoritepark|Freiberg(Neckar),8000873,Benningen (Neckar),Baden-Württemberg,Benningen am Neckar,71726,9.244299075,48.94379773,5,2606051207,,2606051208,,,,,,,,,,,5.0,5.0
-3901454027336800522-2606051203-6,7431,2606051227,2606051227,2,,S,S4,Backnang|Burgstall(Murr)|Kirchberg(Murr)|Erdmannhausen|Marbach(Neckar),8000873,Benningen (Neckar),Baden-Württemberg,Benningen am Neckar,71726,9.244299075,48.94379773,5,2606051230,,2606051231,,,,,,,,,,,3.0,4.0
-1050718254766280262-2606051240-2,28397,2606051242,2606051242,2,,S,S4,Marbach(Neckar),8000873,Benningen (Neckar),Baden-Württemberg,Benningen am Neckar,71726,9.244299075,48.94379773,5,2606051242,,2606051243,,,,,,,,,,,0.0,1.0
5127975581387066276-2606051202-12,7426,2606051232,2606051233,1,,S,S4,Stuttgart Schwabstr.|Stuttgart Feuersee|Stuttgart Stadtmitte|Stuttgart Hbf (tief)|Stuttgart Nordbahnhof|Stuttgart-Feuerbach|Stuttgart-Zuffenhausen|Kornwestheim Pbf|Ludwigsburg|Favoritepark|Freiberg(Neckar),8000873,Benningen (Neckar),Baden-Württemberg,Benningen am Neckar,71726,9.244299075,48.94379773,5,2606051234,,2606051235,,,,,,,,,,,2.0,2.0
-3253223981406463232-2606051136-20,19319,2606051255,2606051257,8,,RE,MEX18,Osterburken|Adelsheim Ost|Sennfeld|Roigheim|Möckmühl|Züttlingen|Siglingen|Neudenau|Herbolzheim(Jagst)|Untergriesheim|Bad Friedrichshall Hbf|Neckarsulm|Heilbronn Sülmertor|Heilbronn Hbf|Nordheim(Württ)|Lauffen(Neckar)|Kirchheim(Neckar)|Walheim(Württ)|Besigheim,8000038,Bietigheim-Bissingen,Baden-Württemberg,Bietigheim-Bissingen,74321,9.137217396,48.94794988,2,2606051300,,2606051301,,h,2,Bauarbeiten,,,,,,,5.0,4.0
-1322517664793731027-2606051137-12,28462,2606051209,,6,,S,,Stuttgart Schwabstr.|Stuttgart Feuersee|Stuttgart Stadtmitte|Stuttgart Hbf (tief)|Stuttgart Nordbahnhof|Stuttgart-Feuerbach|Stuttgart-Zuffenhausen|Kornwestheim Pbf|Ludwigsburg|Asperg|Tamm(Württ),8000038,Bietigheim-Bissingen,Baden-Württemberg,Bietigheim-Bissingen,74321,9.137217396,48.94794988,2,2606051213,5,,,,,,,,,,,,4.0,0.0
6869395830049887240-2606051211-3,19068,2606051228,2606051229,10,,ARV,RE8,Stuttgart Hbf|Ludwigsburg,8000038,Bietigheim-Bissingen,Baden-Württemberg,Bietigheim-Bissingen,74321,9.137217396,48.94794988,2,2606051229,,2606051230,,,,,,,,,,,1.0,1.0
2697541885442165569-2606051214-12,19517,2606051249,2606051250,4,,RE,MEX17,Pforzheim Hbf|Eutingen(Baden)|Niefern|Enzberg|Mühlacker|Mühlacker Rößlesweg|Illingen(Württ)|Vaihingen(Enz)|Sersheim|Sachsenheim|Ellental,8000038,Bietigheim-Bissingen,Baden-Württemberg,Bietigheim-Bissingen,74321,9.137217396,48.94794988,2,2606051249,,2606051250,,h,2,Information,,,,,,,0.0,0.0
-4761009494772144822-2606051152-12,7528,2606051224,,6,,S,,Stuttgart Schwabstr.|Stuttgart Feuersee|Stuttgart Stadtmitte|Stuttgart Hbf (tief)|Stuttgart Nordbahnhof|Stuttgart-Feuerbach|Stuttgart-Zuffenhausen|Kornwestheim Pbf|Ludwigsburg|Asperg|Tamm(Württ),8000038,Bietigheim-Bissingen,Baden-Württemberg,Bietigheim-Bissingen,74321,9.137217396,48.94794988,2,2606051229,5,,,,,,,,,,,,5.0,0.0
-182569074075306425-2606051222-12,7530,2606051254,,6,,S,,Stuttgart Schwabstr.|Stuttgart Feuersee|Stuttgart Stadtmitte|Stuttgart Hbf (tief)|Stuttgart Nordbahnhof|Stuttgart-Feuerbach|Stuttgart-Zuffenhausen|Kornwestheim Pbf|Ludwigsburg|Asperg|Tamm(Württ),8000038,Bietigheim-Bissingen,Baden-Württemberg,Bietigheim-Bissingen,74321,9.137217396,48.94794988,2,2606051258,5,,,,,,,,,,,,4.0,0.0
5899947868224939582-2606051146-3,19512,2606051203,2606051204,7,,RE,MEX17,Stuttgart Hbf|Ludwigsburg,8000038,Bietigheim-Bissingen,Baden-Württemberg,Bietigheim-Bissingen,74321,9.137217396,48.94794988,2,2606051205,,2606051206,,h,2,Information,,,,,,,2.0,2.0
8332536860707671559-2606051207-12,28464,2606051239,,6,,S,,Stuttgart Schwabstr.|Stuttgart Feuersee|Stuttgart Stadtmitte|Stuttgart Hbf (tief)|Stuttgart Nordbahnhof|Stuttgart-Feuerbach|Stuttgart-Zuffenhausen|Kornwestheim Pbf|Ludwigsburg|Asperg|Tamm(Württ),8000038,Bietigheim-Bissingen,Baden-Württemberg,Bietigheim-Bissingen,74321,9.137217396,48.94794988,2,2606051242,5,,,,,,,,,,,,3.0,0.0
-3504815606642380245-2606051222-1,28467,,2606051222,,,S,S5,,8000038,Bietigheim-Bissingen,Baden-Württemberg,Bietigheim-Bissingen,74321,9.137217396,48.94794988,2,,,2606051222,,,,,,,,,,,0.0,0.0
-144422822861230009-2606051237-1,7533,,2606051237,,,S,S5,,8000038,Bietigheim-Bissingen,Baden-Württemberg,Bietigheim-Bissingen,74321,9.137217396,48.94794988,2,,,2606051237,,,,,,,,,,,0.0,0.0
7698261313813520999-2606051105-13,19228,2606051235,2606051236,10,,RE,MEX12,Tübingen Hbf|Reutlingen Hbf|Metzingen(Württ)|Bempflingen|Nürtingen|Oberboihingen|Wendlingen(Neckar)|Plochingen|Esslingen(Neckar)|Stuttgart-Bad Cannstatt|Stuttgart Hbf|Ludwigsburg,8000038,Bietigheim-Bissingen,Baden-Württemberg,Bietigheim-Bissingen,74321,9.137217396,48.94794988,2,2606051238,,2606051239,,h,2,Information,,,,,,,3.0,3.0
-4288525857753429602-2606051252-1,28469,,2606051252,,,S,S5,,8000038,Bietigheim-Bissingen,Baden-Württemberg,Bietigheim-Bissingen,74321,9.137217396,48.94794988,2,,,2606051252,,,,,,,,,,,0.0,0.0
-5042970796843621512-2606051157-7,19223,2606051222,2606051224,8,,RE,MEX12,Heilbronn Hbf|Nordheim(Württ)|Lauffen(Neckar)|Kirchheim(Neckar)|Walheim(Württ)|Besigheim,8000038,Bietigheim-Bissingen,Baden-Württemberg,Bietigheim-Bissingen,74321,9.137217396,48.94794988,2,2606051223,,2606051225,,h,2,Bauarbeiten,,,,,,,1.0,1.0
-2324017508792778686-2606051144-12,19555,2606051224,,7,,RE,,Pforzheim Hbf|Eutingen(Baden)|Niefern|Enzberg|Mühlacker|Mühlacker Rößlesweg|Illingen(Württ)|Vaihingen(Enz)|Sersheim|Sachsenheim|Ellental,8000038,Bietigheim-Bissingen,Baden-Württemberg,Bietigheim-Bissingen,74321,9.137217396,48.94794988,2,2606051230,,,,h,2,Information,,,,,,,6.0,0.0
8642407475210179578-2606051232-1,19562,,2606051232,,,RE,MEX17,,8000038,Bietigheim-Bissingen,Baden-Württemberg,Bietigheim-Bissingen,74321,9.137217396,48.94794988,2,,,2606051233,,h,2,Information,,,,,,,0.0,1.0
-3527127391718167941-2606051037-8,19065,2606051232,2606051232,8,,ARV,RE8,Würzburg Hbf|Lauda|Osterburken|Möckmühl|Bad Friedrichshall Hbf|Neckarsulm|Heilbronn Hbf,8000038,Bietigheim-Bissingen,Baden-Württemberg,Bietigheim-Bissingen,74321,9.137217396,48.94794988,2,2606051232,,2606051232,,,,,,,,,,,0.0,0.0
2930744972942057808-2606051207-1,7531,,2606051207,,,S,S5,,8000038,Bietigheim-Bissingen,Baden-Württemberg,Bietigheim-Bissingen,74321,9.137217396,48.94794988,2,,,2606051208,,,,,,,,,,,0.0,1.0
-5025124260235505458-2606051033-11,19314,2606051159,2606051200,10,,RE,MEX18,Tübingen Hbf|Reutlingen Hbf|Metzingen(Württ)|Nürtingen|Wendlingen(Neckar)|Plochingen|Esslingen(Neckar)|Stuttgart-Bad Cannstatt|Stuttgart Hbf|Ludwigsburg,8000038,Bietigheim-Bissingen,Baden-Württemberg,Bietigheim-Bissingen,74321,9.137217396,48.94794988,2,2606051159,,2606051200,,h,2,Information,,,,,,,0.0,0.0
5197957692469736326-2606051133-11,19316,2606051259,2606051300,10,,RE,MEX18,Tübingen Hbf|Reutlingen Hbf|Metzingen(Württ)|Nürtingen|Wendlingen(Neckar)|Plochingen|Esslingen(Neckar)|Stuttgart-Bad Cannstatt|Stuttgart Hbf|Ludwigsburg,8000038,Bietigheim-Bissingen,Baden-Württemberg,Bietigheim-Bissingen,74321,9.137217396,48.94794988,2,2606051259,,2606051300,,h,2,Information,,,,,,,0.0,0.0
8909000467605487008-2606051202-12,8097,2606051225,,1,,WEG,,Dettenhausen|Weil im Schönbuch Untere Halde|Weil im Schönbuch Röte|Weil im Schönbuch Troppel|Holzgerlingen Buch|Holzgerlingen Bf|Holzgerlingen Hülben|Böblingen Zimmerschlag|Böblingen Heusteigstr|Böblingen Südbf|Böblingen Danziger Str,8001055,Böblingen,Baden-Württemberg,Böblingen,71034,9.004531864,48.68784871,3,2606051226,,,,,,,,,,,,,1.0,0.0
-7846914851169595045-2606051205-1,8096,,2606051205,,,WEG,RB46,,8001055,Böblingen,Baden-Württemberg,Böblingen,71034,9.004531864,48.68784871,3,,,2606051205,,,,,,,,,,,0.0,0.0
41668567353075799-2606051231-6,7730,2606051245,2606051245,3,,S,S1,Herrenberg|Nufringen|Gärtringen|Ehningen(b Böblingen)|Hulb,8001055,Böblingen,Baden-Württemberg,Böblingen,71034,9.004531864,48.68784871,3,,,,,,,,,,,,c,c,0.0,0.0
6665004006593220666-2606051228-2,50187,2606051248,2606051250,5,,RE,IC87,Stuttgart Hbf,8001055,Böblingen,Baden-Württemberg,Böblingen,71034,9.004531864,48.68784871,3,2606051249,,2606051250,,h,1,Information,,,,,,,1.0,0.0
700874854166477544-2606051228-2,187,2606051248,2606051250,5,,IC,,Stuttgart Hbf,8001055,Böblingen,Baden-Württemberg,Böblingen,71034,9.004531864,48.68784871,3,2606051249,,2606051250,,h,1,Information,,,,,,,1.0,0.0
8993379184971619733-2606051035-12,50380,2606051221,2606051222,2,,RE,IC87,Singen(Hohentwiel)|Engen|Tuttlingen|Spaichingen|Rottweil|Oberndorf(Neckar)|Sulz(Neckar)|Horb|Bondorf(b Herrenberg)|Gäufelden|Herrenberg,8001055,Böblingen,Baden-Württemberg,Böblingen,71034,9.004531864,48.68784871,3,2606051227,,2606051229,,h,1,Information,,,,,,,6.0,7.0
7608028257592331283-2606051204-1,7029,,2606051204,,,S,S60,,8001055,Böblingen,Baden-Württemberg,Böblingen,71034,9.004531864,48.68784871,3,,,2606051204,,,,,,,,,,,0.0,0.0
-1667866592525461048-2606051152-20,7731,2606051244,2606051244,4,,S,S1,Plochingen|Altbach|Esslingen-Zell|Oberesslingen|Esslingen(Neckar)|Esslingen-Mettingen|Stuttgart-Obertürkheim|Stuttgart-Untertürkheim|Stuttgart Neckarpark|Stuttgart-Bad Cannstatt|Stuttgart Hbf (tief)|Stuttgart Stadtmitte|Stuttgart Feuersee|Stuttgart Schwabstr.|Stuttgart Universität|Stuttgart-Österfeld|Stuttgart-Vaihingen|Stuttgart-Rohr|Goldberg(Württ),8001055,Böblingen,Baden-Württemberg,Böblingen,71034,9.004531864,48.68784871,3,2606051246,,2606051246,,,,,,,,,,,2.0,2.0
-8244462081615470367-2606051234-1,7031,,2606051234,,,S,S60,,8001055,Böblingen,Baden-Württemberg,Böblingen,71034,9.004531864,48.68784871,3,,,2606051234,,,,,,,,,,,0.0,0.0
-4197374811050490820-2606051122-20,7729,2606051214,2606051214,4,,S,S1,Plochingen|Altbach|Esslingen-Zell|Oberesslingen|Esslingen(Neckar)|Esslingen-Mettingen|Stuttgart-Obertürkheim|Stuttgart-Untertürkheim|Stuttgart Neckarpark|Stuttgart-Bad Cannstatt|Stuttgart Hbf (tief)|Stuttgart Stadtmitte|Stuttgart Feuersee|Stuttgart Schwabstr.|Stuttgart Universität|Stuttgart-Österfeld|Stuttgart-Vaihingen|Stuttgart-Rohr|Goldberg(Württ),8001055,Böblingen,Baden-Württemberg,Böblingen,71034,9.004531864,48.68784871,3,2606051218,,2606051219,,,,,,,,,,,4.0,5.0
-5040164597006626382-2606051120-24,7129,2606051229,2606051229,4,,S,S1,Kirchheim(Teck)|Kirchheim(Teck)-Ötlingen|Wendlingen(Neckar)|Wernau(Neckar)|Plochingen|Altbach|Esslingen-Zell|Oberesslingen|Esslingen(Neckar)|Esslingen-Mettingen|Stuttgart-Obertürkheim|Stuttgart-Untertürkheim|Stuttgart Neckarpark|Stuttgart-Bad Cannstatt|Stuttgart Hbf (tief)|Stuttgart Stadtmitte|Stuttgart Feuersee|Stuttgart Schwabstr.|Stuttgart Universität|Stuttgart-Österfeld|Stuttgart-Vaihingen|Stuttgart-Rohr|Goldberg(Württ),8001055,Böblingen,Baden-Württemberg,Böblingen,71034,9.004531864,48.68784871,3,2606051231,,2606051232,,,,,,,,,,,2.0,3.0
-567364517811325165-2606051217-2,17637,2606051238,2606051239,5,,RE,RE14b,Stuttgart Hbf,8001055,Böblingen,Baden-Württemberg,Böblingen,71034,9.004531864,48.68784871,3,2606051239,,2606051240,,,,,,,,,,,1.0,1.0
3529743929784818117-2606050937-14,380,2606051221,2606051222,2,,IC,,Zürich HB|Schaffhausen|Singen(Hohentwiel)|Engen|Tuttlingen|Spaichingen|Rottweil|Oberndorf(Neckar)|Sulz(Neckar)|Horb|Bondorf(b Herrenberg)|Gäufelden|Herrenberg,8001055,Böblingen,Baden-Württemberg,Böblingen,71034,9.004531864,48.68784871,3,2606051227,,2606051229,,h,1,Information,,,,,,,6.0,7.0
-5759624544289762969-2606051146-6,7130,2606051200,2606051200,3,,S,S1,Herrenberg|Nufringen|Gärtringen|Ehningen(b Böblingen)|Hulb,8001055,Böblingen,Baden-Württemberg,Böblingen,71034,9.004531864,48.68784871,3,2606051200,,2606051201,,,,,,,,,,,0.0,1.0
4736637014602700336-2606051150-24,7131,2606051259,2606051259,4,,S,S1,Kirchheim(Teck)|Kirchheim(Teck)-Ötlingen|Wendlingen(Neckar)|Wernau(Neckar)|Plochingen|Altbach|Esslingen-Zell|Oberesslingen|Esslingen(Neckar)|Esslingen-Mettingen|Stuttgart-Obertürkheim|Stuttgart-Untertürkheim|Stuttgart Neckarpark|Stuttgart-Bad Cannstatt|Stuttgart Hbf (tief)|Stuttgart Stadtmitte|Stuttgart Feuersee|Stuttgart Schwabstr.|Stuttgart Universität|Stuttgart-Österfeld|Stuttgart-Vaihingen|Stuttgart-Rohr|Goldberg(Württ),8001055,Böblingen,Baden-Württemberg,Böblingen,71034,9.004531864,48.68784871,3,2606051302,,2606051303,,,,,,,,,,,3.0,4.0
-6059316468643994057-2606051232-12,8101,2606051255,,1,,WEG,,Dettenhausen|Weil im Schönbuch Untere Halde|Weil im Schönbuch Röte|Weil im Schönbuch Troppel|Holzgerlingen Buch|Holzgerlingen Bf|Holzgerlingen Hülben|Böblingen Zimmerschlag|Böblingen Heusteigstr|Böblingen Südbf|Böblingen Danziger Str,8001055,Böblingen,Baden-Württemberg,Böblingen,71034,9.004531864,48.68784871,3,2606051256,,,,,,,,,,,,,1.0,0.0
4286078100246831779-2606051217-2,17639,2606051238,2606051239,5,,RE,RE14a,Stuttgart Hbf,8001055,Böblingen,Baden-Württemberg,Böblingen,71034,9.004531864,48.68784871,3,2606051239,,2606051240,,,,,,,,,,,1.0,1.0
-3839002302897574901-2606051157-21,7032,2606051256,,5,,S,,Stuttgart Schwabstr.|Stuttgart Feuersee|Stuttgart Stadtmitte|Stuttgart Hbf (tief)|Stuttgart Nordbahnhof|Stuttgart-Feuerbach|Stuttgart-Zuffenhausen|Neuwirtshaus(Porscheplatz)|Korntal|Weilimdorf|Ditzingen|Höfingen|Leonberg|Rutesheim|Renningen|Renningen Süd|Magstadt|Maichingen Nord|Maichingen|Sindelfingen,8001055,Böblingen,Baden-Württemberg,Böblingen,71034,9.004531864,48.68784871,3,2606051256,,,,,,,,,,,,,0.0,0.0
3410717060998267101-2606051216-6,7132,2606051230,2606051230,3,,S,S1,Herrenberg|Nufringen|Gärtringen|Ehningen(b Böblingen)|Hulb,8001055,Böblingen,Baden-Württemberg,Böblingen,71034,9.004531864,48.68784871,3,2606051236,,2606051237,,,,,,,,,,,6.0,7.0
2059911478828825113-2606051201-6,7728,2606051215,2606051215,3,,S,S1,Herrenberg|Nufringen|Gärtringen|Ehningen(b Böblingen)|Hulb,8001055,Böblingen,Baden-Württemberg,Böblingen,71034,9.004531864,48.68784871,3,2606051217,,2606051219,,,,,,,,,,,2.0,4.0
6621898459612569085-2606051127-21,7030,2606051226,,5,,S,,Stuttgart Schwabstr.|Stuttgart Feuersee|Stuttgart Stadtmitte|Stuttgart Hbf (tief)|Stuttgart Nordbahnhof|Stuttgart-Feuerbach|Stuttgart-Zuffenhausen|Neuwirtshaus(Porscheplatz)|Korntal|Weilimdorf|Ditzingen|Höfingen|Leonberg|Rutesheim|Renningen|Renningen Süd|Magstadt|Maichingen Nord|Maichingen|Sindelfingen,8001055,Böblingen,Baden-Württemberg,Böblingen,71034,9.004531864,48.68784871,3,2606051227,,,,,,,,,,,,,1.0,0.0
4308021049785354747-2606051235-1,8100,,2606051235,,,WEG,RB46,,8001055,Böblingen,Baden-Württemberg,Böblingen,71034,9.004531864,48.68784871,3,,,2606051235,,,,,,,,,,,0.0,0.0
-960944489364412818-2606051233-2,7433,2606051237,2606051238,1,,S,S4,Backnang,8001296,Burgstall (Murr),Baden-Württemberg,Burgstetten,71576,9.36973562,48.92851826,6,2606051239,,2606051239,,,,,,,,,,,2.0,1.0
-701678331120959432-2606051132-16,7424,2606051217,2606051217,1,,S,S4,Stuttgart Schwabstr.|Stuttgart Feuersee|Stuttgart Stadtmitte|Stuttgart Hbf (tief)|Stuttgart Nordbahnhof|Stuttgart-Feuerbach|Stuttgart-Zuffenhausen|Kornwestheim Pbf|Ludwigsburg|Favoritepark|Freiberg(Neckar)|Benningen(Neckar)|Marbach(Neckar)|Erdmannhausen|Kirchberg(Murr),8001296,Burgstall (Murr),Baden-Württemberg,Burgstetten,71576,9.36973562,48.92851826,6,2606051221,,2606051222,,,,,,,,,,,4.0,5.0
-3901454027336800522-2606051203-2,7431,2606051207,2606051208,1,,S,S4,Backnang,8001296,Burgstall (Murr),Baden-Württemberg,Burgstetten,71576,9.36973562,48.92851826,6,2606051214,,2606051214,,,,,,,,,,,7.0,6.0
5127975581387066276-2606051202-16,7426,2606051247,2606051247,1,,S,S4,Stuttgart Schwabstr.|Stuttgart Feuersee|Stuttgart Stadtmitte|Stuttgart Hbf (tief)|Stuttgart Nordbahnhof|Stuttgart-Feuerbach|Stuttgart-Zuffenhausen|Kornwestheim Pbf|Ludwigsburg|Favoritepark|Freiberg(Neckar)|Benningen(Neckar)|Marbach(Neckar)|Erdmannhausen|Kirchberg(Murr),8001296,Burgstall (Murr),Baden-Württemberg,Burgstetten,71576,9.36973562,48.92851826,6,2606051248,,2606051249,,,,,,,,,,,1.0,2.0
3131517444573088003-2606051148-7,7927,2606051209,2606051209,3,,S,S6,Weil der Stadt|Malmsheim|Renningen|Rutesheim|Leonberg|Höfingen,8001476,Ditzingen,Baden-Württemberg,Ditzingen,71254,9.067095186,48.82358726,4,2606051210,,2606051210,,,,,,,,,,,1.0,1.0
7608028257592331283-2606051204-11,7029,2606051239,2606051239,3,,S,S60,Böblingen|Sindelfingen|Maichingen|Maichingen Nord|Magstadt|Renningen Süd|Renningen|Rutesheim|Leonberg|Höfingen,8001476,Ditzingen,Baden-Württemberg,Ditzingen,71254,9.067095186,48.82358726,4,2606051240,,2606051240,,,,,,,,,,,1.0,1.0
-4444589756830246864-2606051218-7,7929,2606051239,2606051239,3,,S,S6,Weil der Stadt|Malmsheim|Renningen|Rutesheim|Leonberg|Höfingen,8001476,Ditzingen,Baden-Württemberg,Ditzingen,71254,9.067095186,48.82358726,4,2606051240,,2606051240,,,,,,,,,,,1.0,1.0
-7003931357074639826-2606051227-11,7934,2606051251,2606051251,2,,S,S6,Stuttgart Schwabstr.|Stuttgart Feuersee|Stuttgart Stadtmitte|Stuttgart Hbf (tief)|Stuttgart Nordbahnhof|Stuttgart-Feuerbach|Stuttgart-Zuffenhausen|Neuwirtshaus(Porscheplatz)|Korntal|Weilimdorf,8001476,Ditzingen,Baden-Württemberg,Ditzingen,71254,9.067095186,48.82358726,4,2606051251,,2606051251,,,,,,,,,,,0.0,0.0
3112151770582767081-2606051157-11,7932,2606051221,2606051221,2,,S,S6,Stuttgart Schwabstr.|Stuttgart Feuersee|Stuttgart Stadtmitte|Stuttgart Hbf (tief)|Stuttgart Nordbahnhof|Stuttgart-Feuerbach|Stuttgart-Zuffenhausen|Neuwirtshaus(Porscheplatz)|Korntal|Weilimdorf,8001476,Ditzingen,Baden-Württemberg,Ditzingen,71254,9.067095186,48.82358726,4,2606051222,,2606051223,,,,,,,,,,,1.0,2.0
-2997586613667252816-2606051134-11,7027,2606051209,2606051209,3,,S,S60,Böblingen|Sindelfingen|Maichingen|Maichingen Nord|Magstadt|Renningen Süd|Renningen|Rutesheim|Leonberg|Höfingen,8001476,Ditzingen,Baden-Württemberg,Ditzingen,71254,9.067095186,48.82358726,4,2606051210,,2606051210,,,,,,,,,,,1.0,1.0
-3839002302897574901-2606051157-11,7032,2606051221,2606051221,2,,S,S60,Stuttgart Schwabstr.|Stuttgart Feuersee|Stuttgart Stadtmitte|Stuttgart Hbf (tief)|Stuttgart Nordbahnhof|Stuttgart-Feuerbach|Stuttgart-Zuffenhausen|Neuwirtshaus(Porscheplatz)|Korntal|Weilimdorf,8001476,Ditzingen,Baden-Württemberg,Ditzingen,71254,9.067095186,48.82358726,4,2606051222,,2606051223,,,,,,,,,,,1.0,2.0
3519679731657304538-2606051142-11,7626,2606051206,2606051206,2,,S,S6,Stuttgart Schwabstr.|Stuttgart Feuersee|Stuttgart Stadtmitte|Stuttgart Hbf (tief)|Stuttgart Nordbahnhof|Stuttgart-Feuerbach|Stuttgart-Zuffenhausen|Neuwirtshaus(Porscheplatz)|Korntal|Weilimdorf,8001476,Ditzingen,Baden-Württemberg,Ditzingen,71254,9.067095186,48.82358726,4,2606051213,,2606051213,,,,,,,,,,,7.0,7.0
-7035220678398818959-2606051212-11,7628,2606051236,2606051236,2,,S,S6,Stuttgart Schwabstr.|Stuttgart Feuersee|Stuttgart Stadtmitte|Stuttgart Hbf (tief)|Stuttgart Nordbahnhof|Stuttgart-Feuerbach|Stuttgart-Zuffenhausen|Neuwirtshaus(Porscheplatz)|Korntal|Weilimdorf,8001476,Ditzingen,Baden-Württemberg,Ditzingen,71254,9.067095186,48.82358726,4,2606051238,,2606051239,,,,,,,,,,,2.0,3.0
9194663872562058086-2606051227-11,7034,2606051251,2606051251,2,,S,S60,Stuttgart Schwabstr.|Stuttgart Feuersee|Stuttgart Stadtmitte|Stuttgart Hbf (tief)|Stuttgart Nordbahnhof|Stuttgart-Feuerbach|Stuttgart-Zuffenhausen|Neuwirtshaus(Porscheplatz)|Korntal|Weilimdorf,8001476,Ditzingen,Baden-Württemberg,Ditzingen,71254,9.067095186,48.82358726,4,2606051251,,2606051251,,,,,,,,,,,0.0,0.0
-8922964933325247623-2606051233-7,7633,2606051254,2606051254,3,,S,S6,Weil der Stadt|Malmsheim|Renningen|Rutesheim|Leonberg|Höfingen,8001476,Ditzingen,Baden-Württemberg,Ditzingen,71254,9.067095186,48.82358726,4,2606051254,,2606051254,,,,,,,,,,,0.0,0.0
8207272767207255575-2606051203-7,7631,2606051224,2606051224,3,,S,S6,Weil der Stadt|Malmsheim|Renningen|Rutesheim|Leonberg|Höfingen,8001476,Ditzingen,Baden-Württemberg,Ditzingen,71254,9.067095186,48.82358726,4,2606051224,,2606051224,,,,,,,,,,,0.0,0.0
6037380939760231204-2606051233-3,7230,2606051240,2606051240,2,,S,S2,Filderstadt|Stuttgart Flughafen/Messe,8001650,Echterdingen,Baden-Württemberg,Echterdingen,70771,9.169307175,48.69214787,4,2606051240,,2606051240,,h,1,Bauarbeiten,,,,,,,0.0,0.0
-1430692459813981855-2606051248-3,7832,2606051255,2606051255,2,,S,S2,Filderstadt|Stuttgart Flughafen/Messe,8001650,Echterdingen,Baden-Württemberg,Echterdingen,70771,9.169307175,48.69214787,4,2606051255,,2606051255,,h,1,Bauarbeiten,,,,,,,0.0,0.0
-6103095444831223240-2606051210-16,7231,2606051249,2606051250,1,,S,S2,Waiblingen|Fellbach|Stuttgart-Sommerrain|Stuttgart Nürnberger Str.|Stuttgart-Bad Cannstatt|Stuttgart Hbf (tief)|Stuttgart Stadtmitte|Stuttgart Feuersee|Stuttgart Schwabstr.|Stuttgart Universität|Stuttgart-Österfeld|Stuttgart-Vaihingen|Stuttgart-Rohr|Oberaichen|Leinfelden,8001650,Echterdingen,Baden-Württemberg,Echterdingen,70771,9.169307175,48.69214787,4,2606051251,,2606051252,,h,1,Bauarbeiten,,,,,,,2.0,2.0
-88152744654327027-2606051206-12,7825,2606051234,2606051235,1,,S,S2,Stuttgart-Bad Cannstatt|Stuttgart Hbf (tief)|Stuttgart Stadtmitte|Stuttgart Feuersee|Stuttgart Schwabstr.|Stuttgart Universität|Stuttgart-Österfeld|Stuttgart-Vaihingen|Stuttgart-Rohr|Oberaichen|Leinfelden,8001650,Echterdingen,Baden-Württemberg,Echterdingen,70771,9.169307175,48.69214787,4,2606051234,,2606051235,,h,1,Bauarbeiten,,,,,,,0.0,0.0
-2230763094975584744-2606051140-16,7229,2606051219,2606051220,1,,S,S2,Waiblingen|Fellbach|Stuttgart-Sommerrain|Stuttgart Nürnberger Str.|Stuttgart-Bad Cannstatt|Stuttgart Hbf (tief)|Stuttgart Stadtmitte|Stuttgart Feuersee|Stuttgart Schwabstr.|Stuttgart Universität|Stuttgart-Österfeld|Stuttgart-Vaihingen|Stuttgart-Rohr|Oberaichen|Leinfelden,8001650,Echterdingen,Baden-Württemberg,Echterdingen,70771,9.169307175,48.69214787,4,2606051222,,2606051223,,h,1,Bauarbeiten,,,,,,,3.0,3.0
6168129635936742431-2606051203-3,7228,2606051210,2606051210,2,,S,S2,Filderstadt|Stuttgart Flughafen/Messe,8001650,Echterdingen,Baden-Württemberg,Echterdingen,70771,9.169307175,48.69214787,4,2606051213,,2606051214,,h,1,Bauarbeiten,,,,,,,3.0,4.0
-7482395700098726095-2606051136-12,7823,2606051204,2606051205,1,,S,S2,Stuttgart-Bad Cannstatt|Stuttgart Hbf (tief)|Stuttgart Stadtmitte|Stuttgart Feuersee|Stuttgart Schwabstr.|Stuttgart Universität|Stuttgart-Österfeld|Stuttgart-Vaihingen|Stuttgart-Rohr|Oberaichen|Leinfelden,8001650,Echterdingen,Baden-Württemberg,Echterdingen,70771,9.169307175,48.69214787,4,2606051215,,2606051215,,h,1,Bauarbeiten,,,,,,,11.0,10.0
-2740283852421142578-2606051218-3,7830,2606051225,2606051225,2,,S,S2,Filderstadt|Stuttgart Flughafen/Messe,8001650,Echterdingen,Baden-Württemberg,Echterdingen,70771,9.169307175,48.69214787,4,2606051228,,2606051228,,h,1,Bauarbeiten,,,,,,,3.0,3.0
41668567353075799-2606051231-4,7730,2606051240,2606051240,1,,S,S1,Herrenberg|Nufringen|Gärtringen,8001689,Ehningen (b Böblingen),Baden-Württemberg,Ehningen,71139,8.944310368,48.66275549,4,,,,,,,,,,,,c,c,0.0,0.0
-5490041423935091879-2606051246-4,7134,2606051255,2606051255,1,,S,S1,Herrenberg|Nufringen|Gärtringen,8001689,Ehningen (b Böblingen),Baden-Württemberg,Ehningen,71139,8.944310368,48.66275549,4,2606051255,,2606051255,,,,,,,,,,,0.0,0.0
-8319398400678058003-2606051050-26,7127,2606051204,2606051204,2,,S,S1,Kirchheim(Teck)|Kirchheim(Teck)-Ötlingen|Wendlingen(Neckar)|Wernau(Neckar)|Plochingen|Altbach|Esslingen-Zell|Oberesslingen|Esslingen(Neckar)|Esslingen-Mettingen|Stuttgart-Obertürkheim|Stuttgart-Untertürkheim|Stuttgart Neckarpark|Stuttgart-Bad Cannstatt|Stuttgart Hbf (tief)|Stuttgart Stadtmitte|Stuttgart Feuersee|Stuttgart Schwabstr.|Stuttgart Universität|Stuttgart-Österfeld|Stuttgart-Vaihingen|Stuttgart-Rohr|Goldberg(Württ)|Böblingen|Hulb,8001689,Ehningen (b Böblingen),Baden-Württemberg,Ehningen,71139,8.944310368,48.66275549,4,2606051204,,2606051204,,,,,,,,,c,c,0.0,0.0
-4197374811050490820-2606051122-22,7729,2606051219,2606051219,2,,S,S1,Plochingen|Altbach|Esslingen-Zell|Oberesslingen|Esslingen(Neckar)|Esslingen-Mettingen|Stuttgart-Obertürkheim|Stuttgart-Untertürkheim|Stuttgart Neckarpark|Stuttgart-Bad Cannstatt|Stuttgart Hbf (tief)|Stuttgart Stadtmitte|Stuttgart Feuersee|Stuttgart Schwabstr.|Stuttgart Universität|Stuttgart-Österfeld|Stuttgart-Vaihingen|Stuttgart-Rohr|Goldberg(Württ)|Böblingen|Hulb,8001689,Ehningen (b Böblingen),Baden-Württemberg,Ehningen,71139,8.944310368,48.66275549,4,2606051223,,2606051223,,,,,,,,,,,4.0,4.0
-5040164597006626382-2606051120-26,7129,2606051234,2606051234,2,,S,S1,Kirchheim(Teck)|Kirchheim(Teck)-Ötlingen|Wendlingen(Neckar)|Wernau(Neckar)|Plochingen|Altbach|Esslingen-Zell|Oberesslingen|Esslingen(Neckar)|Esslingen-Mettingen|Stuttgart-Obertürkheim|Stuttgart-Untertürkheim|Stuttgart Neckarpark|Stuttgart-Bad Cannstatt|Stuttgart Hbf (tief)|Stuttgart Stadtmitte|Stuttgart Feuersee|Stuttgart Schwabstr.|Stuttgart Universität|Stuttgart-Österfeld|Stuttgart-Vaihingen|Stuttgart-Rohr|Goldberg(Württ)|Böblingen|Hulb,8001689,Ehningen (b Böblingen),Baden-Württemberg,Ehningen,71139,8.944310368,48.66275549,4,2606051236,,2606051236,,,,,,,,,,,2.0,2.0
3410717060998267101-2606051216-4,7132,2606051225,2606051225,1,,S,S1,Herrenberg|Nufringen|Gärtringen,8001689,Ehningen (b Böblingen),Baden-Württemberg,Ehningen,71139,8.944310368,48.66275549,4,2606051230,,2606051231,,,,,,,,,,,5.0,6.0
2059911478828825113-2606051201-4,7728,2606051210,2606051210,1,,S,S1,Herrenberg|Nufringen|Gärtringen,8001689,Ehningen (b Böblingen),Baden-Württemberg,Ehningen,71139,8.944310368,48.66275549,4,2606051210,,2606051210,,,,,,,,,,,0.0,0.0
-960944489364412818-2606051233-4,7433,2606051247,2606051247,1,,S,S4,Backnang|Burgstall(Murr)|Kirchberg(Murr),8001827,Erdmannhausen,Baden-Württemberg,Erdmannhausen,71729,9.298930848,48.9483447,6,2606051247,,2606051248,,,,,,,,,,,0.0,1.0
-701678331120959432-2606051132-14,7424,2606051210,2606051210,1,,S,S4,Stuttgart Schwabstr.|Stuttgart Feuersee|Stuttgart Stadtmitte|Stuttgart Hbf (tief)|Stuttgart Nordbahnhof|Stuttgart-Feuerbach|Stuttgart-Zuffenhausen|Kornwestheim Pbf|Ludwigsburg|Favoritepark|Freiberg(Neckar)|Benningen(Neckar)|Marbach(Neckar),8001827,Erdmannhausen,Baden-Württemberg,Erdmannhausen,71729,9.298930848,48.9483447,6,2606051213,,2606051214,,,,,,,,,,,3.0,4.0
-3901454027336800522-2606051203-4,7431,2606051217,2606051217,1,,S,S4,Backnang|Burgstall(Murr)|Kirchberg(Murr),8001827,Erdmannhausen,Baden-Württemberg,Erdmannhausen,71729,9.298930848,48.9483447,6,2606051221,,2606051221,,,,,,,,,,,4.0,4.0
5127975581387066276-2606051202-14,7426,2606051240,2606051240,1,,S,S4,Stuttgart Schwabstr.|Stuttgart Feuersee|Stuttgart Stadtmitte|Stuttgart Hbf (tief)|Stuttgart Nordbahnhof|Stuttgart-Feuerbach|Stuttgart-Zuffenhausen|Kornwestheim Pbf|Ludwigsburg|Favoritepark|Freiberg(Neckar)|Benningen(Neckar)|Marbach(Neckar),8001827,Erdmannhausen,Baden-Württemberg,Erdmannhausen,71729,9.298930848,48.9483447,6,2606051241,,2606051242,,,,,,,,,,,1.0,2.0
5428406942819857702-2606051205-9,19230,2606051255,2606051255,7,,RE,MEX12,Tübingen Hbf|Reutlingen Hbf|Metzingen(Württ)|Bempflingen|Nürtingen|Oberboihingen|Wendlingen(Neckar)|Plochingen,8001920,Esslingen (Neckar),Baden-Württemberg,Esslingen am Neckar,73728,9.300578149,48.73854148,3,2606051255,,2606051255,,h,2,Information,,,,,,,0.0,0.0
-5722273275463151764-2606051204-3,19139,2606051215,2606051215,5,,ARV,MEX16,Stuttgart Hbf|Stuttgart-Bad Cannstatt,8001920,Esslingen (Neckar),Baden-Württemberg,Esslingen am Neckar,73728,9.300578149,48.73854148,3,2606051215,,2606051215,,,,,,,,,,,0.0,0.0
-5756777586876270001-2606051032-9,4212,2606051212,2606051213,3,,RE,RE5,Aulendorf|Bad Schussenried|Biberach(Riß)|Laupheim West|Ulm Hbf|Geislingen(Steige)|Göppingen|Plochingen,8001920,Esslingen (Neckar),Baden-Württemberg,Esslingen am Neckar,73728,9.300578149,48.73854148,3,2606051212,,2606051213,,,,,,,,,,,0.0,0.0
4695358664547013286-2606051036-20,19136,2606051201,2606051202,3,,ARV,MEX16,Ulm Hbf|Beimerstetten|Westerstetten|Lonsee|Urspring|Amstetten(Württ)|Geislingen(Steige)|Geislingen(Steige)West|Kuchen|Gingen(Fils)|Süßen|Salach|Eislingen(Fils)|Göppingen|Faurndau|Uhingen|Ebersbach(Fils)|Reichenbach(Fils)|Plochingen,8001920,Esslingen (Neckar),Baden-Württemberg,Esslingen am Neckar,73728,9.300578149,48.73854148,3,2606051204,2,2606051209,2,,,,,,,,,,3.0,7.0
1394235487267718911-2606051242-3,19141,2606051253,2606051254,5,,ARV,MEX16,Stuttgart Hbf|Stuttgart-Bad Cannstatt,8001920,Esslingen (Neckar),Baden-Württemberg,Esslingen am Neckar,73728,9.300578149,48.73854148,3,2606051253,,2606051254,,,,,,,,,,,0.0,0.0
-6319936848544854600-2606051220-9,7133,2606051247,2606051248,7,,S,S1,Kirchheim(Teck)|Kirchheim(Teck)-Ötlingen|Wendlingen(Neckar)|Wernau(Neckar)|Plochingen|Altbach|Esslingen-Zell|Oberesslingen,8001920,Esslingen (Neckar),Baden-Württemberg,Esslingen am Neckar,73728,9.300578149,48.73854148,3,2606051247,,2606051248,,,,,,,,,,,0.0,0.0
-1667866592525461048-2606051152-5,7731,2606051202,2606051203,7,,S,S1,Plochingen|Altbach|Esslingen-Zell|Oberesslingen,8001920,Esslingen (Neckar),Baden-Württemberg,Esslingen am Neckar,73728,9.300578149,48.73854148,3,2606051202,,2606051203,,,,,,,,,,,0.0,0.0
1899806724872395697-2606051222-5,7733,2606051232,2606051233,7,,S,S1,Plochingen|Altbach|Esslingen-Zell|Oberesslingen,8001920,Esslingen (Neckar),Baden-Württemberg,Esslingen am Neckar,73728,9.300578149,48.73854148,3,2606051232,,2606051233,,,,,,,,,,,0.0,0.0
2297543165058573928-2606051237-2,4217,2606051246,2606051248,5,,RE,RE5,Stuttgart Hbf,8001920,Esslingen (Neckar),Baden-Württemberg,Esslingen am Neckar,73728,9.300578149,48.73854148,3,2606051248,,2606051250,,,,,,,,,,,2.0,2.0
-5759624544289762969-2606051146-21,7130,2606051242,2606051243,8,,S,S1,Herrenberg|Nufringen|Gärtringen|Ehningen(b Böblingen)|Hulb|Böblingen|Goldberg(Württ)|Stuttgart-Rohr|Stuttgart-Vaihingen|Stuttgart-Österfeld|Stuttgart Universität|Stuttgart Schwabstr.|Stuttgart Feuersee|Stuttgart Stadtmitte|Stuttgart Hbf (tief)|Stuttgart-Bad Cannstatt|Stuttgart Neckarpark|Stuttgart-Untertürkheim|Stuttgart-Obertürkheim|Esslingen-Mettingen,8001920,Esslingen (Neckar),Baden-Württemberg,Esslingen am Neckar,73728,9.300578149,48.73854148,3,2606051245,,2606051246,,,,,,,,,,,3.0,3.0
4736637014602700336-2606051150-9,7131,2606051217,2606051218,7,,S,S1,Kirchheim(Teck)|Kirchheim(Teck)-Ötlingen|Wendlingen(Neckar)|Wernau(Neckar)|Plochingen|Altbach|Esslingen-Zell|Oberesslingen,8001920,Esslingen (Neckar),Baden-Württemberg,Esslingen am Neckar,73728,9.300578149,48.73854148,3,2606051217,,2606051218,,,,,,,,,,,0.0,0.0
3158900998064725317-2606051116-21,7128,2606051212,2606051213,8,,S,S1,Herrenberg|Nufringen|Gärtringen|Ehningen(b Böblingen)|Hulb|Böblingen|Goldberg(Württ)|Stuttgart-Rohr|Stuttgart-Vaihingen|Stuttgart-Österfeld|Stuttgart Universität|Stuttgart Schwabstr.|Stuttgart Feuersee|Stuttgart Stadtmitte|Stuttgart Hbf (tief)|Stuttgart-Bad Cannstatt|Stuttgart Neckarpark|Stuttgart-Untertürkheim|Stuttgart-Obertürkheim|Esslingen-Mettingen,8001920,Esslingen (Neckar),Baden-Württemberg,Esslingen am Neckar,73728,9.300578149,48.73854148,3,2606051220,,2606051220,,,,,,,,,,,8.0,7.0
-1993606386599546493-2606051148-14,19138,2606051240,2606051240,3,,ARV,MEX16,Geislingen(Steige)|Geislingen(Steige)West|Kuchen|Gingen(Fils)|Süßen|Salach|Eislingen(Fils)|Göppingen|Faurndau|Uhingen|Ebersbach(Fils)|Reichenbach(Fils)|Plochingen,8001920,Esslingen (Neckar),Baden-Württemberg,Esslingen am Neckar,73728,9.300578149,48.73854148,3,2606051240,,2606051241,,,,,,,,,,,0.0,1.0
-3458622020077786212-2606051057-11,19221,2606051204,2606051205,6,,RE,MEX12,Heilbronn Hbf|Nordheim(Württ)|Lauffen(Neckar)|Kirchheim(Neckar)|Walheim(Württ)|Besigheim|Bietigheim-Bissingen|Ludwigsburg|Stuttgart Hbf|Stuttgart-Bad Cannstatt,8001920,Esslingen (Neckar),Baden-Württemberg,Esslingen am Neckar,73728,9.300578149,48.73854148,3,2606051207,,2606051208,,h,2,Bauarbeiten,,,,,,,3.0,3.0
5127296555604559795-2606051036-24,19317,2606051234,2606051235,6,,RE,MEX18,Osterburken|Adelsheim Ost|Sennfeld|Roigheim|Möckmühl|Züttlingen|Siglingen|Neudenau|Herbolzheim(Jagst)|Untergriesheim|Bad Friedrichshall Hbf|Neckarsulm|Heilbronn Sülmertor|Heilbronn Hbf|Nordheim(Württ)|Lauffen(Neckar)|Kirchheim(Neckar)|Walheim(Württ)|Besigheim|Bietigheim-Bissingen|Ludwigsburg|Stuttgart Hbf|Stuttgart-Bad Cannstatt,8001920,Esslingen (Neckar),Baden-Württemberg,Esslingen am Neckar,73728,9.300578149,48.73854148,3,2606051235,,2606051237,,h,2,Bauarbeiten,,,,,,,1.0,2.0
2059911478828825113-2606051201-21,7728,2606051257,2606051258,8,,S,S1,Herrenberg|Nufringen|Gärtringen|Ehningen(b Böblingen)|Hulb|Böblingen|Goldberg(Württ)|Stuttgart-Rohr|Stuttgart-Vaihingen|Stuttgart-Österfeld|Stuttgart Universität|Stuttgart Schwabstr.|Stuttgart Feuersee|Stuttgart Stadtmitte|Stuttgart Hbf (tief)|Stuttgart-Bad Cannstatt|Stuttgart Neckarpark|Stuttgart-Untertürkheim|Stuttgart-Obertürkheim|Esslingen-Mettingen,8001920,Esslingen (Neckar),Baden-Württemberg,Esslingen am Neckar,73728,9.300578149,48.73854148,3,2606051300,,2606051301,,,,,,,,,,,3.0,3.0
1836435062166220832-2606051131-21,7726,2606051227,2606051228,8,,S,S1,Herrenberg|Nufringen|Gärtringen|Ehningen(b Böblingen)|Hulb|Böblingen|Goldberg(Württ)|Stuttgart-Rohr|Stuttgart-Vaihingen|Stuttgart-Österfeld|Stuttgart Universität|Stuttgart Schwabstr.|Stuttgart Feuersee|Stuttgart Stadtmitte|Stuttgart Hbf (tief)|Stuttgart-Bad Cannstatt|Stuttgart Neckarpark|Stuttgart-Untertürkheim|Stuttgart-Obertürkheim|Esslingen-Mettingen,8001920,Esslingen (Neckar),Baden-Württemberg,Esslingen am Neckar,73728,9.300578149,48.73854148,3,2606051230,,2606051231,,,,,,,,,,,3.0,3.0
5197957692469736326-2606051133-7,19316,2606051218,2606051218,3,,RE,MEX18,Tübingen Hbf|Reutlingen Hbf|Metzingen(Württ)|Nürtingen|Wendlingen(Neckar)|Plochingen,8001920,Esslingen (Neckar),Baden-Württemberg,Esslingen am Neckar,73728,9.300578149,48.73854148,3,2606051220,,2606051221,,h,2,Information,,,,,,,2.0,3.0
-6319936848544854600-2606051220-10,7133,2606051250,2606051250,3,,S,S1,Kirchheim(Teck)|Kirchheim(Teck)-Ötlingen|Wendlingen(Neckar)|Wernau(Neckar)|Plochingen|Altbach|Esslingen-Zell|Oberesslingen|Esslingen(Neckar),8001921,Esslingen-Mettingen,Baden-Württemberg,Esslingen am Neckar,73733,9.275799007,48.74696655,3,2606051250,,2606051250,,,,,,,,,,,0.0,0.0
-1667866592525461048-2606051152-6,7731,2606051205,2606051205,3,,S,S1,Plochingen|Altbach|Esslingen-Zell|Oberesslingen|Esslingen(Neckar),8001921,Esslingen-Mettingen,Baden-Württemberg,Esslingen am Neckar,73733,9.275799007,48.74696655,3,2606051205,,2606051205,,,,,,,,,,,0.0,0.0
1899806724872395697-2606051222-6,7733,2606051235,2606051235,3,,S,S1,Plochingen|Altbach|Esslingen-Zell|Oberesslingen|Esslingen(Neckar),8001921,Esslingen-Mettingen,Baden-Württemberg,Esslingen am Neckar,73733,9.275799007,48.74696655,3,2606051235,,2606051235,,,,,,,,,,,0.0,0.0
-5759624544289762969-2606051146-20,7130,2606051239,2606051239,4,,S,S1,Herrenberg|Nufringen|Gärtringen|Ehningen(b Böblingen)|Hulb|Böblingen|Goldberg(Württ)|Stuttgart-Rohr|Stuttgart-Vaihingen|Stuttgart-Österfeld|Stuttgart Universität|Stuttgart Schwabstr.|Stuttgart Feuersee|Stuttgart Stadtmitte|Stuttgart Hbf (tief)|Stuttgart-Bad Cannstatt|Stuttgart Neckarpark|Stuttgart-Untertürkheim|Stuttgart-Obertürkheim,8001921,Esslingen-Mettingen,Baden-Württemberg,Esslingen am Neckar,73733,9.275799007,48.74696655,3,2606051243,,2606051243,,,,,,,,,,,4.0,4.0
4736637014602700336-2606051150-10,7131,2606051220,2606051220,3,,S,S1,Kirchheim(Teck)|Kirchheim(Teck)-Ötlingen|Wendlingen(Neckar)|Wernau(Neckar)|Plochingen|Altbach|Esslingen-Zell|Oberesslingen|Esslingen(Neckar),8001921,Esslingen-Mettingen,Baden-Württemberg,Esslingen am Neckar,73733,9.275799007,48.74696655,3,2606051220,,2606051220,,,,,,,,,,,0.0,0.0
3158900998064725317-2606051116-20,7128,2606051209,2606051209,4,,S,S1,Herrenberg|Nufringen|Gärtringen|Ehningen(b Böblingen)|Hulb|Böblingen|Goldberg(Württ)|Stuttgart-Rohr|Stuttgart-Vaihingen|Stuttgart-Österfeld|Stuttgart Universität|Stuttgart Schwabstr.|Stuttgart Feuersee|Stuttgart Stadtmitte|Stuttgart Hbf (tief)|Stuttgart-Bad Cannstatt|Stuttgart Neckarpark|Stuttgart-Untertürkheim|Stuttgart-Obertürkheim,8001921,Esslingen-Mettingen,Baden-Württemberg,Esslingen am Neckar,73733,9.275799007,48.74696655,3,2606051217,,2606051218,,,,,,,,,,,8.0,9.0
2059911478828825113-2606051201-20,7728,2606051254,2606051254,4,,S,S1,Herrenberg|Nufringen|Gärtringen|Ehningen(b Böblingen)|Hulb|Böblingen|Goldberg(Württ)|Stuttgart-Rohr|Stuttgart-Vaihingen|Stuttgart-Österfeld|Stuttgart Universität|Stuttgart Schwabstr.|Stuttgart Feuersee|Stuttgart Stadtmitte|Stuttgart Hbf (tief)|Stuttgart-Bad Cannstatt|Stuttgart Neckarpark|Stuttgart-Untertürkheim|Stuttgart-Obertürkheim,8001921,Esslingen-Mettingen,Baden-Württemberg,Esslingen am Neckar,73733,9.275799007,48.74696655,3,2606051258,,2606051258,,,,,,,,,,,4.0,4.0
1836435062166220832-2606051131-20,7726,2606051224,2606051224,4,,S,S1,Herrenberg|Nufringen|Gärtringen|Ehningen(b Böblingen)|Hulb|Böblingen|Goldberg(Württ)|Stuttgart-Rohr|Stuttgart-Vaihingen|Stuttgart-Österfeld|Stuttgart Universität|Stuttgart Schwabstr.|Stuttgart Feuersee|Stuttgart Stadtmitte|Stuttgart Hbf (tief)|Stuttgart-Bad Cannstatt|Stuttgart Neckarpark|Stuttgart-Untertürkheim|Stuttgart-Obertürkheim,8001921,Esslingen-Mettingen,Baden-Württemberg,Esslingen am Neckar,73733,9.275799007,48.74696655,3,2606051228,,2606051228,,,,,,,,,,,4.0,4.0
7360062188173606239-2606051252-3,7735,2606051257,2606051257,3,,S,S1,Plochingen|Altbach,8006642,Esslingen-Zell,Baden-Württemberg,Esslingen am Neckar,73730,9.359739507,48.72436142,3,2606051257,,2606051257,,,,,,,,,,,0.0,0.0
-6319936848544854600-2606051220-7,7133,2606051242,2606051242,3,,S,S1,Kirchheim(Teck)|Kirchheim(Teck)-Ötlingen|Wendlingen(Neckar)|Wernau(Neckar)|Plochingen|Altbach,8006642,Esslingen-Zell,Baden-Württemberg,Esslingen am Neckar,73730,9.359739507,48.72436142,3,2606051242,,2606051242,,,,,,,,,,,0.0,0.0
1917902183543807700-2606051104-19,7724,2606051202,2606051203,4,,S,S1,Herrenberg|Böblingen|Goldberg(Württ)|Stuttgart-Rohr|Stuttgart-Vaihingen|Stuttgart-Österfeld|Stuttgart Universität|Stuttgart Schwabstr.|Stuttgart Feuersee|Stuttgart Stadtmitte|Stuttgart Hbf (tief)|Stuttgart-Bad Cannstatt|Stuttgart Neckarpark|Stuttgart-Untertürkheim|Stuttgart-Obertürkheim|Esslingen-Mettingen|Esslingen(Neckar)|Oberesslingen,8006642,Esslingen-Zell,Baden-Württemberg,Esslingen am Neckar,73730,9.359739507,48.72436142,3,2606051207,,2606051207,,,,,,,,,,,5.0,4.0
1899806724872395697-2606051222-3,7733,2606051227,2606051227,3,,S,S1,Plochingen|Altbach,8006642,Esslingen-Zell,Baden-Württemberg,Esslingen am Neckar,73730,9.359739507,48.72436142,3,2606051227,,2606051228,,,,,,,,,,,0.0,1.0
-5759624544289762969-2606051146-23,7130,2606051247,2606051248,4,,S,S1,Herrenberg|Nufringen|Gärtringen|Ehningen(b Böblingen)|Hulb|Böblingen|Goldberg(Württ)|Stuttgart-Rohr|Stuttgart-Vaihingen|Stuttgart-Österfeld|Stuttgart Universität|Stuttgart Schwabstr.|Stuttgart Feuersee|Stuttgart Stadtmitte|Stuttgart Hbf (tief)|Stuttgart-Bad Cannstatt|Stuttgart Neckarpark|Stuttgart-Untertürkheim|Stuttgart-Obertürkheim|Esslingen-Mettingen|Esslingen(Neckar)|Oberesslingen,8006642,Esslingen-Zell,Baden-Württemberg,Esslingen am Neckar,73730,9.359739507,48.72436142,3,2606051250,,2606051251,,,,,,,,,,,3.0,3.0
4736637014602700336-2606051150-7,7131,2606051212,2606051212,3,,S,S1,Kirchheim(Teck)|Kirchheim(Teck)-Ötlingen|Wendlingen(Neckar)|Wernau(Neckar)|Plochingen|Altbach,8006642,Esslingen-Zell,Baden-Württemberg,Esslingen am Neckar,73730,9.359739507,48.72436142,3,2606051212,,2606051212,,,,,,,,,,,0.0,0.0
3158900998064725317-2606051116-23,7128,2606051217,2606051218,4,,S,S1,Herrenberg|Nufringen|Gärtringen|Ehningen(b Böblingen)|Hulb|Böblingen|Goldberg(Württ)|Stuttgart-Rohr|Stuttgart-Vaihingen|Stuttgart-Österfeld|Stuttgart Universität|Stuttgart Schwabstr.|Stuttgart Feuersee|Stuttgart Stadtmitte|Stuttgart Hbf (tief)|Stuttgart-Bad Cannstatt|Stuttgart Neckarpark|Stuttgart-Untertürkheim|Stuttgart-Obertürkheim|Esslingen-Mettingen|Esslingen(Neckar)|Oberesslingen,8006642,Esslingen-Zell,Baden-Württemberg,Esslingen am Neckar,73730,9.359739507,48.72436142,3,2606051224,,2606051225,,,,,,,,,,,7.0,7.0
1836435062166220832-2606051131-23,7726,2606051232,2606051233,4,,S,S1,Herrenberg|Nufringen|Gärtringen|Ehningen(b Böblingen)|Hulb|Böblingen|Goldberg(Württ)|Stuttgart-Rohr|Stuttgart-Vaihingen|Stuttgart-Österfeld|Stuttgart Universität|Stuttgart Schwabstr.|Stuttgart Feuersee|Stuttgart Stadtmitte|Stuttgart Hbf (tief)|Stuttgart-Bad Cannstatt|Stuttgart Neckarpark|Stuttgart-Untertürkheim|Stuttgart-Obertürkheim|Esslingen-Mettingen|Esslingen(Neckar)|Oberesslingen,8006642,Esslingen-Zell,Baden-Württemberg,Esslingen am Neckar,73730,9.359739507,48.72436142,3,2606051235,,2606051236,,,,,,,,,,,3.0,3.0
-4501469853120362621-2606051210-4,28395,2606051218,2606051218,2,,S,S4,Marbach(Neckar)|Benningen(Neckar)|Freiberg(Neckar),8001967,Favoritepark,Baden-Württemberg,Ludwigsburg,71634,9.180574277,48.90948451,5,2606051219,,2606051219,,,,,,,,,,,1.0,1.0
6534681549550626676-2606051217-10,28398,2606051241,2606051241,1,,S,S4,Stuttgart Schwabstr.|Stuttgart Feuersee|Stuttgart Stadtmitte|Stuttgart Hbf (tief)|Stuttgart Nordbahnhof|Stuttgart-Feuerbach|Stuttgart-Zuffenhausen|Kornwestheim Pbf|Ludwigsburg,8001967,Favoritepark,Baden-Württemberg,Ludwigsburg,71634,9.180574277,48.90948451,5,2606051244,,2606051244,,,,,,,,,,,3.0,3.0
5693136962771673302-2606051232-10,7428,2606051256,2606051256,1,,S,S4,Stuttgart Schwabstr.|Stuttgart Feuersee|Stuttgart Stadtmitte|Stuttgart Hbf (tief)|Stuttgart Nordbahnhof|Stuttgart-Feuerbach|Stuttgart-Zuffenhausen|Kornwestheim Pbf|Ludwigsburg,8001967,Favoritepark,Baden-Württemberg,Ludwigsburg,71634,9.180574277,48.90948451,5,2606051300,,2606051301,,,,,,,,,,,4.0,5.0
4009390930234313645-2606051147-10,28396,2606051211,2606051211,1,,S,S4,Stuttgart Schwabstr.|Stuttgart Feuersee|Stuttgart Stadtmitte|Stuttgart Hbf (tief)|Stuttgart Nordbahnhof|Stuttgart-Feuerbach|Stuttgart-Zuffenhausen|Kornwestheim Pbf|Ludwigsburg,8001967,Favoritepark,Baden-Württemberg,Ludwigsburg,71634,9.180574277,48.90948451,5,2606051211,,2606051212,,,,,,,,,,,0.0,1.0
-3901454027336800522-2606051203-8,7431,2606051233,2606051233,2,,S,S4,Backnang|Burgstall(Murr)|Kirchberg(Murr)|Erdmannhausen|Marbach(Neckar)|Benningen(Neckar)|Freiberg(Neckar),8001967,Favoritepark,Baden-Württemberg,Ludwigsburg,71634,9.180574277,48.90948451,5,2606051237,,2606051239,,,,,,,,,,,4.0,6.0
-1050718254766280262-2606051240-4,28397,2606051248,2606051248,2,,S,S4,Marbach(Neckar)|Benningen(Neckar)|Freiberg(Neckar),8001967,Favoritepark,Baden-Württemberg,Ludwigsburg,71634,9.180574277,48.90948451,5,2606051249,,2606051250,,,,,,,,,,,1.0,2.0
-2837347101663805561-2606051133-8,7429,2606051203,2606051203,2,,S,S4,Backnang|Burgstall(Murr)|Kirchberg(Murr)|Erdmannhausen|Marbach(Neckar)|Benningen(Neckar)|Freiberg(Neckar),8001967,Favoritepark,Baden-Württemberg,Ludwigsburg,71634,9.180574277,48.90948451,5,2606051210,,2606051211,,,,,,,,,,,7.0,8.0
5127975581387066276-2606051202-10,7426,2606051226,2606051226,1,,S,S4,Stuttgart Schwabstr.|Stuttgart Feuersee|Stuttgart Stadtmitte|Stuttgart Hbf (tief)|Stuttgart Nordbahnhof|Stuttgart-Feuerbach|Stuttgart-Zuffenhausen|Kornwestheim Pbf|Ludwigsburg,8001967,Favoritepark,Baden-Württemberg,Ludwigsburg,71634,9.180574277,48.90948451,5,2606051228,,2606051228,,,,,,,,,,,2.0,2.0
-83917606962888125-2606051156-8,28325,2606051217,2606051218,4,,S,S3,Backnang|Maubach|Nellmersbach|Winnenden|Schwaikheim|Neustadt-Hohenacker|Waiblingen,8001974,Fellbach,Baden-Württemberg,Fellbach,70736,9.270645988,48.8202936,3,2606051222,,2606051222,,,,,,,,,,,5.0,4.0
-2797726383545175511-2606051226-8,28327,2606051247,2606051248,4,,S,S3,Backnang|Maubach|Nellmersbach|Winnenden|Schwaikheim|Neustadt-Hohenacker|Waiblingen,8001974,Fellbach,Baden-Württemberg,Fellbach,70736,9.270645988,48.8202936,3,,,,,,,,,,,,c,c,0.0,0.0
4960236751390972026-2606051200-11,7328,2606051226,2606051227,1,,S,S3,Stuttgart-Vaihingen|Stuttgart-Österfeld|Stuttgart Universität|Stuttgart Schwabstr.|Stuttgart Feuersee|Stuttgart Stadtmitte|Stuttgart Hbf (tief)|Stuttgart-Bad Cannstatt|Stuttgart Nürnberger Str.|Stuttgart-Sommerrain,8001974,Fellbach,Baden-Württemberg,Fellbach,70736,9.270645988,48.8202936,3,2606051230,,2606051231,,,,,,,,,,,4.0,4.0
8851012744564607240-2606051211-8,7331,2606051232,2606051233,4,,S,S3,Backnang|Maubach|Nellmersbach|Winnenden|Schwaikheim|Neustadt-Hohenacker|Waiblingen,8001974,Fellbach,Baden-Württemberg,Fellbach,70736,9.270645988,48.8202936,3,2606051233,,2606051234,,,,,,,,,,,1.0,1.0
-6103095444831223240-2606051210-2,7231,2606051212,2606051213,4,,S,S2,Waiblingen,8001974,Fellbach,Baden-Württemberg,Fellbach,70736,9.270645988,48.8202936,3,2606051214,,2606051215,,h,1,Bauarbeiten,,,,,,,2.0,2.0
5532078017754681393-2606051215-11,28326,2606051241,2606051242,1,,S,S3,Stuttgart-Vaihingen|Stuttgart-Österfeld|Stuttgart Universität|Stuttgart Schwabstr.|Stuttgart Feuersee|Stuttgart Stadtmitte|Stuttgart Hbf (tief)|Stuttgart-Bad Cannstatt|Stuttgart Nürnberger Str.|Stuttgart-Sommerrain,8001974,Fellbach,Baden-Württemberg,Fellbach,70736,9.270645988,48.8202936,3,2606051245,,2606051245,,,,,,,,,,,4.0,3.0
-4376819822122462379-2606051133-17,7226,2606051216,2606051217,1,,S,S2,Filderstadt|Stuttgart Flughafen/Messe|Echterdingen|Leinfelden|Oberaichen|Stuttgart-Rohr|Stuttgart-Vaihingen|Stuttgart-Österfeld|Stuttgart Universität|Stuttgart Schwabstr.|Stuttgart Feuersee|Stuttgart Stadtmitte|Stuttgart Hbf (tief)|Stuttgart-Bad Cannstatt|Stuttgart Nürnberger Str.|Stuttgart-Sommerrain,8001974,Fellbach,Baden-Württemberg,Fellbach,70736,9.270645988,48.8202936,3,2606051222,,2606051223,,h,1,Bauarbeiten,,,,,,,6.0,6.0
6168129635936742431-2606051203-17,7228,2606051246,2606051247,1,,S,S2,Filderstadt|Stuttgart Flughafen/Messe|Echterdingen|Leinfelden|Oberaichen|Stuttgart-Rohr|Stuttgart-Vaihingen|Stuttgart-Österfeld|Stuttgart Universität|Stuttgart Schwabstr.|Stuttgart Feuersee|Stuttgart Stadtmitte|Stuttgart Hbf (tief)|Stuttgart-Bad Cannstatt|Stuttgart Nürnberger Str.|Stuttgart-Sommerrain,8001974,Fellbach,Baden-Württemberg,Fellbach,70736,9.270645988,48.8202936,3,2606051249,,2606051249,,h,1,Bauarbeiten,,,,,,,3.0,2.0
5274226899640306616-2606051145-11,28324,2606051211,2606051212,1,,S,S3,Stuttgart-Vaihingen|Stuttgart-Österfeld|Stuttgart Universität|Stuttgart Schwabstr.|Stuttgart Feuersee|Stuttgart Stadtmitte|Stuttgart Hbf (tief)|Stuttgart-Bad Cannstatt|Stuttgart Nürnberger Str.|Stuttgart-Sommerrain,8001974,Fellbach,Baden-Württemberg,Fellbach,70736,9.270645988,48.8202936,3,2606051216,,2606051220,,,,,,,,,,,5.0,8.0
7206179278625566012-2606051230-11,7330,2606051256,2606051257,1,,S,S3,Stuttgart-Vaihingen|Stuttgart-Österfeld|Stuttgart Universität|Stuttgart Schwabstr.|Stuttgart Feuersee|Stuttgart Stadtmitte|Stuttgart Hbf (tief)|Stuttgart-Bad Cannstatt|Stuttgart Nürnberger Str.|Stuttgart-Sommerrain,8001974,Fellbach,Baden-Württemberg,Fellbach,70736,9.270645988,48.8202936,3,2606051300,,2606051301,,,,,,,,,,,4.0,4.0
-3955134605586594139-2606051141-8,7329,2606051202,2606051203,4,,S,S3,Backnang|Maubach|Nellmersbach|Winnenden|Schwaikheim|Neustadt-Hohenacker|Waiblingen,8001974,Fellbach,Baden-Württemberg,Fellbach,70736,9.270645988,48.8202936,3,2606051206,,2606051207,,,,,,,,,,,4.0,4.0
5033595252729371402-2606051240-2,7233,2606051242,2606051243,4,,S,S2,Waiblingen,8001974,Fellbach,Baden-Württemberg,Fellbach,70736,9.270645988,48.8202936,3,2606051245,,2606051245,,h,1,Bauarbeiten,,,,,,,3.0,2.0
6037380939760231204-2606051233-2,7230,2606051237,2606051238,2,,S,S2,Filderstadt,8005768,Stuttgart Flughafen/Messe,Baden-Württemberg,Leinfelden-Echterdingen,70629,9.193411574,48.69075193,4,2606051237,,2606051238,,h,1,Bauarbeiten,,,,,,,0.0,0.0
-1430692459813981855-2606051248-2,7832,2606051252,2606051253,2,,S,S2,Filderstadt,8005768,Stuttgart Flughafen/Messe,Baden-Württemberg,Leinfelden-Echterdingen,70629,9.193411574,48.69075193,4,2606051252,,2606051253,,h,1,Bauarbeiten,,,,,,,0.0,0.0
-6103095444831223240-2606051210-17,7231,2606051252,2606051253,1,,S,S2,Waiblingen|Fellbach|Stuttgart-Sommerrain|Stuttgart Nürnberger Str.|Stuttgart-Bad Cannstatt|Stuttgart Hbf (tief)|Stuttgart Stadtmitte|Stuttgart Feuersee|Stuttgart Schwabstr.|Stuttgart Universität|Stuttgart-Österfeld|Stuttgart-Vaihingen|Stuttgart-Rohr|Oberaichen|Leinfelden|Echterdingen,8005768,Stuttgart Flughafen/Messe,Baden-Württemberg,Leinfelden-Echterdingen,70629,9.193411574,48.69075193,4,2606051254,,2606051255,,h,1,Bauarbeiten,,,,,,,2.0,2.0
-88152744654327027-2606051206-13,7825,2606051237,2606051238,1,,S,S2,Stuttgart-Bad Cannstatt|Stuttgart Hbf (tief)|Stuttgart Stadtmitte|Stuttgart Feuersee|Stuttgart Schwabstr.|Stuttgart Universität|Stuttgart-Österfeld|Stuttgart-Vaihingen|Stuttgart-Rohr|Oberaichen|Leinfelden|Echterdingen,8005768,Stuttgart Flughafen/Messe,Baden-Württemberg,Leinfelden-Echterdingen,70629,9.193411574,48.69075193,4,2606051237,,2606051238,,h,1,Bauarbeiten,,,,,,,0.0,0.0
-2230763094975584744-2606051140-17,7229,2606051222,2606051223,1,,S,S2,Waiblingen|Fellbach|Stuttgart-Sommerrain|Stuttgart Nürnberger Str.|Stuttgart-Bad Cannstatt|Stuttgart Hbf (tief)|Stuttgart Stadtmitte|Stuttgart Feuersee|Stuttgart Schwabstr.|Stuttgart Universität|Stuttgart-Österfeld|Stuttgart-Vaihingen|Stuttgart-Rohr|Oberaichen|Leinfelden|Echterdingen,8005768,Stuttgart Flughafen/Messe,Baden-Württemberg,Leinfelden-Echterdingen,70629,9.193411574,48.69075193,4,2606051226,,2606051226,,h,1,Bauarbeiten,,,,,,,4.0,3.0
6168129635936742431-2606051203-2,7228,2606051207,2606051208,2,,S,S2,Filderstadt,8005768,Stuttgart Flughafen/Messe,Baden-Württemberg,Leinfelden-Echterdingen,70629,9.193411574,48.69075193,4,2606051211,,2606051211,,h,1,Bauarbeiten,,,,,,,4.0,3.0
-7482395700098726095-2606051136-13,7823,2606051207,2606051208,1,,S,S2,Stuttgart-Bad Cannstatt|Stuttgart Hbf (tief)|Stuttgart Stadtmitte|Stuttgart Feuersee|Stuttgart Schwabstr.|Stuttgart Universität|Stuttgart-Österfeld|Stuttgart-Vaihingen|Stuttgart-Rohr|Oberaichen|Leinfelden|Echterdingen,8005768,Stuttgart Flughafen/Messe,Baden-Württemberg,Leinfelden-Echterdingen,70629,9.193411574,48.69075193,4,2606051218,,2606051218,,h,1,Bauarbeiten,,,,,,,11.0,10.0
-2740283852421142578-2606051218-2,7830,2606051222,2606051223,2,,S,S2,Filderstadt,8005768,Stuttgart Flughafen/Messe,Baden-Württemberg,Leinfelden-Echterdingen,70629,9.193411574,48.69075193,4,2606051226,,2606051226,,h,1,Bauarbeiten,,,,,,,4.0,3.0
-4501469853120362621-2606051210-3,28395,2606051215,2606051216,2,,S,S4,Marbach(Neckar)|Benningen(Neckar),8002065,Freiberg (Neckar),Baden-Württemberg,Freiberg am Neckar,71691,9.197530085,48.92994974,5,2606051216,,2606051216,,,,,,,,,,,1.0,0.0
6534681549550626676-2606051217-11,28398,2606051244,2606051244,3,,S,S4,Stuttgart Schwabstr.|Stuttgart Feuersee|Stuttgart Stadtmitte|Stuttgart Hbf (tief)|Stuttgart Nordbahnhof|Stuttgart-Feuerbach|Stuttgart-Zuffenhausen|Kornwestheim Pbf|Ludwigsburg|Favoritepark,8002065,Freiberg (Neckar),Baden-Württemberg,Freiberg am Neckar,71691,9.197530085,48.92994974,5,2606051247,,2606051247,,,,,,,,,,,3.0,3.0
5693136962771673302-2606051232-11,7428,2606051259,2606051259,3,,S,S4,Stuttgart Schwabstr.|Stuttgart Feuersee|Stuttgart Stadtmitte|Stuttgart Hbf (tief)|Stuttgart Nordbahnhof|Stuttgart-Feuerbach|Stuttgart-Zuffenhausen|Kornwestheim Pbf|Ludwigsburg|Favoritepark,8002065,Freiberg (Neckar),Baden-Württemberg,Freiberg am Neckar,71691,9.197530085,48.92994974,5,2606051303,,2606051304,,,,,,,,,,,4.0,5.0
4009390930234313645-2606051147-11,28396,2606051214,2606051214,3,,S,S4,Stuttgart Schwabstr.|Stuttgart Feuersee|Stuttgart Stadtmitte|Stuttgart Hbf (tief)|Stuttgart Nordbahnhof|Stuttgart-Feuerbach|Stuttgart-Zuffenhausen|Kornwestheim Pbf|Ludwigsburg|Favoritepark,8002065,Freiberg (Neckar),Baden-Württemberg,Freiberg am Neckar,71691,9.197530085,48.92994974,5,2606051214,,2606051215,,,,,,,,,,,0.0,1.0
-3901454027336800522-2606051203-7,7431,2606051230,2606051231,2,,S,S4,Backnang|Burgstall(Murr)|Kirchberg(Murr)|Erdmannhausen|Marbach(Neckar)|Benningen(Neckar),8002065,Freiberg (Neckar),Baden-Württemberg,Freiberg am Neckar,71691,9.197530085,48.92994974,5,2606051234,,2606051235,,,,,,,,,,,4.0,4.0
-1050718254766280262-2606051240-3,28397,2606051245,2606051246,2,,S,S4,Marbach(Neckar)|Benningen(Neckar),8002065,Freiberg (Neckar),Baden-Württemberg,Freiberg am Neckar,71691,9.197530085,48.92994974,5,2606051246,,2606051247,,,,,,,,,,,1.0,1.0
-2837347101663805561-2606051133-7,7429,2606051200,2606051201,2,,S,S4,Backnang|Burgstall(Murr)|Kirchberg(Murr)|Erdmannhausen|Marbach(Neckar)|Benningen(Neckar),8002065,Freiberg (Neckar),Baden-Württemberg,Freiberg am Neckar,71691,9.197530085,48.92994974,5,2606051208,,2606051208,,,,,,,,,,,8.0,7.0
5127975581387066276-2606051202-11,7426,2606051229,2606051229,3,,S,S4,Stuttgart Schwabstr.|Stuttgart Feuersee|Stuttgart Stadtmitte|Stuttgart Hbf (tief)|Stuttgart Nordbahnhof|Stuttgart-Feuerbach|Stuttgart-Zuffenhausen|Kornwestheim Pbf|Ludwigsburg|Favoritepark,8002065,Freiberg (Neckar),Baden-Württemberg,Freiberg am Neckar,71691,9.197530085,48.92994974,5,2606051231,,2606051231,,,,,,,,,,,2.0,2.0
41668567353075799-2606051231-3,7730,2606051237,2606051237,2,,S,S1,Herrenberg|Nufringen,8002165,Gärtringen,Baden-Württemberg,Gärtringen,71116,8.908864487,48.64080021,5,,,,,,,,,,,,c,c,0.0,0.0
-5490041423935091879-2606051246-3,7134,2606051252,2606051252,2,,S,S1,Herrenberg|Nufringen,8002165,Gärtringen,Baden-Württemberg,Gärtringen,71116,8.908864487,48.64080021,5,2606051252,,2606051252,,,,,,,,,,,0.0,0.0
-8319398400678058003-2606051050-27,7127,2606051207,2606051207,1,,S,S1,Kirchheim(Teck)|Kirchheim(Teck)-Ötlingen|Wendlingen(Neckar)|Wernau(Neckar)|Plochingen|Altbach|Esslingen-Zell|Oberesslingen|Esslingen(Neckar)|Esslingen-Mettingen|Stuttgart-Obertürkheim|Stuttgart-Untertürkheim|Stuttgart Neckarpark|Stuttgart-Bad Cannstatt|Stuttgart Hbf (tief)|Stuttgart Stadtmitte|Stuttgart Feuersee|Stuttgart Schwabstr.|Stuttgart Universität|Stuttgart-Österfeld|Stuttgart-Vaihingen|Stuttgart-Rohr|Goldberg(Württ)|Böblingen|Hulb|Ehningen(b Böblingen),8002165,Gärtringen,Baden-Württemberg,Gärtringen,71116,8.908864487,48.64080021,5,2606051207,,2606051207,,,,,,,,,c,c,0.0,0.0
-4197374811050490820-2606051122-23,7729,2606051222,2606051222,1,,S,S1,Plochingen|Altbach|Esslingen-Zell|Oberesslingen|Esslingen(Neckar)|Esslingen-Mettingen|Stuttgart-Obertürkheim|Stuttgart-Untertürkheim|Stuttgart Neckarpark|Stuttgart-Bad Cannstatt|Stuttgart Hbf (tief)|Stuttgart Stadtmitte|Stuttgart Feuersee|Stuttgart Schwabstr.|Stuttgart Universität|Stuttgart-Österfeld|Stuttgart-Vaihingen|Stuttgart-Rohr|Goldberg(Württ)|Böblingen|Hulb|Ehningen(b Böblingen),8002165,Gärtringen,Baden-Württemberg,Gärtringen,71116,8.908864487,48.64080021,5,2606051226,,2606051227,,,,,,,,,,,4.0,5.0
-5040164597006626382-2606051120-27,7129,2606051237,2606051237,1,,S,S1,Kirchheim(Teck)|Kirchheim(Teck)-Ötlingen|Wendlingen(Neckar)|Wernau(Neckar)|Plochingen|Altbach|Esslingen-Zell|Oberesslingen|Esslingen(Neckar)|Esslingen-Mettingen|Stuttgart-Obertürkheim|Stuttgart-Untertürkheim|Stuttgart Neckarpark|Stuttgart-Bad Cannstatt|Stuttgart Hbf (tief)|Stuttgart Stadtmitte|Stuttgart Feuersee|Stuttgart Schwabstr.|Stuttgart Universität|Stuttgart-Österfeld|Stuttgart-Vaihingen|Stuttgart-Rohr|Goldberg(Württ)|Böblingen|Hulb|Ehningen(b Böblingen),8002165,Gärtringen,Baden-Württemberg,Gärtringen,71116,8.908864487,48.64080021,5,2606051239,,2606051240,,,,,,,,,,,2.0,3.0
3410717060998267101-2606051216-3,7132,2606051222,2606051222,2,,S,S1,Herrenberg|Nufringen,8002165,Gärtringen,Baden-Württemberg,Gärtringen,71116,8.908864487,48.64080021,5,2606051227,,2606051228,,,,,,,,,,,5.0,6.0
2059911478828825113-2606051201-3,7728,2606051207,2606051207,2,,S,S1,Herrenberg|Nufringen,8002165,Gärtringen,Baden-Württemberg,Gärtringen,71116,8.908864487,48.64080021,5,2606051207,,2606051207,,,,,,,,,,,0.0,0.0
41668567353075799-2606051231-7,7730,2606051247,2606051247,2,,S,S1,Herrenberg|Nufringen|Gärtringen|Ehningen(b Böblingen)|Hulb|Böblingen,8005201,Goldberg,Baden-Württemberg,Böblingen,71032,9.019733387,48.69651581,5,,,,,,,,,,,,c,c,0.0,0.0
-1667866592525461048-2606051152-19,7731,2606051242,2606051242,1,,S,S1,Plochingen|Altbach|Esslingen-Zell|Oberesslingen|Esslingen(Neckar)|Esslingen-Mettingen|Stuttgart-Obertürkheim|Stuttgart-Untertürkheim|Stuttgart Neckarpark|Stuttgart-Bad Cannstatt|Stuttgart Hbf (tief)|Stuttgart Stadtmitte|Stuttgart Feuersee|Stuttgart Schwabstr.|Stuttgart Universität|Stuttgart-Österfeld|Stuttgart-Vaihingen|Stuttgart-Rohr,8005201,Goldberg,Baden-Württemberg,Böblingen,71032,9.019733387,48.69651581,5,2606051244,,2606051244,,,,,,,,,,,2.0,2.0
-4197374811050490820-2606051122-19,7729,2606051212,2606051212,1,,S,S1,Plochingen|Altbach|Esslingen-Zell|Oberesslingen|Esslingen(Neckar)|Esslingen-Mettingen|Stuttgart-Obertürkheim|Stuttgart-Untertürkheim|Stuttgart Neckarpark|Stuttgart-Bad Cannstatt|Stuttgart Hbf (tief)|Stuttgart Stadtmitte|Stuttgart Feuersee|Stuttgart Schwabstr.|Stuttgart Universität|Stuttgart-Österfeld|Stuttgart-Vaihingen|Stuttgart-Rohr,8005201,Goldberg,Baden-Württemberg,Böblingen,71032,9.019733387,48.69651581,5,2606051216,,2606051217,,,,,,,,,,,4.0,5.0
-5040164597006626382-2606051120-23,7129,2606051227,2606051227,1,,S,S1,Kirchheim(Teck)|Kirchheim(Teck)-Ötlingen|Wendlingen(Neckar)|Wernau(Neckar)|Plochingen|Altbach|Esslingen-Zell|Oberesslingen|Esslingen(Neckar)|Esslingen-Mettingen|Stuttgart-Obertürkheim|Stuttgart-Untertürkheim|Stuttgart Neckarpark|Stuttgart-Bad Cannstatt|Stuttgart Hbf (tief)|Stuttgart Stadtmitte|Stuttgart Feuersee|Stuttgart Schwabstr.|Stuttgart Universität|Stuttgart-Österfeld|Stuttgart-Vaihingen|Stuttgart-Rohr,8005201,Goldberg,Baden-Württemberg,Böblingen,71032,9.019733387,48.69651581,5,2606051228,,2606051229,,,,,,,,,,,1.0,2.0
-5759624544289762969-2606051146-7,7130,2606051202,2606051202,2,,S,S1,Herrenberg|Nufringen|Gärtringen|Ehningen(b Böblingen)|Hulb|Böblingen,8005201,Goldberg,Baden-Württemberg,Böblingen,71032,9.019733387,48.69651581,5,2606051202,,2606051203,,,,,,,,,,,0.0,1.0
4736637014602700336-2606051150-23,7131,2606051257,2606051257,1,,S,S1,Kirchheim(Teck)|Kirchheim(Teck)-Ötlingen|Wendlingen(Neckar)|Wernau(Neckar)|Plochingen|Altbach|Esslingen-Zell|Oberesslingen|Esslingen(Neckar)|Esslingen-Mettingen|Stuttgart-Obertürkheim|Stuttgart-Untertürkheim|Stuttgart Neckarpark|Stuttgart-Bad Cannstatt|Stuttgart Hbf (tief)|Stuttgart Stadtmitte|Stuttgart Feuersee|Stuttgart Schwabstr.|Stuttgart Universität|Stuttgart-Österfeld|Stuttgart-Vaihingen|Stuttgart-Rohr,8005201,Goldberg,Baden-Württemberg,Böblingen,71032,9.019733387,48.69651581,5,2606051300,,2606051300,,,,,,,,,,,3.0,3.0
3410717060998267101-2606051216-7,7132,2606051232,2606051232,2,,S,S1,Herrenberg|Nufringen|Gärtringen|Ehningen(b Böblingen)|Hulb|Böblingen,8005201,Goldberg,Baden-Württemberg,Böblingen,71032,9.019733387,48.69651581,5,2606051239,,2606051239,,,,,,,,,,,7.0,7.0
2059911478828825113-2606051201-7,7728,2606051217,2606051217,2,,S,S1,Herrenberg|Nufringen|Gärtringen|Ehningen(b Böblingen)|Hulb|Böblingen,8005201,Goldberg,Baden-Württemberg,Böblingen,71032,9.019733387,48.69651581,5,2606051220,,2606051221,,,,,,,,,,,3.0,4.0
41668567353075799-2606051231-1,7730,,2606051231,,,S,S1,,8002785,Herrenberg,Baden-Württemberg,Herrenberg,71083,8.862625253,48.59395697,3,,,,,,,,,,,,,c,0.0,0.0
-5490041423935091879-2606051246-1,7134,,2606051246,,,S,S1,,8002785,Herrenberg,Baden-Württemberg,Herrenberg,71083,8.862625253,48.59395697,3,,,2606051246,,,,,,,,,,,0.0,0.0
8993379184971619733-2606051035-11,50380,2606051211,2606051211,1,,RE,IC87,Singen(Hohentwiel)|Engen|Tuttlingen|Spaichingen|Rottweil|Oberndorf(Neckar)|Sulz(Neckar)|Horb|Bondorf(b Herrenberg)|Gäufelden,8002785,Herrenberg,Baden-Württemberg,Herrenberg,71083,8.862625253,48.59395697,3,2606051217,,2606051218,,h,1,Information,,,,,,,6.0,7.0
-8319398400678058003-2606051050-29,7127,2606051214,,3,,S,,Kirchheim(Teck)|Kirchheim(Teck)-Ötlingen|Wendlingen(Neckar)|Wernau(Neckar)|Plochingen|Altbach|Esslingen-Zell|Oberesslingen|Esslingen(Neckar)|Esslingen-Mettingen|Stuttgart-Obertürkheim|Stuttgart-Untertürkheim|Stuttgart Neckarpark|Stuttgart-Bad Cannstatt|Stuttgart Hbf (tief)|Stuttgart Stadtmitte|Stuttgart Feuersee|Stuttgart Schwabstr.|Stuttgart Universität|Stuttgart-Österfeld|Stuttgart-Vaihingen|Stuttgart-Rohr|Goldberg(Württ)|Böblingen|Hulb|Ehningen(b Böblingen)|Gärtringen|Nufringen,8002785,Herrenberg,Baden-Württemberg,Herrenberg,71083,8.862625253,48.59395697,3,2606051214,,,,,,,,,,,c,,0.0,0.0
-1667866592525461048-2606051152-21,7731,2606051253,,3,,S,,Plochingen|Altbach|Esslingen-Zell|Oberesslingen|Esslingen(Neckar)|Esslingen-Mettingen|Stuttgart-Obertürkheim|Stuttgart-Untertürkheim|Stuttgart Neckarpark|Stuttgart-Bad Cannstatt|Stuttgart Hbf (tief)|Stuttgart Stadtmitte|Stuttgart Feuersee|Stuttgart Schwabstr.|Stuttgart Universität|Stuttgart-Österfeld|Stuttgart-Vaihingen|Stuttgart-Rohr|Goldberg(Württ)|Böblingen,8002785,Herrenberg,Baden-Württemberg,Herrenberg,71083,8.862625253,48.59395697,3,2606051256,,,,,,,,,,,,,3.0,0.0
-8162855589107279415-2606051211-10,22779,2606051241,,102,,RB,,Tübingen Hbf|Tübingen West|Unterjesingen Sandäcker|Unterjesingen Mitte|Pfäffingen|Entringen|Altingen(Württ)|Gültstein|Herrenberg Zwerchweg,8002785,Herrenberg,Baden-Württemberg,Herrenberg,71083,8.862625253,48.59395697,3,2606051241,,,,,,,,,,,,,0.0,0.0
-4197374811050490820-2606051122-25,7729,2606051229,,3,,S,,Plochingen|Altbach|Esslingen-Zell|Oberesslingen|Esslingen(Neckar)|Esslingen-Mettingen|Stuttgart-Obertürkheim|Stuttgart-Untertürkheim|Stuttgart Neckarpark|Stuttgart-Bad Cannstatt|Stuttgart Hbf (tief)|Stuttgart Stadtmitte|Stuttgart Feuersee|Stuttgart Schwabstr.|Stuttgart Universität|Stuttgart-Österfeld|Stuttgart-Vaihingen|Stuttgart-Rohr|Goldberg(Württ)|Böblingen|Hulb|Ehningen(b Böblingen)|Gärtringen|Nufringen,8002785,Herrenberg,Baden-Württemberg,Herrenberg,71083,8.862625253,48.59395697,3,2606051232,2,,,,,,,,,,,,3.0,0.0
2445758245483744446-2606051249-1,22780,,2606051249,,,RB,RB63,,8002785,Herrenberg,Baden-Württemberg,Herrenberg,71083,8.862625253,48.59395697,3,,,2606051249,,,,,,,,,,,0.0,0.0
-1865392785619674154-2606051141-10,22773,2606051211,,102,,RB,,Tübingen Hbf|Tübingen West|Unterjesingen Sandäcker|Unterjesingen Mitte|Pfäffingen|Entringen|Altingen(Württ)|Gültstein|Herrenberg Zwerchweg,8002785,Herrenberg,Baden-Württemberg,Herrenberg,71083,8.862625253,48.59395697,3,2606051211,,,,,,,,,,,,,0.0,0.0
-5040164597006626382-2606051120-29,7129,2606051244,,3,,S,,Kirchheim(Teck)|Kirchheim(Teck)-Ötlingen|Wendlingen(Neckar)|Wernau(Neckar)|Plochingen|Altbach|Esslingen-Zell|Oberesslingen|Esslingen(Neckar)|Esslingen-Mettingen|Stuttgart-Obertürkheim|Stuttgart-Untertürkheim|Stuttgart Neckarpark|Stuttgart-Bad Cannstatt|Stuttgart Hbf (tief)|Stuttgart Stadtmitte|Stuttgart Feuersee|Stuttgart Schwabstr.|Stuttgart Universität|Stuttgart-Österfeld|Stuttgart-Vaihingen|Stuttgart-Rohr|Goldberg(Württ)|Böblingen|Hulb|Ehningen(b Böblingen)|Gärtringen|Nufringen,8002785,Herrenberg,Baden-Württemberg,Herrenberg,71083,8.862625253,48.59395697,3,2606051246,,,,,,,,,,,,,2.0,0.0
-567364517811325165-2606051217-3,17637,2606051248,2606051248,4,,RE,RE14b,Stuttgart Hbf|Böblingen,8002785,Herrenberg,Baden-Württemberg,Herrenberg,71083,8.862625253,48.59395697,3,2606051249,,2606051250,,,,,,,,,,,1.0,2.0
3529743929784818117-2606050937-13,380,2606051211,2606051211,1,,IC,,Zürich HB|Schaffhausen|Singen(Hohentwiel)|Engen|Tuttlingen|Spaichingen|Rottweil|Oberndorf(Neckar)|Sulz(Neckar)|Horb|Bondorf(b Herrenberg)|Gäufelden,8002785,Herrenberg,Baden-Württemberg,Herrenberg,71083,8.862625253,48.59395697,3,2606051217,,2606051218,,h,1,Information,,,,,,,6.0,7.0
-1938982949897723231-2606051218-1,17635,,2606051218,,,RB,RE14a,,8002785,Herrenberg,Baden-Württemberg,Herrenberg,71083,8.862625253,48.59395697,3,,,2606051218,,,,,,,,,,,0.0,0.0
4286078100246831779-2606051217-3,17639,2606051248,2606051248,4,,RE,RE14a,Stuttgart Hbf|Böblingen,8002785,Herrenberg,Baden-Württemberg,Herrenberg,71083,8.862625253,48.59395697,3,2606051249,,2606051250,,,,,,,,,,,1.0,2.0
3410717060998267101-2606051216-1,7132,,2606051216,,,S,S1,,8002785,Herrenberg,Baden-Württemberg,Herrenberg,71083,8.862625253,48.59395697,3,,,2606051221,,,,,,,,,,,0.0,5.0
-8823184004077830950-2606051219-1,22774,,2606051219,,,RB,RB63,,8002785,Herrenberg,Baden-Württemberg,Herrenberg,71083,8.862625253,48.59395697,3,,,2606051219,,,,,,,,,,,0.0,0.0
2059911478828825113-2606051201-1,7728,,2606051201,,,S,S1,,8002785,Herrenberg,Baden-Württemberg,Herrenberg,71083,8.862625253,48.59395697,3,,,2606051201,,,,,,,,,,,0.0,0.0
3131517444573088003-2606051148-6,7927,2606051205,2606051206,1,,S,S6,Weil der Stadt|Malmsheim|Renningen|Rutesheim|Leonberg,8002892,Höfingen,Baden-Württemberg,Leonberg,71229,9.026180834,48.81503436,5,2606051206,,2606051207,,,,,,,,,,,1.0,1.0
7608028257592331283-2606051204-10,7029,2606051235,2606051236,1,,S,S60,Böblingen|Sindelfingen|Maichingen|Maichingen Nord|Magstadt|Renningen Süd|Renningen|Rutesheim|Leonberg,8002892,Höfingen,Baden-Württemberg,Leonberg,71229,9.026180834,48.81503436,5,2606051237,,2606051237,,,,,,,,,,,2.0,1.0
-4444589756830246864-2606051218-6,7929,2606051235,2606051236,1,,S,S6,Weil der Stadt|Malmsheim|Renningen|Rutesheim|Leonberg,8002892,Höfingen,Baden-Württemberg,Leonberg,71229,9.026180834,48.81503436,5,2606051237,,2606051237,,,,,,,,,,,2.0,1.0
-7003931357074639826-2606051227-12,7934,2606051254,2606051254,2,,S,S6,Stuttgart Schwabstr.|Stuttgart Feuersee|Stuttgart Stadtmitte|Stuttgart Hbf (tief)|Stuttgart Nordbahnhof|Stuttgart-Feuerbach|Stuttgart-Zuffenhausen|Neuwirtshaus(Porscheplatz)|Korntal|Weilimdorf|Ditzingen,8002892,Höfingen,Baden-Württemberg,Leonberg,71229,9.026180834,48.81503436,5,2606051254,,2606051254,,,,,,,,,,,0.0,0.0
3112151770582767081-2606051157-12,7932,2606051224,2606051224,2,,S,S6,Stuttgart Schwabstr.|Stuttgart Feuersee|Stuttgart Stadtmitte|Stuttgart Hbf (tief)|Stuttgart Nordbahnhof|Stuttgart-Feuerbach|Stuttgart-Zuffenhausen|Neuwirtshaus(Porscheplatz)|Korntal|Weilimdorf|Ditzingen,8002892,Höfingen,Baden-Württemberg,Leonberg,71229,9.026180834,48.81503436,5,2606051225,,2606051225,,,,,,,,,,,1.0,1.0
-2997586613667252816-2606051134-10,7027,2606051205,2606051206,1,,S,S60,Böblingen|Sindelfingen|Maichingen|Maichingen Nord|Magstadt|Renningen Süd|Renningen|Rutesheim|Leonberg,8002892,Höfingen,Baden-Württemberg,Leonberg,71229,9.026180834,48.81503436,5,2606051206,,2606051207,,,,,,,,,,,1.0,1.0
-3839002302897574901-2606051157-12,7032,2606051224,2606051224,2,,S,S60,Stuttgart Schwabstr.|Stuttgart Feuersee|Stuttgart Stadtmitte|Stuttgart Hbf (tief)|Stuttgart Nordbahnhof|Stuttgart-Feuerbach|Stuttgart-Zuffenhausen|Neuwirtshaus(Porscheplatz)|Korntal|Weilimdorf|Ditzingen,8002892,Höfingen,Baden-Württemberg,Leonberg,71229,9.026180834,48.81503436,5,2606051225,,2606051225,,,,,,,,,,,1.0,1.0
3519679731657304538-2606051142-12,7626,2606051209,2606051209,2,,S,S6,Stuttgart Schwabstr.|Stuttgart Feuersee|Stuttgart Stadtmitte|Stuttgart Hbf (tief)|Stuttgart Nordbahnhof|Stuttgart-Feuerbach|Stuttgart-Zuffenhausen|Neuwirtshaus(Porscheplatz)|Korntal|Weilimdorf|Ditzingen,8002892,Höfingen,Baden-Württemberg,Leonberg,71229,9.026180834,48.81503436,5,2606051216,,2606051216,,,,,,,,,,,7.0,7.0
-7035220678398818959-2606051212-12,7628,2606051239,2606051239,2,,S,S6,Stuttgart Schwabstr.|Stuttgart Feuersee|Stuttgart Stadtmitte|Stuttgart Hbf (tief)|Stuttgart Nordbahnhof|Stuttgart-Feuerbach|Stuttgart-Zuffenhausen|Neuwirtshaus(Porscheplatz)|Korntal|Weilimdorf|Ditzingen,8002892,Höfingen,Baden-Württemberg,Leonberg,71229,9.026180834,48.81503436,5,2606051242,,2606051242,,,,,,,,,,,3.0,3.0
9194663872562058086-2606051227-12,7034,2606051254,2606051254,2,,S,S60,Stuttgart Schwabstr.|Stuttgart Feuersee|Stuttgart Stadtmitte|Stuttgart Hbf (tief)|Stuttgart Nordbahnhof|Stuttgart-Feuerbach|Stuttgart-Zuffenhausen|Neuwirtshaus(Porscheplatz)|Korntal|Weilimdorf|Ditzingen,8002892,Höfingen,Baden-Württemberg,Leonberg,71229,9.026180834,48.81503436,5,2606051254,,2606051254,,,,,,,,,,,0.0,0.0
-8922964933325247623-2606051233-6,7633,2606051250,2606051251,1,,S,S6,Weil der Stadt|Malmsheim|Renningen|Rutesheim|Leonberg,8002892,Höfingen,Baden-Württemberg,Leonberg,71229,9.026180834,48.81503436,5,2606051250,,2606051251,,,,,,,,,,,0.0,0.0
8207272767207255575-2606051203-6,7631,2606051220,2606051221,1,,S,S6,Weil der Stadt|Malmsheim|Renningen|Rutesheim|Leonberg,8002892,Höfingen,Baden-Württemberg,Leonberg,71229,9.026180834,48.81503436,5,2606051220,,2606051221,,,,,,,,,,,0.0,0.0
41668567353075799-2606051231-5,7730,2606051243,2606051243,2,,S,S1,Herrenberg|Nufringen|Gärtringen|Ehningen(b Böblingen),8003022,Hulb,Baden-Württemberg,Böblingen-Hulb,71032,8.982396429,48.67924173,5,,,,,,,,,,,,c,c,0.0,0.0
-5490041423935091879-2606051246-5,7134,2606051258,2606051258,2,,S,S1,Herrenberg|Nufringen|Gärtringen|Ehningen(b Böblingen),8003022,Hulb,Baden-Württemberg,Böblingen-Hulb,71032,8.982396429,48.67924173,5,2606051258,,2606051258,,,,,,,,,,,0.0,0.0
-8319398400678058003-2606051050-25,7127,2606051201,2606051201,1,,S,S1,Kirchheim(Teck)|Kirchheim(Teck)-Ötlingen|Wendlingen(Neckar)|Wernau(Neckar)|Plochingen|Altbach|Esslingen-Zell|Oberesslingen|Esslingen(Neckar)|Esslingen-Mettingen|Stuttgart-Obertürkheim|Stuttgart-Untertürkheim|Stuttgart Neckarpark|Stuttgart-Bad Cannstatt|Stuttgart Hbf (tief)|Stuttgart Stadtmitte|Stuttgart Feuersee|Stuttgart Schwabstr.|Stuttgart Universität|Stuttgart-Österfeld|Stuttgart-Vaihingen|Stuttgart-Rohr|Goldberg(Württ)|Böblingen,8003022,Hulb,Baden-Württemberg,Böblingen-Hulb,71032,8.982396429,48.67924173,5,2606051201,,2606051201,,,,,,,,,c,c,0.0,0.0
-4197374811050490820-2606051122-21,7729,2606051216,2606051216,1,,S,S1,Plochingen|Altbach|Esslingen-Zell|Oberesslingen|Esslingen(Neckar)|Esslingen-Mettingen|Stuttgart-Obertürkheim|Stuttgart-Untertürkheim|Stuttgart Neckarpark|Stuttgart-Bad Cannstatt|Stuttgart Hbf (tief)|Stuttgart Stadtmitte|Stuttgart Feuersee|Stuttgart Schwabstr.|Stuttgart Universität|Stuttgart-Österfeld|Stuttgart-Vaihingen|Stuttgart-Rohr|Goldberg(Württ)|Böblingen,8003022,Hulb,Baden-Württemberg,Böblingen-Hulb,71032,8.982396429,48.67924173,5,2606051220,,2606051221,,,,,,,,,,,4.0,5.0
-5040164597006626382-2606051120-25,7129,2606051231,2606051231,1,,S,S1,Kirchheim(Teck)|Kirchheim(Teck)-Ötlingen|Wendlingen(Neckar)|Wernau(Neckar)|Plochingen|Altbach|Esslingen-Zell|Oberesslingen|Esslingen(Neckar)|Esslingen-Mettingen|Stuttgart-Obertürkheim|Stuttgart-Untertürkheim|Stuttgart Neckarpark|Stuttgart-Bad Cannstatt|Stuttgart Hbf (tief)|Stuttgart Stadtmitte|Stuttgart Feuersee|Stuttgart Schwabstr.|Stuttgart Universität|Stuttgart-Österfeld|Stuttgart-Vaihingen|Stuttgart-Rohr|Goldberg(Württ)|Böblingen,8003022,Hulb,Baden-Württemberg,Böblingen-Hulb,71032,8.982396429,48.67924173,5,2606051233,,2606051234,,,,,,,,,,,2.0,3.0
3410717060998267101-2606051216-5,7132,2606051228,2606051228,2,,S,S1,Herrenberg|Nufringen|Gärtringen|Ehningen(b Böblingen),8003022,Hulb,Baden-Württemberg,Böblingen-Hulb,71032,8.982396429,48.67924173,5,2606051233,,2606051235,,,,,,,,,,,5.0,7.0
2059911478828825113-2606051201-5,7728,2606051213,2606051213,2,,S,S1,Herrenberg|Nufringen|Gärtringen|Ehningen(b Böblingen),8003022,Hulb,Baden-Württemberg,Böblingen-Hulb,71032,8.982396429,48.67924173,5,2606051213,,2606051215,,,,,,,,,,,0.0,2.0
6037380939760231204-2606051233-1,7230,,2606051233,,,S,S2,,8001984,Filderstadt,Baden-Württemberg,Filderstadt,70794,9.217581315,48.67649151,5,,,2606051233,,h,1,Bauarbeiten,,,,,,,0.0,0.0
-1430692459813981855-2606051248-1,7832,,2606051248,,,S,S2,,8001984,Filderstadt,Baden-Württemberg,Filderstadt,70794,9.217581315,48.67649151,5,,,2606051248,,h,1,Bauarbeiten,,,,,,,0.0,0.0
-6103095444831223240-2606051210-18,7231,2606051257,,1,,S,,Waiblingen|Fellbach|Stuttgart-Sommerrain|Stuttgart Nürnberger Str.|Stuttgart-Bad Cannstatt|Stuttgart Hbf (tief)|Stuttgart Stadtmitte|Stuttgart Feuersee|Stuttgart Schwabstr.|Stuttgart Universität|Stuttgart-Österfeld|Stuttgart-Vaihingen|Stuttgart-Rohr|Oberaichen|Leinfelden|Echterdingen|Stuttgart Flughafen/Messe,8001984,Filderstadt,Baden-Württemberg,Filderstadt,70794,9.217581315,48.67649151,5,2606051258,,,,h,1,Bauarbeiten,,,,,,,1.0,0.0
-88152744654327027-2606051206-14,7825,2606051242,,2,,S,,Stuttgart-Bad Cannstatt|Stuttgart Hbf (tief)|Stuttgart Stadtmitte|Stuttgart Feuersee|Stuttgart Schwabstr.|Stuttgart Universität|Stuttgart-Österfeld|Stuttgart-Vaihingen|Stuttgart-Rohr|Oberaichen|Leinfelden|Echterdingen|Stuttgart Flughafen/Messe,8001984,Filderstadt,Baden-Württemberg,Filderstadt,70794,9.217581315,48.67649151,5,2606051242,,,,h,1,Bauarbeiten,,,,,,,0.0,0.0
-2230763094975584744-2606051140-18,7229,2606051227,,1,,S,,Waiblingen|Fellbach|Stuttgart-Sommerrain|Stuttgart Nürnberger Str.|Stuttgart-Bad Cannstatt|Stuttgart Hbf (tief)|Stuttgart Stadtmitte|Stuttgart Feuersee|Stuttgart Schwabstr.|Stuttgart Universität|Stuttgart-Österfeld|Stuttgart-Vaihingen|Stuttgart-Rohr|Oberaichen|Leinfelden|Echterdingen|Stuttgart Flughafen/Messe,8001984,Filderstadt,Baden-Württemberg,Filderstadt,70794,9.217581315,48.67649151,5,2606051230,,,,h,1,Bauarbeiten,,,,,,,3.0,0.0
6168129635936742431-2606051203-1,7228,,2606051203,,,S,S2,,8001984,Filderstadt,Baden-Württemberg,Filderstadt,70794,9.217581315,48.67649151,5,,,2606051208,,h,1,Bauarbeiten,,,,,,,0.0,5.0
-7482395700098726095-2606051136-14,7823,2606051212,,2,,S,,Stuttgart-Bad Cannstatt|Stuttgart Hbf (tief)|Stuttgart Stadtmitte|Stuttgart Feuersee|Stuttgart Schwabstr.|Stuttgart Universität|Stuttgart-Österfeld|Stuttgart-Vaihingen|Stuttgart-Rohr|Oberaichen|Leinfelden|Echterdingen|Stuttgart Flughafen/Messe,8001984,Filderstadt,Baden-Württemberg,Filderstadt,70794,9.217581315,48.67649151,5,2606051222,,,,h,1,Bauarbeiten,,,,,,,10.0,0.0
-2740283852421142578-2606051218-1,7830,,2606051218,,,S,S2,,8001984,Filderstadt,Baden-Württemberg,Filderstadt,70794,9.217581315,48.67649151,5,,,2606051223,,h,1,Bauarbeiten,,,,,,,0.0,5.0
-960944489364412818-2606051233-3,7433,2606051241,2606051244,1,,S,S4,Backnang|Burgstall(Murr),8003266,Kirchberg (Murr),Baden-Württemberg,Kirchberg an der Murr,71737,9.328210283,48.93928182,6,2606051243,,2606051245,,,,,,,,,,,2.0,1.0
-701678331120959432-2606051132-15,7424,2606051213,2606051213,2,,S,S4,Stuttgart Schwabstr.|Stuttgart Feuersee|Stuttgart Stadtmitte|Stuttgart Hbf (tief)|Stuttgart Nordbahnhof|Stuttgart-Feuerbach|Stuttgart-Zuffenhausen|Kornwestheim Pbf|Ludwigsburg|Favoritepark|Freiberg(Neckar)|Benningen(Neckar)|Marbach(Neckar)|Erdmannhausen,8003266,Kirchberg (Murr),Baden-Württemberg,Kirchberg an der Murr,71737,9.328210283,48.93928182,6,2606051216,,2606051218,,,,,,,,,,,3.0,5.0
-3901454027336800522-2606051203-3,7431,2606051211,2606051214,1,,S,S4,Backnang|Burgstall(Murr),8003266,Kirchberg (Murr),Baden-Württemberg,Kirchberg an der Murr,71737,9.328210283,48.93928182,6,2606051218,,2606051218,,,,,,,,,,,7.0,4.0
5127975581387066276-2606051202-15,7426,2606051243,2606051243,2,,S,S4,Stuttgart Schwabstr.|Stuttgart Feuersee|Stuttgart Stadtmitte|Stuttgart Hbf (tief)|Stuttgart Nordbahnhof|Stuttgart-Feuerbach|Stuttgart-Zuffenhausen|Kornwestheim Pbf|Ludwigsburg|Favoritepark|Freiberg(Neckar)|Benningen(Neckar)|Marbach(Neckar)|Erdmannhausen,8003266,Kirchberg (Murr),Baden-Württemberg,Kirchberg an der Murr,71737,9.328210283,48.93928182,6,2606051244,,2606051245,,,,,,,,,,,1.0,2.0
-6319936848544854600-2606051220-1,7133,,2606051220,,,S,S1,,8003280,Kirchheim (Teck),Baden-Württemberg,Kirchheim unter Teck,73230,9.443872422,48.64415981,4,,,2606051220,,,,,,,,,,,0.0,0.0
1692997485605395662-2606051250-1,7135,,2606051250,,,S,S1,,8003280,Kirchheim (Teck),Baden-Württemberg,Kirchheim unter Teck,73230,9.443872422,48.64415981,4,,,2606051253,,,,,,,,,,,0.0,3.0
8120231020152351112-2606051154-7,37964,2606051212,,1,,RB,,Oberlenningen|Unterlenningen|Brucken|Owen(Teck)|Dettingen(Teck)|Kirchheim(Teck)Süd,8003280,Kirchheim (Teck),Baden-Württemberg,Kirchheim unter Teck,73230,9.443872422,48.64415981,4,2606051212,,,,,,,,,,,,,0.0,0.0
-5416168312730799613-2606051217-1,37965,,2606051217,,,RB,RB64,,8003280,Kirchheim (Teck),Baden-Württemberg,Kirchheim unter Teck,73230,9.443872422,48.64415981,4,,,2606051217,,,,,,,,,,,0.0,0.0
3158900998064725317-2606051116-29,7128,2606051239,,2,,S,,Herrenberg|Nufringen|Gärtringen|Ehningen(b Böblingen)|Hulb|Böblingen|Goldberg(Württ)|Stuttgart-Rohr|Stuttgart-Vaihingen|Stuttgart-Österfeld|Stuttgart Universität|Stuttgart Schwabstr.|Stuttgart Feuersee|Stuttgart Stadtmitte|Stuttgart Hbf (tief)|Stuttgart-Bad Cannstatt|Stuttgart Neckarpark|Stuttgart-Untertürkheim|Stuttgart-Obertürkheim|Esslingen-Mettingen|Esslingen(Neckar)|Oberesslingen|Esslingen-Zell|Altbach|Plochingen|Wernau(Neckar)|Wendlingen(Neckar)|Kirchheim(Teck)-Ötlingen,8003280,Kirchheim (Teck),Baden-Württemberg,Kirchheim unter Teck,73230,9.443872422,48.64415981,4,2606051243,,,,,,,,,,,,,4.0,0.0
-6951862447187810098-2606051046-29,7126,2606051209,,2,,S,,Herrenberg|Nufringen|Gärtringen|Ehningen(b Böblingen)|Hulb|Böblingen|Goldberg(Württ)|Stuttgart-Rohr|Stuttgart-Vaihingen|Stuttgart-Österfeld|Stuttgart Universität|Stuttgart Schwabstr.|Stuttgart Feuersee|Stuttgart Stadtmitte|Stuttgart Hbf (tief)|Stuttgart-Bad Cannstatt|Stuttgart Neckarpark|Stuttgart-Untertürkheim|Stuttgart-Obertürkheim|Esslingen-Mettingen|Esslingen(Neckar)|Oberesslingen|Esslingen-Zell|Altbach|Plochingen|Wernau(Neckar)|Wendlingen(Neckar)|Kirchheim(Teck)-Ötlingen,8003280,Kirchheim (Teck),Baden-Württemberg,Kirchheim unter Teck,73230,9.443872422,48.64415981,4,2606051212,,,,,,,,,,,,,3.0,0.0
-6319936848544854600-2606051220-2,7133,2606051223,2606051223,1,,S,S1,Kirchheim(Teck),8003282,Kirchheim (Teck)-Ötlingen,Baden-Württemberg,Kirchheim unter Teck,73230,9.416261302,48.65782388,5,2606051223,,2606051223,,,,,,,,,,,0.0,0.0
1692997485605395662-2606051250-2,7135,2606051253,2606051253,1,,S,S1,Kirchheim(Teck),8003282,Kirchheim (Teck)-Ötlingen,Baden-Württemberg,Kirchheim unter Teck,73230,9.416261302,48.65782388,5,2606051256,,2606051256,,,,,,,,,,,3.0,3.0
3158900998064725317-2606051116-28,7128,2606051236,2606051237,1,,S,S1,Herrenberg|Nufringen|Gärtringen|Ehningen(b Böblingen)|Hulb|Böblingen|Goldberg(Württ)|Stuttgart-Rohr|Stuttgart-Vaihingen|Stuttgart-Österfeld|Stuttgart Universität|Stuttgart Schwabstr.|Stuttgart Feuersee|Stuttgart Stadtmitte|Stuttgart Hbf (tief)|Stuttgart-Bad Cannstatt|Stuttgart Neckarpark|Stuttgart-Untertürkheim|Stuttgart-Obertürkheim|Esslingen-Mettingen|Esslingen(Neckar)|Oberesslingen|Esslingen-Zell|Altbach|Plochingen|Wernau(Neckar)|Wendlingen(Neckar),8003282,Kirchheim (Teck)-Ötlingen,Baden-Württemberg,Kirchheim unter Teck,73230,9.416261302,48.65782388,5,2606051240,,2606051241,,,,,,,,,,,4.0,4.0
-6951862447187810098-2606051046-28,7126,2606051206,2606051207,1,,S,S1,Herrenberg|Nufringen|Gärtringen|Ehningen(b Böblingen)|Hulb|Böblingen|Goldberg(Württ)|Stuttgart-Rohr|Stuttgart-Vaihingen|Stuttgart-Österfeld|Stuttgart Universität|Stuttgart Schwabstr.|Stuttgart Feuersee|Stuttgart Stadtmitte|Stuttgart Hbf (tief)|Stuttgart-Bad Cannstatt|Stuttgart Neckarpark|Stuttgart-Untertürkheim|Stuttgart-Obertürkheim|Esslingen-Mettingen|Esslingen(Neckar)|Oberesslingen|Esslingen-Zell|Altbach|Plochingen|Wernau(Neckar)|Wendlingen(Neckar),8003282,Kirchheim (Teck)-Ötlingen,Baden-Württemberg,Kirchheim unter Teck,73230,9.416261302,48.65782388,5,2606051209,,2606051210,,,,,,,,,,,3.0,3.0
3131517444573088003-2606051148-9,7927,2606051213,2606051214,3,,S,S6,Weil der Stadt|Malmsheim|Renningen|Rutesheim|Leonberg|Höfingen|Ditzingen|Weilimdorf,8003409,Korntal,Baden-Württemberg,Korntal,70825,9.121099128,48.82640246,4,2606051214,,2606051215,,,,,,,,,,,1.0,1.0
7608028257592331283-2606051204-13,7029,2606051243,2606051244,3,,S,S60,Böblingen|Sindelfingen|Maichingen|Maichingen Nord|Magstadt|Renningen Süd|Renningen|Rutesheim|Leonberg|Höfingen|Ditzingen|Weilimdorf,8003409,Korntal,Baden-Württemberg,Korntal,70825,9.121099128,48.82640246,4,2606051244,,2606051245,,,,,,,,,,,1.0,1.0
-4444589756830246864-2606051218-9,7929,2606051243,2606051244,3,,S,S6,Weil der Stadt|Malmsheim|Renningen|Rutesheim|Leonberg|Höfingen|Ditzingen|Weilimdorf,8003409,Korntal,Baden-Württemberg,Korntal,70825,9.121099128,48.82640246,4,2606051244,,2606051245,,,,,,,,,,,1.0,1.0
-7003931357074639826-2606051227-9,7934,2606051246,2606051246,1,,S,S6,Stuttgart Schwabstr.|Stuttgart Feuersee|Stuttgart Stadtmitte|Stuttgart Hbf (tief)|Stuttgart Nordbahnhof|Stuttgart-Feuerbach|Stuttgart-Zuffenhausen|Neuwirtshaus(Porscheplatz),8003409,Korntal,Baden-Württemberg,Korntal,70825,9.121099128,48.82640246,4,2606051246,,2606051247,,,,,,,,,,,0.0,1.0
3112151770582767081-2606051157-9,7932,2606051216,2606051216,1,,S,S6,Stuttgart Schwabstr.|Stuttgart Feuersee|Stuttgart Stadtmitte|Stuttgart Hbf (tief)|Stuttgart Nordbahnhof|Stuttgart-Feuerbach|Stuttgart-Zuffenhausen|Neuwirtshaus(Porscheplatz),8003409,Korntal,Baden-Württemberg,Korntal,70825,9.121099128,48.82640246,4,2606051218,,2606051218,,,,,,,,,,,2.0,2.0
-2997586613667252816-2606051134-13,7027,2606051213,2606051214,3,,S,S60,Böblingen|Sindelfingen|Maichingen|Maichingen Nord|Magstadt|Renningen Süd|Renningen|Rutesheim|Leonberg|Höfingen|Ditzingen|Weilimdorf,8003409,Korntal,Baden-Württemberg,Korntal,70825,9.121099128,48.82640246,4,2606051214,,2606051215,,,,,,,,,,,1.0,1.0
-3839002302897574901-2606051157-9,7032,2606051216,2606051216,1,,S,S60,Stuttgart Schwabstr.|Stuttgart Feuersee|Stuttgart Stadtmitte|Stuttgart Hbf (tief)|Stuttgart Nordbahnhof|Stuttgart-Feuerbach|Stuttgart-Zuffenhausen|Neuwirtshaus(Porscheplatz),8003409,Korntal,Baden-Württemberg,Korntal,70825,9.121099128,48.82640246,4,2606051218,,2606051218,,,,,,,,,,,2.0,2.0
3519679731657304538-2606051142-9,7626,2606051201,2606051201,1,,S,S6,Stuttgart Schwabstr.|Stuttgart Feuersee|Stuttgart Stadtmitte|Stuttgart Hbf (tief)|Stuttgart Nordbahnhof|Stuttgart-Feuerbach|Stuttgart-Zuffenhausen|Neuwirtshaus(Porscheplatz),8003409,Korntal,Baden-Württemberg,Korntal,70825,9.121099128,48.82640246,4,2606051209,,2606051209,,,,,,,,,,,8.0,8.0
-7035220678398818959-2606051212-9,7628,2606051231,2606051231,1,,S,S6,Stuttgart Schwabstr.|Stuttgart Feuersee|Stuttgart Stadtmitte|Stuttgart Hbf (tief)|Stuttgart Nordbahnhof|Stuttgart-Feuerbach|Stuttgart-Zuffenhausen|Neuwirtshaus(Porscheplatz),8003409,Korntal,Baden-Württemberg,Korntal,70825,9.121099128,48.82640246,4,2606051234,,2606051234,,,,,,,,,,,3.0,3.0
9194663872562058086-2606051227-9,7034,2606051246,2606051246,1,,S,S60,Stuttgart Schwabstr.|Stuttgart Feuersee|Stuttgart Stadtmitte|Stuttgart Hbf (tief)|Stuttgart Nordbahnhof|Stuttgart-Feuerbach|Stuttgart-Zuffenhausen|Neuwirtshaus(Porscheplatz),8003409,Korntal,Baden-Württemberg,Korntal,70825,9.121099128,48.82640246,4,2606051246,,2606051247,,,,,,,,,,,0.0,1.0
-8922964933325247623-2606051233-9,7633,2606051258,2606051259,3,,S,S6,Weil der Stadt|Malmsheim|Renningen|Rutesheim|Leonberg|Höfingen|Ditzingen|Weilimdorf,8003409,Korntal,Baden-Württemberg,Korntal,70825,9.121099128,48.82640246,4,2606051258,,2606051259,,,,,,,,,,,0.0,0.0
8207272767207255575-2606051203-9,7631,2606051228,2606051229,3,,S,S6,Weil der Stadt|Malmsheim|Renningen|Rutesheim|Leonberg|Höfingen|Ditzingen|Weilimdorf,8003409,Korntal,Baden-Württemberg,Korntal,70825,9.121099128,48.82640246,4,2606051228,,2606051229,,,,,,,,,,,0.0,0.0
3717617338847420907-2606051152-5,28465,2606051204,2606051205,3,,S,S5,Bietigheim-Bissingen|Tamm(Württ)|Asperg|Ludwigsburg,8003411,Kornwestheim Pbf,Baden-Württemberg,Kornwestheim,70806,9.179967278,48.86215948,3,2606051205,,2606051205,,,,,,,,,,,1.0,0.0
-4501469853120362621-2606051210-6,28395,2606051224,2606051225,3,,S,S4,Marbach(Neckar)|Benningen(Neckar)|Freiberg(Neckar)|Favoritepark|Ludwigsburg,8003411,Kornwestheim Pbf,Baden-Württemberg,Kornwestheim,70806,9.179967278,48.86215948,3,2606051225,,2606051226,,,,,,,,,,,1.0,1.0
-4761009494772144822-2606051152-8,7528,2606051210,2606051210,4,,S,S5,Stuttgart Schwabstr.|Stuttgart Feuersee|Stuttgart Stadtmitte|Stuttgart Hbf (tief)|Stuttgart Nordbahnhof|Stuttgart-Feuerbach|Stuttgart-Zuffenhausen,8003411,Kornwestheim Pbf,Baden-Württemberg,Kornwestheim,70806,9.179967278,48.86215948,3,2606051214,,2606051215,,,,,,,,,,,4.0,5.0
6534681549550626676-2606051217-8,28398,2606051235,2606051235,4,,S,S4,Stuttgart Schwabstr.|Stuttgart Feuersee|Stuttgart Stadtmitte|Stuttgart Hbf (tief)|Stuttgart Nordbahnhof|Stuttgart-Feuerbach|Stuttgart-Zuffenhausen,8003411,Kornwestheim Pbf,Baden-Württemberg,Kornwestheim,70806,9.179967278,48.86215948,3,2606051238,,2606051238,,,,,,,,,,,3.0,3.0
-182569074075306425-2606051222-8,7530,2606051240,2606051240,4,,S,S5,Stuttgart Schwabstr.|Stuttgart Feuersee|Stuttgart Stadtmitte|Stuttgart Hbf (tief)|Stuttgart Nordbahnhof|Stuttgart-Feuerbach|Stuttgart-Zuffenhausen,8003411,Kornwestheim Pbf,Baden-Württemberg,Kornwestheim,70806,9.179967278,48.86215948,3,2606051244,,2606051244,,,,,,,,,,,4.0,4.0
5693136962771673302-2606051232-8,7428,2606051250,2606051250,4,,S,S4,Stuttgart Schwabstr.|Stuttgart Feuersee|Stuttgart Stadtmitte|Stuttgart Hbf (tief)|Stuttgart Nordbahnhof|Stuttgart-Feuerbach|Stuttgart-Zuffenhausen,8003411,Kornwestheim Pbf,Baden-Württemberg,Kornwestheim,70806,9.179967278,48.86215948,3,2606051253,,2606051253,,,,,,,,,,,3.0,3.0
4009390930234313645-2606051147-8,28396,2606051205,2606051205,4,,S,S4,Stuttgart Schwabstr.|Stuttgart Feuersee|Stuttgart Stadtmitte|Stuttgart Hbf (tief)|Stuttgart Nordbahnhof|Stuttgart-Feuerbach|Stuttgart-Zuffenhausen,8003411,Kornwestheim Pbf,Baden-Württemberg,Kornwestheim,70806,9.179967278,48.86215948,3,2606051205,,2606051205,,,,,,,,,,,0.0,0.0
8332536860707671559-2606051207-8,28464,2606051225,2606051225,4,,S,S5,Stuttgart Schwabstr.|Stuttgart Feuersee|Stuttgart Stadtmitte|Stuttgart Hbf (tief)|Stuttgart Nordbahnhof|Stuttgart-Feuerbach|Stuttgart-Zuffenhausen,8003411,Kornwestheim Pbf,Baden-Württemberg,Kornwestheim,70806,9.179967278,48.86215948,3,2606051228,,2606051229,,,,,,,,,,,3.0,4.0
-3504815606642380245-2606051222-5,28467,2606051234,2606051235,3,,S,S5,Bietigheim-Bissingen|Tamm(Württ)|Asperg|Ludwigsburg,8003411,Kornwestheim Pbf,Baden-Württemberg,Kornwestheim,70806,9.179967278,48.86215948,3,2606051234,,2606051236,,,,,,,,,,,0.0,1.0
-144422822861230009-2606051237-5,7533,2606051249,2606051250,3,,S,S5,Bietigheim-Bissingen|Tamm(Württ)|Asperg|Ludwigsburg,8003411,Kornwestheim Pbf,Baden-Württemberg,Kornwestheim,70806,9.179967278,48.86215948,3,2606051251,,2606051252,,,,,,,,,,,2.0,2.0
-3901454027336800522-2606051203-10,7431,2606051239,2606051240,3,,S,S4,Backnang|Burgstall(Murr)|Kirchberg(Murr)|Erdmannhausen|Marbach(Neckar)|Benningen(Neckar)|Freiberg(Neckar)|Favoritepark|Ludwigsburg,8003411,Kornwestheim Pbf,Baden-Württemberg,Kornwestheim,70806,9.179967278,48.86215948,3,2606051245,,2606051245,,,,,,,,,,,6.0,5.0
3655115014084866226-2606051237-8,28466,2606051255,2606051255,4,,S,S5,Stuttgart Schwabstr.|Stuttgart Feuersee|Stuttgart Stadtmitte|Stuttgart Hbf (tief)|Stuttgart Nordbahnhof|Stuttgart-Feuerbach|Stuttgart-Zuffenhausen,8003411,Kornwestheim Pbf,Baden-Württemberg,Kornwestheim,70806,9.179967278,48.86215948,3,2606051257,,2606051258,,,,,,,,,,,2.0,3.0
-1050718254766280262-2606051240-6,28397,2606051254,2606051255,3,,S,S4,Marbach(Neckar)|Benningen(Neckar)|Freiberg(Neckar)|Favoritepark|Ludwigsburg,8003411,Kornwestheim Pbf,Baden-Württemberg,Kornwestheim,70806,9.179967278,48.86215948,3,2606051256,,2606051256,,,,,,,,,,,2.0,1.0
2930744972942057808-2606051207-5,7531,2606051219,2606051220,3,,S,S5,Bietigheim-Bissingen|Tamm(Württ)|Asperg|Ludwigsburg,8003411,Kornwestheim Pbf,Baden-Württemberg,Kornwestheim,70806,9.179967278,48.86215948,3,2606051221,,2606051221,,,,,,,,,,,2.0,1.0
-2837347101663805561-2606051133-10,7429,2606051209,2606051210,3,,S,S4,Backnang|Burgstall(Murr)|Kirchberg(Murr)|Erdmannhausen|Marbach(Neckar)|Benningen(Neckar)|Freiberg(Neckar)|Favoritepark|Ludwigsburg,8003411,Kornwestheim Pbf,Baden-Württemberg,Kornwestheim,70806,9.179967278,48.86215948,3,2606051216,,2606051217,,,,,,,,,,,7.0,7.0
5127975581387066276-2606051202-8,7426,2606051220,2606051220,4,,S,S4,Stuttgart Schwabstr.|Stuttgart Feuersee|Stuttgart Stadtmitte|Stuttgart Hbf (tief)|Stuttgart Nordbahnhof|Stuttgart-Feuerbach|Stuttgart-Zuffenhausen,8003411,Kornwestheim Pbf,Baden-Württemberg,Kornwestheim,70806,9.179967278,48.86215948,3,2606051222,,2606051222,,,,,,,,,,,2.0,2.0
6037380939760231204-2606051233-4,7230,2606051242,2606051243,2,,S,S2,Filderstadt|Stuttgart Flughafen/Messe|Echterdingen,8003622,Leinfelden,Baden-Württemberg,Leinfelden-Echterdingen,70771,9.142859698,48.6964193,4,2606051242,,2606051243,,h,1,Bauarbeiten,,,,,,,0.0,0.0
-1430692459813981855-2606051248-4,7832,2606051257,2606051258,2,,S,S2,Filderstadt|Stuttgart Flughafen/Messe|Echterdingen,8003622,Leinfelden,Baden-Württemberg,Leinfelden-Echterdingen,70771,9.142859698,48.6964193,4,2606051257,,2606051258,,h,1,Bauarbeiten,,,,,,,0.0,0.0
-6103095444831223240-2606051210-15,7231,2606051246,2606051247,1,,S,S2,Waiblingen|Fellbach|Stuttgart-Sommerrain|Stuttgart Nürnberger Str.|Stuttgart-Bad Cannstatt|Stuttgart Hbf (tief)|Stuttgart Stadtmitte|Stuttgart Feuersee|Stuttgart Schwabstr.|Stuttgart Universität|Stuttgart-Österfeld|Stuttgart-Vaihingen|Stuttgart-Rohr|Oberaichen,8003622,Leinfelden,Baden-Württemberg,Leinfelden-Echterdingen,70771,9.142859698,48.6964193,4,2606051248,,2606051249,,h,1,Bauarbeiten,,,,,,,2.0,2.0
-88152744654327027-2606051206-11,7825,2606051231,2606051232,1,,S,S2,Stuttgart-Bad Cannstatt|Stuttgart Hbf (tief)|Stuttgart Stadtmitte|Stuttgart Feuersee|Stuttgart Schwabstr.|Stuttgart Universität|Stuttgart-Österfeld|Stuttgart-Vaihingen|Stuttgart-Rohr|Oberaichen,8003622,Leinfelden,Baden-Württemberg,Leinfelden-Echterdingen,70771,9.142859698,48.6964193,4,2606051231,,2606051232,,h,1,Bauarbeiten,,,,,,,0.0,0.0
-2230763094975584744-2606051140-15,7229,2606051216,2606051217,1,,S,S2,Waiblingen|Fellbach|Stuttgart-Sommerrain|Stuttgart Nürnberger Str.|Stuttgart-Bad Cannstatt|Stuttgart Hbf (tief)|Stuttgart Stadtmitte|Stuttgart Feuersee|Stuttgart Schwabstr.|Stuttgart Universität|Stuttgart-Österfeld|Stuttgart-Vaihingen|Stuttgart-Rohr|Oberaichen,8003622,Leinfelden,Baden-Württemberg,Leinfelden-Echterdingen,70771,9.142859698,48.6964193,4,2606051220,,2606051220,,h,1,Bauarbeiten,,,,,,,4.0,3.0
6168129635936742431-2606051203-4,7228,2606051212,2606051213,2,,S,S2,Filderstadt|Stuttgart Flughafen/Messe|Echterdingen,8003622,Leinfelden,Baden-Württemberg,Leinfelden-Echterdingen,70771,9.142859698,48.6964193,4,2606051216,,2606051216,,h,1,Bauarbeiten,,,,,,,4.0,3.0
-7482395700098726095-2606051136-11,7823,2606051201,2606051202,1,,S,S2,Stuttgart-Bad Cannstatt|Stuttgart Hbf (tief)|Stuttgart Stadtmitte|Stuttgart Feuersee|Stuttgart Schwabstr.|Stuttgart Universität|Stuttgart-Österfeld|Stuttgart-Vaihingen|Stuttgart-Rohr|Oberaichen,8003622,Leinfelden,Baden-Württemberg,Leinfelden-Echterdingen,70771,9.142859698,48.6964193,4,2606051212,,2606051212,,h,1,Bauarbeiten,,,,,,,11.0,10.0
-2740283852421142578-2606051218-4,7830,2606051227,2606051228,2,,S,S2,Filderstadt|Stuttgart Flughafen/Messe|Echterdingen,8003622,Leinfelden,Baden-Württemberg,Leinfelden-Echterdingen,70771,9.142859698,48.6964193,4,2606051230,,2606051231,,h,1,Bauarbeiten,,,,,,,3.0,3.0
3131517444573088003-2606051148-5,7927,2606051202,2606051202,1,,S,S6,Weil der Stadt|Malmsheim|Renningen|Rutesheim,8003652,Leonberg,Baden-Württemberg,Leonberg,71229,9.004025993,48.79970547,3,2606051203,,2606051203,,,,,,,,,,,1.0,1.0
7608028257592331283-2606051204-9,7029,2606051232,2606051232,1,,S,S60,Böblingen|Sindelfingen|Maichingen|Maichingen Nord|Magstadt|Renningen Süd|Renningen|Rutesheim,8003652,Leonberg,Baden-Württemberg,Leonberg,71229,9.004025993,48.79970547,3,2606051232,,2606051233,,,,,,,,,,,0.0,1.0
-4444589756830246864-2606051218-5,7929,2606051232,2606051232,1,,S,S6,Weil der Stadt|Malmsheim|Renningen|Rutesheim,8003652,Leonberg,Baden-Württemberg,Leonberg,71229,9.004025993,48.79970547,3,2606051232,,2606051233,,,,,,,,,,,0.0,1.0
-7003931357074639826-2606051227-13,7934,2606051258,2606051258,2,,S,S6,Stuttgart Schwabstr.|Stuttgart Feuersee|Stuttgart Stadtmitte|Stuttgart Hbf (tief)|Stuttgart Nordbahnhof|Stuttgart-Feuerbach|Stuttgart-Zuffenhausen|Neuwirtshaus(Porscheplatz)|Korntal|Weilimdorf|Ditzingen|Höfingen,8003652,Leonberg,Baden-Württemberg,Leonberg,71229,9.004025993,48.79970547,3,2606051258,,2606051258,,,,,,,,,,,0.0,0.0
3112151770582767081-2606051157-13,7932,2606051228,2606051228,2,,S,S6,Stuttgart Schwabstr.|Stuttgart Feuersee|Stuttgart Stadtmitte|Stuttgart Hbf (tief)|Stuttgart Nordbahnhof|Stuttgart-Feuerbach|Stuttgart-Zuffenhausen|Neuwirtshaus(Porscheplatz)|Korntal|Weilimdorf|Ditzingen|Höfingen,8003652,Leonberg,Baden-Württemberg,Leonberg,71229,9.004025993,48.79970547,3,2606051229,,2606051229,,,,,,,,,,,1.0,1.0
-2997586613667252816-2606051134-9,7027,2606051202,2606051202,1,,S,S60,Böblingen|Sindelfingen|Maichingen|Maichingen Nord|Magstadt|Renningen Süd|Renningen|Rutesheim,8003652,Leonberg,Baden-Württemberg,Leonberg,71229,9.004025993,48.79970547,3,2606051203,,2606051203,,,,,,,,,,,1.0,1.0
-3839002302897574901-2606051157-13,7032,2606051228,2606051228,2,,S,S60,Stuttgart Schwabstr.|Stuttgart Feuersee|Stuttgart Stadtmitte|Stuttgart Hbf (tief)|Stuttgart Nordbahnhof|Stuttgart-Feuerbach|Stuttgart-Zuffenhausen|Neuwirtshaus(Porscheplatz)|Korntal|Weilimdorf|Ditzingen|Höfingen,8003652,Leonberg,Baden-Württemberg,Leonberg,71229,9.004025993,48.79970547,3,2606051229,,2606051229,,,,,,,,,,,1.0,1.0
3519679731657304538-2606051142-13,7626,2606051213,2606051213,2,,S,S6,Stuttgart Schwabstr.|Stuttgart Feuersee|Stuttgart Stadtmitte|Stuttgart Hbf (tief)|Stuttgart Nordbahnhof|Stuttgart-Feuerbach|Stuttgart-Zuffenhausen|Neuwirtshaus(Porscheplatz)|Korntal|Weilimdorf|Ditzingen|Höfingen,8003652,Leonberg,Baden-Württemberg,Leonberg,71229,9.004025993,48.79970547,3,2606051219,,2606051220,,,,,,,,,,,6.0,7.0
-7035220678398818959-2606051212-13,7628,2606051243,2606051243,2,,S,S6,Stuttgart Schwabstr.|Stuttgart Feuersee|Stuttgart Stadtmitte|Stuttgart Hbf (tief)|Stuttgart Nordbahnhof|Stuttgart-Feuerbach|Stuttgart-Zuffenhausen|Neuwirtshaus(Porscheplatz)|Korntal|Weilimdorf|Ditzingen|Höfingen,8003652,Leonberg,Baden-Württemberg,Leonberg,71229,9.004025993,48.79970547,3,2606051245,,2606051246,,,,,,,,,,,2.0,3.0
9194663872562058086-2606051227-13,7034,2606051258,2606051258,2,,S,S60,Stuttgart Schwabstr.|Stuttgart Feuersee|Stuttgart Stadtmitte|Stuttgart Hbf (tief)|Stuttgart Nordbahnhof|Stuttgart-Feuerbach|Stuttgart-Zuffenhausen|Neuwirtshaus(Porscheplatz)|Korntal|Weilimdorf|Ditzingen|Höfingen,8003652,Leonberg,Baden-Württemberg,Leonberg,71229,9.004025993,48.79970547,3,2606051258,,2606051258,,,,,,,,,,,0.0,0.0
-8922964933325247623-2606051233-5,7633,2606051247,2606051247,1,,S,S6,Weil der Stadt|Malmsheim|Renningen|Rutesheim,8003652,Leonberg,Baden-Württemberg,Leonberg,71229,9.004025993,48.79970547,3,2606051247,,2606051247,,,,,,,,,,,0.0,0.0
8207272767207255575-2606051203-5,7631,2606051217,2606051217,1,,S,S6,Weil der Stadt|Malmsheim|Renningen|Rutesheim,8003652,Leonberg,Baden-Württemberg,Leonberg,71229,9.004025993,48.79970547,3,2606051217,,2606051217,,,,,,,,,,,0.0,0.0
3717617338847420907-2606051152-4,28465,2606051201,2606051201,3,,S,S5,Bietigheim-Bissingen|Tamm(Württ)|Asperg,8000235,Ludwigsburg,Baden-Württemberg,Ludwigsburg,71638,9.185229823,48.89208622,3,2606051201,,2606051202,,,,,,,,,,,0.0,1.0
-4501469853120362621-2606051210-5,28395,2606051221,2606051221,3,,S,S4,Marbach(Neckar)|Benningen(Neckar)|Freiberg(Neckar)|Favoritepark,8000235,Ludwigsburg,Baden-Württemberg,Ludwigsburg,71638,9.185229823,48.89208622,3,2606051222,,2606051222,,,,,,,,,,,1.0,1.0
6869395830049887240-2606051211-2,19068,2606051220,2606051221,1,,ARV,RE8,Stuttgart Hbf,8000235,Ludwigsburg,Baden-Württemberg,Ludwigsburg,71638,9.185229823,48.89208622,3,2606051222,,2606051223,,,,,,,,,,,2.0,2.0
2697541885442165569-2606051214-13,19517,2606051257,2606051257,4,,RE,MEX17,Pforzheim Hbf|Eutingen(Baden)|Niefern|Enzberg|Mühlacker|Mühlacker Rößlesweg|Illingen(Württ)|Vaihingen(Enz)|Sersheim|Sachsenheim|Ellental|Bietigheim-Bissingen,8000235,Ludwigsburg,Baden-Württemberg,Ludwigsburg,71638,9.185229823,48.89208622,3,2606051257,,2606051257,,h,2,Information,,,,,,,0.0,0.0
-4761009494772144822-2606051152-9,7528,2606051213,2606051214,2,,S,S5,Stuttgart Schwabstr.|Stuttgart Feuersee|Stuttgart Stadtmitte|Stuttgart Hbf (tief)|Stuttgart Nordbahnhof|Stuttgart-Feuerbach|Stuttgart-Zuffenhausen|Kornwestheim Pbf,8000235,Ludwigsburg,Baden-Württemberg,Ludwigsburg,71638,9.185229823,48.89208622,3,2606051218,,2606051218,,,,,,,,,,,5.0,4.0
6534681549550626676-2606051217-9,28398,2606051238,2606051239,2,,S,S4,Stuttgart Schwabstr.|Stuttgart Feuersee|Stuttgart Stadtmitte|Stuttgart Hbf (tief)|Stuttgart Nordbahnhof|Stuttgart-Feuerbach|Stuttgart-Zuffenhausen|Kornwestheim Pbf,8000235,Ludwigsburg,Baden-Württemberg,Ludwigsburg,71638,9.185229823,48.89208622,3,2606051241,,2606051242,,,,,,,,,,,3.0,3.0
-182569074075306425-2606051222-9,7530,2606051243,2606051244,2,,S,S5,Stuttgart Schwabstr.|Stuttgart Feuersee|Stuttgart Stadtmitte|Stuttgart Hbf (tief)|Stuttgart Nordbahnhof|Stuttgart-Feuerbach|Stuttgart-Zuffenhausen|Kornwestheim Pbf,8000235,Ludwigsburg,Baden-Württemberg,Ludwigsburg,71638,9.185229823,48.89208622,3,2606051247,,2606051248,,,,,,,,,,,4.0,4.0
5693136962771673302-2606051232-9,7428,2606051253,2606051254,2,,S,S4,Stuttgart Schwabstr.|Stuttgart Feuersee|Stuttgart Stadtmitte|Stuttgart Hbf (tief)|Stuttgart Nordbahnhof|Stuttgart-Feuerbach|Stuttgart-Zuffenhausen|Kornwestheim Pbf,8000235,Ludwigsburg,Baden-Württemberg,Ludwigsburg,71638,9.185229823,48.89208622,3,2606051256,,2606051258,,,,,,,,,,,3.0,4.0
4009390930234313645-2606051147-9,28396,2606051208,2606051209,2,,S,S4,Stuttgart Schwabstr.|Stuttgart Feuersee|Stuttgart Stadtmitte|Stuttgart Hbf (tief)|Stuttgart Nordbahnhof|Stuttgart-Feuerbach|Stuttgart-Zuffenhausen|Kornwestheim Pbf,8000235,Ludwigsburg,Baden-Württemberg,Ludwigsburg,71638,9.185229823,48.89208622,3,2606051208,,2606051209,,,,,,,,,,,0.0,0.0
8332536860707671559-2606051207-9,28464,2606051228,2606051229,2,,S,S5,Stuttgart Schwabstr.|Stuttgart Feuersee|Stuttgart Stadtmitte|Stuttgart Hbf (tief)|Stuttgart Nordbahnhof|Stuttgart-Feuerbach|Stuttgart-Zuffenhausen|Kornwestheim Pbf,8000235,Ludwigsburg,Baden-Württemberg,Ludwigsburg,71638,9.185229823,48.89208622,3,2606051232,,2606051232,,,,,,,,,,,4.0,3.0
-3504815606642380245-2606051222-4,28467,2606051231,2606051231,3,,S,S5,Bietigheim-Bissingen|Tamm(Württ)|Asperg,8000235,Ludwigsburg,Baden-Württemberg,Ludwigsburg,71638,9.185229823,48.89208622,3,2606051231,,2606051232,,,,,,,,,,,0.0,1.0
-144422822861230009-2606051237-4,7533,2606051246,2606051246,3,,S,S5,Bietigheim-Bissingen|Tamm(Württ)|Asperg,8000235,Ludwigsburg,Baden-Württemberg,Ludwigsburg,71638,9.185229823,48.89208622,3,2606051248,,2606051248,,,,,,,,,,,2.0,2.0
7698261313813520999-2606051105-12,19228,2606051228,2606051229,1,,RE,MEX12,Tübingen Hbf|Reutlingen Hbf|Metzingen(Württ)|Bempflingen|Nürtingen|Oberboihingen|Wendlingen(Neckar)|Plochingen|Esslingen(Neckar)|Stuttgart-Bad Cannstatt|Stuttgart Hbf,8000235,Ludwigsburg,Baden-Württemberg,Ludwigsburg,71638,9.185229823,48.89208622,3,2606051231,,2606051232,,h,2,Information,,,,,,,3.0,3.0
-3901454027336800522-2606051203-9,7431,2606051236,2606051236,3,,S,S4,Backnang|Burgstall(Murr)|Kirchberg(Murr)|Erdmannhausen|Marbach(Neckar)|Benningen(Neckar)|Freiberg(Neckar)|Favoritepark,8000235,Ludwigsburg,Baden-Württemberg,Ludwigsburg,71638,9.185229823,48.89208622,3,2606051241,,2606051242,,,,,,,,,,,5.0,6.0
-5042970796843621512-2606051157-8,19223,2606051231,2606051231,4,,RE,MEX12,Heilbronn Hbf|Nordheim(Württ)|Lauffen(Neckar)|Kirchheim(Neckar)|Walheim(Württ)|Besigheim|Bietigheim-Bissingen,8000235,Ludwigsburg,Baden-Württemberg,Ludwigsburg,71638,9.185229823,48.89208622,3,2606051231,,2606051233,,h,2,Bauarbeiten,,,,,,,0.0,2.0
3655115014084866226-2606051237-9,28466,2606051258,2606051259,2,,S,S5,Stuttgart Schwabstr.|Stuttgart Feuersee|Stuttgart Stadtmitte|Stuttgart Hbf (tief)|Stuttgart Nordbahnhof|Stuttgart-Feuerbach|Stuttgart-Zuffenhausen|Kornwestheim Pbf,8000235,Ludwigsburg,Baden-Württemberg,Ludwigsburg,71638,9.185229823,48.89208622,3,2606051301,,2606051301,,,,,,,,,,,3.0,2.0
-1050718254766280262-2606051240-5,28397,2606051251,2606051251,3,,S,S4,Marbach(Neckar)|Benningen(Neckar)|Freiberg(Neckar)|Favoritepark,8000235,Ludwigsburg,Baden-Württemberg,Ludwigsburg,71638,9.185229823,48.89208622,3,2606051252,,2606051253,,,,,,,,,,,1.0,2.0
-3527127391718167941-2606051037-9,19065,2606051239,2606051240,4,,ARV,RE8,Würzburg Hbf|Lauda|Osterburken|Möckmühl|Bad Friedrichshall Hbf|Neckarsulm|Heilbronn Hbf|Bietigheim-Bissingen,8000235,Ludwigsburg,Baden-Württemberg,Ludwigsburg,71638,9.185229823,48.89208622,3,2606051239,,2606051240,,,,,,,,,,,0.0,0.0
3386742724916937636-2606051246-2,19514,2606051256,2606051257,1,,RE,MEX17,Stuttgart Hbf,8000235,Ludwigsburg,Baden-Württemberg,Ludwigsburg,71638,9.185229823,48.89208622,3,2606051256,,2606051257,,h,2,Information,,,,,,,0.0,0.0
2930744972942057808-2606051207-4,7531,2606051216,2606051216,3,,S,S5,Bietigheim-Bissingen|Tamm(Württ)|Asperg,8000235,Ludwigsburg,Baden-Württemberg,Ludwigsburg,71638,9.185229823,48.89208622,3,2606051217,,2606051218,,,,,,,,,,,1.0,2.0
-2837347101663805561-2606051133-9,7429,2606051206,2606051206,3,,S,S4,Backnang|Burgstall(Murr)|Kirchberg(Murr)|Erdmannhausen|Marbach(Neckar)|Benningen(Neckar)|Freiberg(Neckar)|Favoritepark,8000235,Ludwigsburg,Baden-Württemberg,Ludwigsburg,71638,9.185229823,48.89208622,3,2606051213,,2606051214,,,,,,,,,,,7.0,8.0
5127296555604559795-2606051036-21,19317,2606051204,2606051205,4,,RE,MEX18,Osterburken|Adelsheim Ost|Sennfeld|Roigheim|Möckmühl|Züttlingen|Siglingen|Neudenau|Herbolzheim(Jagst)|Untergriesheim|Bad Friedrichshall Hbf|Neckarsulm|Heilbronn Sülmertor|Heilbronn Hbf|Nordheim(Württ)|Lauffen(Neckar)|Kirchheim(Neckar)|Walheim(Württ)|Besigheim|Bietigheim-Bissingen,8000235,Ludwigsburg,Baden-Württemberg,Ludwigsburg,71638,9.185229823,48.89208622,3,2606051204,,2606051205,,h,2,Bauarbeiten,,,,,,,0.0,0.0
5197957692469736326-2606051133-10,19316,2606051252,2606051253,1,,RE,MEX18,Tübingen Hbf|Reutlingen Hbf|Metzingen(Württ)|Nürtingen|Wendlingen(Neckar)|Plochingen|Esslingen(Neckar)|Stuttgart-Bad Cannstatt|Stuttgart Hbf,8000235,Ludwigsburg,Baden-Württemberg,Ludwigsburg,71638,9.185229823,48.89208622,3,2606051252,,2606051253,,h,2,Information,,,,,,,0.0,0.0
5127975581387066276-2606051202-9,7426,2606051223,2606051224,2,,S,S4,Stuttgart Schwabstr.|Stuttgart Feuersee|Stuttgart Stadtmitte|Stuttgart Hbf (tief)|Stuttgart Nordbahnhof|Stuttgart-Feuerbach|Stuttgart-Zuffenhausen|Kornwestheim Pbf,8000235,Ludwigsburg,Baden-Württemberg,Ludwigsburg,71638,9.185229823,48.89208622,3,2606051225,,2606051226,,,,,,,,,,,2.0,2.0
-4671468548274859337-2606051248-2,7931,2606051250,2606051250,2,,S,S6,Weil der Stadt,8003831,Malmsheim,Baden-Württemberg,Renningen,71272,8.905105557,48.77183564,5,2606051251,,2606051252,,,,,,,,,,,1.0,2.0
-4444589756830246864-2606051218-2,7929,2606051220,2606051220,2,,S,S6,Weil der Stadt,8003831,Malmsheim,Baden-Württemberg,Renningen,71272,8.905105557,48.77183564,5,2606051221,,2606051222,,,,,,,,,,,1.0,2.0
-4467381660354326502-2606051127-16,7930,2606051209,2606051209,1,,S,S6,Stuttgart Schwabstr.|Stuttgart Feuersee|Stuttgart Stadtmitte|Stuttgart Hbf (tief)|Stuttgart Nordbahnhof|Stuttgart-Feuerbach|Stuttgart-Zuffenhausen|Neuwirtshaus(Porscheplatz)|Korntal|Weilimdorf|Ditzingen|Höfingen|Leonberg|Rutesheim|Renningen,8003831,Malmsheim,Baden-Württemberg,Renningen,71272,8.905105557,48.77183564,5,2606051211,,2606051212,,,,,,,,,,,2.0,3.0
3112151770582767081-2606051157-16,7932,2606051239,2606051239,1,,S,S6,Stuttgart Schwabstr.|Stuttgart Feuersee|Stuttgart Stadtmitte|Stuttgart Hbf (tief)|Stuttgart Nordbahnhof|Stuttgart-Feuerbach|Stuttgart-Zuffenhausen|Neuwirtshaus(Porscheplatz)|Korntal|Weilimdorf|Ditzingen|Höfingen|Leonberg|Rutesheim|Renningen,8003831,Malmsheim,Baden-Württemberg,Renningen,71272,8.905105557,48.77183564,5,2606051239,,2606051239,,,,,,,,,,,0.0,0.0
3519679731657304538-2606051142-16,7626,2606051224,2606051224,1,,S,S6,Stuttgart Schwabstr.|Stuttgart Feuersee|Stuttgart Stadtmitte|Stuttgart Hbf (tief)|Stuttgart Nordbahnhof|Stuttgart-Feuerbach|Stuttgart-Zuffenhausen|Neuwirtshaus(Porscheplatz)|Korntal|Weilimdorf|Ditzingen|Höfingen|Leonberg|Rutesheim|Renningen,8003831,Malmsheim,Baden-Württemberg,Renningen,71272,8.905105557,48.77183564,5,2606051228,,2606051228,,,,,,,,,,,4.0,4.0
-7035220678398818959-2606051212-16,7628,2606051254,2606051254,1,,S,S6,Stuttgart Schwabstr.|Stuttgart Feuersee|Stuttgart Stadtmitte|Stuttgart Hbf (tief)|Stuttgart Nordbahnhof|Stuttgart-Feuerbach|Stuttgart-Zuffenhausen|Neuwirtshaus(Porscheplatz)|Korntal|Weilimdorf|Ditzingen|Höfingen|Leonberg|Rutesheim|Renningen,8003831,Malmsheim,Baden-Württemberg,Renningen,71272,8.905105557,48.77183564,5,2606051254,,2606051255,,,,,,,,,,,0.0,1.0
-8922964933325247623-2606051233-2,7633,2606051235,2606051235,2,,S,S6,Weil der Stadt,8003831,Malmsheim,Baden-Württemberg,Renningen,71272,8.905105557,48.77183564,5,2606051237,,2606051237,,,,,,,,,,,2.0,2.0
8207272767207255575-2606051203-2,7631,2606051205,2606051205,2,,S,S6,Weil der Stadt,8003831,Malmsheim,Baden-Württemberg,Renningen,71272,8.905105557,48.77183564,5,2606051205,,2606051206,,,,,,,,,,,0.0,1.0
-4501469853120362621-2606051210-1,28395,,2606051210,,,S,S4,,8003853,Marbach (Neckar),Baden-Württemberg,Marbach am Neckar,71672,9.264611825,48.9437708,3,,,2606051210,,,,,,,,,,,0.0,0.0
6534681549550626676-2606051217-13,28398,2606051250,,1,,S,,Stuttgart Schwabstr.|Stuttgart Feuersee|Stuttgart Stadtmitte|Stuttgart Hbf (tief)|Stuttgart Nordbahnhof|Stuttgart-Feuerbach|Stuttgart-Zuffenhausen|Kornwestheim Pbf|Ludwigsburg|Favoritepark|Freiberg(Neckar)|Benningen(Neckar),8003853,Marbach (Neckar),Baden-Württemberg,Marbach am Neckar,71672,9.264611825,48.9437708,3,2606051253,,,,,,,,,,,,,3.0,0.0
4009390930234313645-2606051147-13,28396,2606051220,,1,,S,,Stuttgart Schwabstr.|Stuttgart Feuersee|Stuttgart Stadtmitte|Stuttgart Hbf (tief)|Stuttgart Nordbahnhof|Stuttgart-Feuerbach|Stuttgart-Zuffenhausen|Kornwestheim Pbf|Ludwigsburg|Favoritepark|Freiberg(Neckar)|Benningen(Neckar),8003853,Marbach (Neckar),Baden-Württemberg,Marbach am Neckar,71672,9.264611825,48.9437708,3,2606051221,,,,,,,,,,,,,1.0,0.0
-960944489364412818-2606051233-5,7433,2606051251,2606051255,2,,S,S4,Backnang|Burgstall(Murr)|Kirchberg(Murr)|Erdmannhausen,8003853,Marbach (Neckar),Baden-Württemberg,Marbach am Neckar,71672,9.264611825,48.9437708,3,2606051251,,2606051256,,,,,,,,,,,0.0,1.0
-701678331120959432-2606051132-13,7424,2606051205,2606051208,1,,S,S4,Stuttgart Schwabstr.|Stuttgart Feuersee|Stuttgart Stadtmitte|Stuttgart Hbf (tief)|Stuttgart Nordbahnhof|Stuttgart-Feuerbach|Stuttgart-Zuffenhausen|Kornwestheim Pbf|Ludwigsburg|Favoritepark|Freiberg(Neckar)|Benningen(Neckar),8003853,Marbach (Neckar),Baden-Württemberg,Marbach am Neckar,71672,9.264611825,48.9437708,3,2606051209,,2606051211,,,,,,,,,,,4.0,3.0
-3901454027336800522-2606051203-5,7431,2606051221,2606051225,2,,S,S4,Backnang|Burgstall(Murr)|Kirchberg(Murr)|Erdmannhausen,8003853,Marbach (Neckar),Baden-Württemberg,Marbach am Neckar,71672,9.264611825,48.9437708,3,2606051224,,2606051228,,,,,,,,,,,3.0,3.0
-1050718254766280262-2606051240-1,28397,,2606051240,,,S,S4,,8003853,Marbach (Neckar),Baden-Württemberg,Marbach am Neckar,71672,9.264611825,48.9437708,3,,,2606051240,,,,,,,,,,,0.0,0.0
5127975581387066276-2606051202-13,7426,2606051235,2606051238,1,,S,S4,Stuttgart Schwabstr.|Stuttgart Feuersee|Stuttgart Stadtmitte|Stuttgart Hbf (tief)|Stuttgart Nordbahnhof|Stuttgart-Feuerbach|Stuttgart-Zuffenhausen|Kornwestheim Pbf|Ludwigsburg|Favoritepark|Freiberg(Neckar)|Benningen(Neckar),8003853,Marbach (Neckar),Baden-Württemberg,Marbach am Neckar,71672,9.264611825,48.9437708,3,2606051237,,2606051239,,,,,,,,,,,2.0,1.0
-2797726383545175511-2606051226-2,28327,2606051228,2606051229,1,,S,S3,Backnang,8003913,Maubach,Baden-Württemberg,Backnang,71522,9.419487062,48.92623463,4,,,,,,,,,,,,c,c,0.0,0.0
-97699751698418973-2606051241-2,7333,2606051243,2606051244,1,,S,S3,Backnang,8003913,Maubach,Baden-Württemberg,Backnang,71522,9.419487062,48.92623463,4,2606051247,,2606051247,,,,,,,,,,,4.0,3.0
4960236751390972026-2606051200-17,7328,2606051244,2606051245,2,,S,S3,Stuttgart-Vaihingen|Stuttgart-Österfeld|Stuttgart Universität|Stuttgart Schwabstr.|Stuttgart Feuersee|Stuttgart Stadtmitte|Stuttgart Hbf (tief)|Stuttgart-Bad Cannstatt|Stuttgart Nürnberger Str.|Stuttgart-Sommerrain|Fellbach|Waiblingen|Neustadt-Hohenacker|Schwaikheim|Winnenden|Nellmersbach,8003913,Maubach,Baden-Württemberg,Backnang,71522,9.419487062,48.92623463,4,2606051248,,2606051249,,,,,,,,,,,4.0,4.0
8851012744564607240-2606051211-2,7331,2606051213,2606051214,1,,S,S3,Backnang,8003913,Maubach,Baden-Württemberg,Backnang,71522,9.419487062,48.92623463,4,2606051214,,2606051215,,,,,,,,,,,1.0,1.0
5532078017754681393-2606051215-17,28326,2606051259,2606051300,2,,S,S3,Stuttgart-Vaihingen|Stuttgart-Österfeld|Stuttgart Universität|Stuttgart Schwabstr.|Stuttgart Feuersee|Stuttgart Stadtmitte|Stuttgart Hbf (tief)|Stuttgart-Bad Cannstatt|Stuttgart Nürnberger Str.|Stuttgart-Sommerrain|Fellbach|Waiblingen|Neustadt-Hohenacker|Schwaikheim|Winnenden|Nellmersbach,8003913,Maubach,Baden-Württemberg,Backnang,71522,9.419487062,48.92623463,4,2606051302,,2606051303,,,,,,,,,,,3.0,3.0
-5605026880843091945-2606051256-2,28329,2606051258,2606051259,1,,S,S3,Backnang,8003913,Maubach,Baden-Württemberg,Backnang,71522,9.419487062,48.92623463,4,2606051259,,2606051259,,,,,,,,,,,1.0,0.0
5274226899640306616-2606051145-17,28324,2606051229,2606051230,2,,S,S3,Stuttgart-Vaihingen|Stuttgart-Österfeld|Stuttgart Universität|Stuttgart Schwabstr.|Stuttgart Feuersee|Stuttgart Stadtmitte|Stuttgart Hbf (tief)|Stuttgart-Bad Cannstatt|Stuttgart Nürnberger Str.|Stuttgart-Sommerrain|Fellbach|Waiblingen|Neustadt-Hohenacker|Schwaikheim|Winnenden|Nellmersbach,8003913,Maubach,Baden-Württemberg,Backnang,71522,9.419487062,48.92623463,4,2606051237,,2606051238,,,,,,,,,,,8.0,8.0
-4536433194496505288-2606051130-17,7326,2606051214,2606051215,2,,S,S3,Stuttgart-Vaihingen|Stuttgart-Österfeld|Stuttgart Universität|Stuttgart Schwabstr.|Stuttgart Feuersee|Stuttgart Stadtmitte|Stuttgart Hbf (tief)|Stuttgart-Bad Cannstatt|Stuttgart Nürnberger Str.|Stuttgart-Sommerrain|Fellbach|Waiblingen|Neustadt-Hohenacker|Schwaikheim|Winnenden|Nellmersbach,8003913,Maubach,Baden-Württemberg,Backnang,71522,9.419487062,48.92623463,4,2606051224,,2606051225,,,,,,,,,c,c,10.0,10.0
-7226438864905084030-2606051115-17,28322,2606051159,2606051200,2,,S,S3,Stuttgart-Vaihingen|Stuttgart-Österfeld|Stuttgart Universität|Stuttgart Schwabstr.|Stuttgart Feuersee|Stuttgart Stadtmitte|Stuttgart Hbf (tief)|Stuttgart-Bad Cannstatt|Stuttgart Nürnberger Str.|Stuttgart-Sommerrain|Fellbach|Waiblingen|Neustadt-Hohenacker|Schwaikheim|Winnenden|Nellmersbach,8003913,Maubach,Baden-Württemberg,Backnang,71522,9.419487062,48.92623463,4,2606051205,,2606051205,,,,,,,,,,,6.0,5.0
-83917606962888125-2606051156-3,28325,2606051201,2606051201,1,,S,S3,Backnang|Maubach,8004233,Nellmersbach,Baden-Württemberg,Leutenbach,71397,9.415421538,48.90336425,5,2606051208,,2606051208,,,,,,,,,,,7.0,7.0
-2797726383545175511-2606051226-3,28327,2606051231,2606051231,1,,S,S3,Backnang|Maubach,8004233,Nellmersbach,Baden-Württemberg,Leutenbach,71397,9.415421538,48.90336425,5,,,,,,,,,,,,c,c,0.0,0.0
-97699751698418973-2606051241-3,7333,2606051246,2606051246,1,,S,S3,Backnang|Maubach,8004233,Nellmersbach,Baden-Württemberg,Leutenbach,71397,9.415421538,48.90336425,5,2606051249,,2606051250,,,,,,,,,,,3.0,4.0
4960236751390972026-2606051200-16,7328,2606051241,2606051242,2,,S,S3,Stuttgart-Vaihingen|Stuttgart-Österfeld|Stuttgart Universität|Stuttgart Schwabstr.|Stuttgart Feuersee|Stuttgart Stadtmitte|Stuttgart Hbf (tief)|Stuttgart-Bad Cannstatt|Stuttgart Nürnberger Str.|Stuttgart-Sommerrain|Fellbach|Waiblingen|Neustadt-Hohenacker|Schwaikheim|Winnenden,8004233,Nellmersbach,Baden-Württemberg,Leutenbach,71397,9.415421538,48.90336425,5,2606051245,,2606051246,,,,,,,,,,,4.0,4.0
8851012744564607240-2606051211-3,7331,2606051216,2606051216,1,,S,S3,Backnang|Maubach,8004233,Nellmersbach,Baden-Württemberg,Leutenbach,71397,9.415421538,48.90336425,5,2606051217,,2606051218,,,,,,,,,,,1.0,2.0
5532078017754681393-2606051215-16,28326,2606051256,2606051257,2,,S,S3,Stuttgart-Vaihingen|Stuttgart-Österfeld|Stuttgart Universität|Stuttgart Schwabstr.|Stuttgart Feuersee|Stuttgart Stadtmitte|Stuttgart Hbf (tief)|Stuttgart-Bad Cannstatt|Stuttgart Nürnberger Str.|Stuttgart-Sommerrain|Fellbach|Waiblingen|Neustadt-Hohenacker|Schwaikheim|Winnenden,8004233,Nellmersbach,Baden-Württemberg,Leutenbach,71397,9.415421538,48.90336425,5,2606051259,,2606051300,,,,,,,,,,,3.0,3.0
5274226899640306616-2606051145-16,28324,2606051226,2606051227,2,,S,S3,Stuttgart-Vaihingen|Stuttgart-Österfeld|Stuttgart Universität|Stuttgart Schwabstr.|Stuttgart Feuersee|Stuttgart Stadtmitte|Stuttgart Hbf (tief)|Stuttgart-Bad Cannstatt|Stuttgart Nürnberger Str.|Stuttgart-Sommerrain|Fellbach|Waiblingen|Neustadt-Hohenacker|Schwaikheim|Winnenden,8004233,Nellmersbach,Baden-Württemberg,Leutenbach,71397,9.415421538,48.90336425,5,2606051235,,2606051235,,,,,,,,,,,9.0,8.0
-4536433194496505288-2606051130-16,7326,2606051211,2606051212,2,,S,S3,Stuttgart-Vaihingen|Stuttgart-Österfeld|Stuttgart Universität|Stuttgart Schwabstr.|Stuttgart Feuersee|Stuttgart Stadtmitte|Stuttgart Hbf (tief)|Stuttgart-Bad Cannstatt|Stuttgart Nürnberger Str.|Stuttgart-Sommerrain|Fellbach|Waiblingen|Neustadt-Hohenacker|Schwaikheim|Winnenden,8004233,Nellmersbach,Baden-Württemberg,Leutenbach,71397,9.415421538,48.90336425,5,2606051222,,2606051222,,,,,,,,,c,c,11.0,10.0
-83917606962888125-2606051156-6,28325,2606051210,2606051210,2,,S,S3,Backnang|Maubach|Nellmersbach|Winnenden|Schwaikheim,8004333,Neustadt-Hohenacker,Baden-Württemberg,Waiblingen,71336,9.32455106,48.85921668,5,2606051216,,2606051216,,,,,,,,,,,6.0,6.0
-2797726383545175511-2606051226-6,28327,2606051240,2606051240,2,,S,S3,Backnang|Maubach|Nellmersbach|Winnenden|Schwaikheim,8004333,Neustadt-Hohenacker,Baden-Württemberg,Waiblingen,71336,9.32455106,48.85921668,5,,,,,,,,,,,,c,c,0.0,0.0
-97699751698418973-2606051241-6,7333,2606051255,2606051255,2,,S,S3,Backnang|Maubach|Nellmersbach|Winnenden|Schwaikheim,8004333,Neustadt-Hohenacker,Baden-Württemberg,Waiblingen,71336,9.32455106,48.85921668,5,2606051258,,2606051259,,,,,,,,,,,3.0,4.0
4960236751390972026-2606051200-13,7328,2606051233,2606051233,1,,S,S3,Stuttgart-Vaihingen|Stuttgart-Österfeld|Stuttgart Universität|Stuttgart Schwabstr.|Stuttgart Feuersee|Stuttgart Stadtmitte|Stuttgart Hbf (tief)|Stuttgart-Bad Cannstatt|Stuttgart Nürnberger Str.|Stuttgart-Sommerrain|Fellbach|Waiblingen,8004333,Neustadt-Hohenacker,Baden-Württemberg,Waiblingen,71336,9.32455106,48.85921668,5,2606051237,,2606051237,,,,,,,,,,,4.0,4.0
8851012744564607240-2606051211-6,7331,2606051225,2606051225,2,,S,S3,Backnang|Maubach|Nellmersbach|Winnenden|Schwaikheim,8004333,Neustadt-Hohenacker,Baden-Württemberg,Waiblingen,71336,9.32455106,48.85921668,5,2606051226,,2606051227,,,,,,,,,,,1.0,2.0
5532078017754681393-2606051215-13,28326,2606051248,2606051248,1,,S,S3,Stuttgart-Vaihingen|Stuttgart-Österfeld|Stuttgart Universität|Stuttgart Schwabstr.|Stuttgart Feuersee|Stuttgart Stadtmitte|Stuttgart Hbf (tief)|Stuttgart-Bad Cannstatt|Stuttgart Nürnberger Str.|Stuttgart-Sommerrain|Fellbach|Waiblingen,8004333,Neustadt-Hohenacker,Baden-Württemberg,Waiblingen,71336,9.32455106,48.85921668,5,2606051251,,2606051252,,,,,,,,,,,3.0,4.0
5274226899640306616-2606051145-13,28324,2606051218,2606051218,1,,S,S3,Stuttgart-Vaihingen|Stuttgart-Österfeld|Stuttgart Universität|Stuttgart Schwabstr.|Stuttgart Feuersee|Stuttgart Stadtmitte|Stuttgart Hbf (tief)|Stuttgart-Bad Cannstatt|Stuttgart Nürnberger Str.|Stuttgart-Sommerrain|Fellbach|Waiblingen,8004333,Neustadt-Hohenacker,Baden-Württemberg,Waiblingen,71336,9.32455106,48.85921668,5,2606051227,,2606051227,,,,,,,,,,,9.0,9.0
-4536433194496505288-2606051130-13,7326,2606051203,2606051203,1,,S,S3,Stuttgart-Vaihingen|Stuttgart-Österfeld|Stuttgart Universität|Stuttgart Schwabstr.|Stuttgart Feuersee|Stuttgart Stadtmitte|Stuttgart Hbf (tief)|Stuttgart-Bad Cannstatt|Stuttgart Nürnberger Str.|Stuttgart-Sommerrain|Fellbach|Waiblingen,8004333,Neustadt-Hohenacker,Baden-Württemberg,Waiblingen,71336,9.32455106,48.85921668,5,2606051213,,2606051214,,,,,,,,,c,c,10.0,11.0
3131517444573088003-2606051148-10,7927,2606051216,2606051216,2,,S,S6,Weil der Stadt|Malmsheim|Renningen|Rutesheim|Leonberg|Höfingen|Ditzingen|Weilimdorf|Korntal,8004338,Neuwirtshaus (Porscheplatz),Baden-Württemberg,Stuttgart,70435,9.151955614,48.83384734,4,2606051217,,2606051217,,,,,,,,,,,1.0,1.0
7608028257592331283-2606051204-14,7029,2606051246,2606051246,2,,S,S60,Böblingen|Sindelfingen|Maichingen|Maichingen Nord|Magstadt|Renningen Süd|Renningen|Rutesheim|Leonberg|Höfingen|Ditzingen|Weilimdorf|Korntal,8004338,Neuwirtshaus (Porscheplatz),Baden-Württemberg,Stuttgart,70435,9.151955614,48.83384734,4,2606051247,,2606051248,,,,,,,,,,,1.0,2.0
-661438075088023210-2606051242-8,7630,2606051258,2606051258,1,,S,S6,Stuttgart Schwabstr.|Stuttgart Feuersee|Stuttgart Stadtmitte|Stuttgart Hbf (tief)|Stuttgart Nordbahnhof|Stuttgart-Feuerbach|Stuttgart-Zuffenhausen,8004338,Neuwirtshaus (Porscheplatz),Baden-Württemberg,Stuttgart,70435,9.151955614,48.83384734,4,2606051301,,2606051301,,,,,,,,,,,3.0,3.0
-4444589756830246864-2606051218-10,7929,2606051246,2606051246,2,,S,S6,Weil der Stadt|Malmsheim|Renningen|Rutesheim|Leonberg|Höfingen|Ditzingen|Weilimdorf|Korntal,8004338,Neuwirtshaus (Porscheplatz),Baden-Württemberg,Stuttgart,70435,9.151955614,48.83384734,4,2606051247,,2606051248,,,,,,,,,,,1.0,2.0
6476044054617913836-2606051133-10,7629,2606051201,2606051201,2,,S,S6,Weil der Stadt|Malmsheim|Renningen|Rutesheim|Leonberg|Höfingen|Ditzingen|Weilimdorf|Korntal,8004338,Neuwirtshaus (Porscheplatz),Baden-Württemberg,Stuttgart,70435,9.151955614,48.83384734,4,2606051201,,2606051202,,,,,,,,,,,0.0,1.0
-7003931357074639826-2606051227-8,7934,2606051243,2606051243,1,,S,S6,Stuttgart Schwabstr.|Stuttgart Feuersee|Stuttgart Stadtmitte|Stuttgart Hbf (tief)|Stuttgart Nordbahnhof|Stuttgart-Feuerbach|Stuttgart-Zuffenhausen,8004338,Neuwirtshaus (Porscheplatz),Baden-Württemberg,Stuttgart,70435,9.151955614,48.83384734,4,2606051244,,2606051245,,,,,,,,,,,1.0,2.0
3112151770582767081-2606051157-8,7932,2606051213,2606051213,1,,S,S6,Stuttgart Schwabstr.|Stuttgart Feuersee|Stuttgart Stadtmitte|Stuttgart Hbf (tief)|Stuttgart Nordbahnhof|Stuttgart-Feuerbach|Stuttgart-Zuffenhausen,8004338,Neuwirtshaus (Porscheplatz),Baden-Württemberg,Stuttgart,70435,9.151955614,48.83384734,4,2606051216,,2606051216,,,,,,,,,,,3.0,3.0
-2997586613667252816-2606051134-14,7027,2606051216,2606051216,2,,S,S60,Böblingen|Sindelfingen|Maichingen|Maichingen Nord|Magstadt|Renningen Süd|Renningen|Rutesheim|Leonberg|Höfingen|Ditzingen|Weilimdorf|Korntal,8004338,Neuwirtshaus (Porscheplatz),Baden-Württemberg,Stuttgart,70435,9.151955614,48.83384734,4,2606051217,,2606051217,,,,,,,,,,,1.0,1.0
-3839002302897574901-2606051157-8,7032,2606051213,2606051213,1,,S,S60,Stuttgart Schwabstr.|Stuttgart Feuersee|Stuttgart Stadtmitte|Stuttgart Hbf (tief)|Stuttgart Nordbahnhof|Stuttgart-Feuerbach|Stuttgart-Zuffenhausen,8004338,Neuwirtshaus (Porscheplatz),Baden-Württemberg,Stuttgart,70435,9.151955614,48.83384734,4,2606051216,,2606051216,,,,,,,,,,,3.0,3.0
-7035220678398818959-2606051212-8,7628,2606051228,2606051228,1,,S,S6,Stuttgart Schwabstr.|Stuttgart Feuersee|Stuttgart Stadtmitte|Stuttgart Hbf (tief)|Stuttgart Nordbahnhof|Stuttgart-Feuerbach|Stuttgart-Zuffenhausen,8004338,Neuwirtshaus (Porscheplatz),Baden-Württemberg,Stuttgart,70435,9.151955614,48.83384734,4,2606051231,,2606051232,,,,,,,,,,,3.0,4.0
9194663872562058086-2606051227-8,7034,2606051243,2606051243,1,,S,S60,Stuttgart Schwabstr.|Stuttgart Feuersee|Stuttgart Stadtmitte|Stuttgart Hbf (tief)|Stuttgart Nordbahnhof|Stuttgart-Feuerbach|Stuttgart-Zuffenhausen,8004338,Neuwirtshaus (Porscheplatz),Baden-Württemberg,Stuttgart,70435,9.151955614,48.83384734,4,2606051244,,2606051245,,,,,,,,,,,1.0,2.0
8207272767207255575-2606051203-10,7631,2606051231,2606051231,2,,S,S6,Weil der Stadt|Malmsheim|Renningen|Rutesheim|Leonberg|Höfingen|Ditzingen|Weilimdorf|Korntal,8004338,Neuwirtshaus (Porscheplatz),Baden-Württemberg,Stuttgart,70435,9.151955614,48.83384734,4,2606051231,,2606051232,,,,,,,,,,,0.0,1.0
41668567353075799-2606051231-2,7730,2606051234,2606051234,2,,S,S1,Herrenberg,8004490,Nufringen,Baden-Württemberg,Nufringen,71154,8.889817485,48.62010967,5,,,,,,,,,,,,c,c,0.0,0.0
-5490041423935091879-2606051246-2,7134,2606051249,2606051249,2,,S,S1,Herrenberg,8004490,Nufringen,Baden-Württemberg,Nufringen,71154,8.889817485,48.62010967,5,2606051249,,2606051250,,,,,,,,,,,0.0,1.0
-8319398400678058003-2606051050-28,7127,2606051210,2606051210,1,,S,S1,Kirchheim(Teck)|Kirchheim(Teck)-Ötlingen|Wendlingen(Neckar)|Wernau(Neckar)|Plochingen|Altbach|Esslingen-Zell|Oberesslingen|Esslingen(Neckar)|Esslingen-Mettingen|Stuttgart-Obertürkheim|Stuttgart-Untertürkheim|Stuttgart Neckarpark|Stuttgart-Bad Cannstatt|Stuttgart Hbf (tief)|Stuttgart Stadtmitte|Stuttgart Feuersee|Stuttgart Schwabstr.|Stuttgart Universität|Stuttgart-Österfeld|Stuttgart-Vaihingen|Stuttgart-Rohr|Goldberg(Württ)|Böblingen|Hulb|Ehningen(b Böblingen)|Gärtringen,8004490,Nufringen,Baden-Württemberg,Nufringen,71154,8.889817485,48.62010967,5,2606051210,,2606051210,,,,,,,,,c,c,0.0,0.0
-4197374811050490820-2606051122-24,7729,2606051225,2606051225,1,,S,S1,Plochingen|Altbach|Esslingen-Zell|Oberesslingen|Esslingen(Neckar)|Esslingen-Mettingen|Stuttgart-Obertürkheim|Stuttgart-Untertürkheim|Stuttgart Neckarpark|Stuttgart-Bad Cannstatt|Stuttgart Hbf (tief)|Stuttgart Stadtmitte|Stuttgart Feuersee|Stuttgart Schwabstr.|Stuttgart Universität|Stuttgart-Österfeld|Stuttgart-Vaihingen|Stuttgart-Rohr|Goldberg(Württ)|Böblingen|Hulb|Ehningen(b Böblingen)|Gärtringen,8004490,Nufringen,Baden-Württemberg,Nufringen,71154,8.889817485,48.62010967,5,2606051229,,2606051229,,,,,,,,,,,4.0,4.0
-5040164597006626382-2606051120-28,7129,2606051240,2606051240,1,,S,S1,Kirchheim(Teck)|Kirchheim(Teck)-Ötlingen|Wendlingen(Neckar)|Wernau(Neckar)|Plochingen|Altbach|Esslingen-Zell|Oberesslingen|Esslingen(Neckar)|Esslingen-Mettingen|Stuttgart-Obertürkheim|Stuttgart-Untertürkheim|Stuttgart Neckarpark|Stuttgart-Bad Cannstatt|Stuttgart Hbf (tief)|Stuttgart Stadtmitte|Stuttgart Feuersee|Stuttgart Schwabstr.|Stuttgart Universität|Stuttgart-Österfeld|Stuttgart-Vaihingen|Stuttgart-Rohr|Goldberg(Württ)|Böblingen|Hulb|Ehningen(b Böblingen)|Gärtringen,8004490,Nufringen,Baden-Württemberg,Nufringen,71154,8.889817485,48.62010967,5,2606051242,,2606051242,,,,,,,,,,,2.0,2.0
3410717060998267101-2606051216-2,7132,2606051219,2606051219,2,,S,S1,Herrenberg,8004490,Nufringen,Baden-Württemberg,Nufringen,71154,8.889817485,48.62010967,5,2606051224,,2606051225,,,,,,,,,,,5.0,6.0
2059911478828825113-2606051201-2,7728,2606051204,2606051204,2,,S,S1,Herrenberg,8004490,Nufringen,Baden-Württemberg,Nufringen,71154,8.889817485,48.62010967,5,2606051204,,2606051205,,,,,,,,,,,0.0,1.0
504511267373916834-2606051148-5,7828,2606051200,2606051200,2,,S,S2,Filderstadt|Stuttgart Flughafen/Messe|Echterdingen|Leinfelden,8004496,Oberaichen,Baden-Württemberg,Leinfelden-Echterdingen,70771,9.12743664,48.70512422,5,2606051200,,2606051201,,h,1,Bauarbeiten,,,,,,,0.0,1.0
6037380939760231204-2606051233-5,7230,2606051245,2606051245,2,,S,S2,Filderstadt|Stuttgart Flughafen/Messe|Echterdingen|Leinfelden,8004496,Oberaichen,Baden-Württemberg,Leinfelden-Echterdingen,70771,9.12743664,48.70512422,5,2606051245,,2606051247,,h,1,Bauarbeiten,,,,,,,0.0,2.0
3217859592210019920-2606051236-10,7827,2606051259,2606051259,1,,S,S2,Stuttgart-Bad Cannstatt|Stuttgart Hbf (tief)|Stuttgart Stadtmitte|Stuttgart Feuersee|Stuttgart Schwabstr.|Stuttgart Universität|Stuttgart-Österfeld|Stuttgart-Vaihingen|Stuttgart-Rohr,8004496,Oberaichen,Baden-Württemberg,Leinfelden-Echterdingen,70771,9.12743664,48.70512422,5,2606051301,,2606051302,,h,1,Bauarbeiten,,,,,,,2.0,3.0
-6103095444831223240-2606051210-14,7231,2606051244,2606051244,1,,S,S2,Waiblingen|Fellbach|Stuttgart-Sommerrain|Stuttgart Nürnberger Str.|Stuttgart-Bad Cannstatt|Stuttgart Hbf (tief)|Stuttgart Stadtmitte|Stuttgart Feuersee|Stuttgart Schwabstr.|Stuttgart Universität|Stuttgart-Österfeld|Stuttgart-Vaihingen|Stuttgart-Rohr,8004496,Oberaichen,Baden-Württemberg,Leinfelden-Echterdingen,70771,9.12743664,48.70512422,5,2606051246,,2606051247,,h,1,Bauarbeiten,,,,,,,2.0,3.0
-88152744654327027-2606051206-10,7825,2606051229,2606051229,1,,S,S2,Stuttgart-Bad Cannstatt|Stuttgart Hbf (tief)|Stuttgart Stadtmitte|Stuttgart Feuersee|Stuttgart Schwabstr.|Stuttgart Universität|Stuttgart-Österfeld|Stuttgart-Vaihingen|Stuttgart-Rohr,8004496,Oberaichen,Baden-Württemberg,Leinfelden-Echterdingen,70771,9.12743664,48.70512422,5,2606051229,,2606051229,,h,1,Bauarbeiten,,,,,,,0.0,0.0
-2230763094975584744-2606051140-14,7229,2606051214,2606051214,1,,S,S2,Waiblingen|Fellbach|Stuttgart-Sommerrain|Stuttgart Nürnberger Str.|Stuttgart-Bad Cannstatt|Stuttgart Hbf (tief)|Stuttgart Stadtmitte|Stuttgart Feuersee|Stuttgart Schwabstr.|Stuttgart Universität|Stuttgart-Österfeld|Stuttgart-Vaihingen|Stuttgart-Rohr,8004496,Oberaichen,Baden-Württemberg,Leinfelden-Echterdingen,70771,9.12743664,48.70512422,5,2606051218,,2606051218,,h,1,Bauarbeiten,,,,,,,4.0,4.0
6168129635936742431-2606051203-5,7228,2606051215,2606051215,2,,S,S2,Filderstadt|Stuttgart Flughafen/Messe|Echterdingen|Leinfelden,8004496,Oberaichen,Baden-Württemberg,Leinfelden-Echterdingen,70771,9.12743664,48.70512422,5,2606051218,,2606051219,,h,1,Bauarbeiten,,,,,,,3.0,4.0
-2740283852421142578-2606051218-5,7830,2606051230,2606051230,2,,S,S2,Filderstadt|Stuttgart Flughafen/Messe|Echterdingen|Leinfelden,8004496,Oberaichen,Baden-Württemberg,Leinfelden-Echterdingen,70771,9.12743664,48.70512422,5,2606051233,,2606051233,,h,1,Bauarbeiten,,,,,,,3.0,3.0
-6319936848544854600-2606051220-8,7133,2606051245,2606051245,3,,S,S1,Kirchheim(Teck)|Kirchheim(Teck)-Ötlingen|Wendlingen(Neckar)|Wernau(Neckar)|Plochingen|Altbach|Esslingen-Zell,8004528,Oberesslingen,Baden-Württemberg,Esslingen am Neckar,73730,9.327277435,48.72983585,3,2606051245,,2606051245,,,,,,,,,,,0.0,0.0
-1667866592525461048-2606051152-4,7731,2606051200,2606051200,3,,S,S1,Plochingen|Altbach|Esslingen-Zell,8004528,Oberesslingen,Baden-Württemberg,Esslingen am Neckar,73730,9.327277435,48.72983585,3,2606051200,,2606051200,,,,,,,,,,,0.0,0.0
1917902183543807700-2606051104-18,7724,2606051200,2606051200,4,,S,S1,Herrenberg|Böblingen|Goldberg(Württ)|Stuttgart-Rohr|Stuttgart-Vaihingen|Stuttgart-Österfeld|Stuttgart Universität|Stuttgart Schwabstr.|Stuttgart Feuersee|Stuttgart Stadtmitte|Stuttgart Hbf (tief)|Stuttgart-Bad Cannstatt|Stuttgart Neckarpark|Stuttgart-Untertürkheim|Stuttgart-Obertürkheim|Esslingen-Mettingen|Esslingen(Neckar),8004528,Oberesslingen,Baden-Württemberg,Esslingen am Neckar,73730,9.327277435,48.72983585,3,2606051204,,2606051205,,,,,,,,,,,4.0,5.0
1899806724872395697-2606051222-4,7733,2606051230,2606051230,3,,S,S1,Plochingen|Altbach|Esslingen-Zell,8004528,Oberesslingen,Baden-Württemberg,Esslingen am Neckar,73730,9.327277435,48.72983585,3,2606051230,,2606051231,,,,,,,,,,,0.0,1.0
-5759624544289762969-2606051146-22,7130,2606051245,2606051245,4,,S,S1,Herrenberg|Nufringen|Gärtringen|Ehningen(b Böblingen)|Hulb|Böblingen|Goldberg(Württ)|Stuttgart-Rohr|Stuttgart-Vaihingen|Stuttgart-Österfeld|Stuttgart Universität|Stuttgart Schwabstr.|Stuttgart Feuersee|Stuttgart Stadtmitte|Stuttgart Hbf (tief)|Stuttgart-Bad Cannstatt|Stuttgart Neckarpark|Stuttgart-Untertürkheim|Stuttgart-Obertürkheim|Esslingen-Mettingen|Esslingen(Neckar),8004528,Oberesslingen,Baden-Württemberg,Esslingen am Neckar,73730,9.327277435,48.72983585,3,2606051248,,2606051248,,,,,,,,,,,3.0,3.0
4736637014602700336-2606051150-8,7131,2606051215,2606051215,3,,S,S1,Kirchheim(Teck)|Kirchheim(Teck)-Ötlingen|Wendlingen(Neckar)|Wernau(Neckar)|Plochingen|Altbach|Esslingen-Zell,8004528,Oberesslingen,Baden-Württemberg,Esslingen am Neckar,73730,9.327277435,48.72983585,3,2606051215,,2606051215,,,,,,,,,,,0.0,0.0
3158900998064725317-2606051116-22,7128,2606051215,2606051215,4,,S,S1,Herrenberg|Nufringen|Gärtringen|Ehningen(b Böblingen)|Hulb|Böblingen|Goldberg(Württ)|Stuttgart-Rohr|Stuttgart-Vaihingen|Stuttgart-Österfeld|Stuttgart Universität|Stuttgart Schwabstr.|Stuttgart Feuersee|Stuttgart Stadtmitte|Stuttgart Hbf (tief)|Stuttgart-Bad Cannstatt|Stuttgart Neckarpark|Stuttgart-Untertürkheim|Stuttgart-Obertürkheim|Esslingen-Mettingen|Esslingen(Neckar),8004528,Oberesslingen,Baden-Württemberg,Esslingen am Neckar,73730,9.327277435,48.72983585,3,2606051222,,2606051222,,,,,,,,,,,7.0,7.0
1836435062166220832-2606051131-22,7726,2606051230,2606051230,4,,S,S1,Herrenberg|Nufringen|Gärtringen|Ehningen(b Böblingen)|Hulb|Böblingen|Goldberg(Württ)|Stuttgart-Rohr|Stuttgart-Vaihingen|Stuttgart-Österfeld|Stuttgart Universität|Stuttgart Schwabstr.|Stuttgart Feuersee|Stuttgart Stadtmitte|Stuttgart Hbf (tief)|Stuttgart-Bad Cannstatt|Stuttgart Neckarpark|Stuttgart-Untertürkheim|Stuttgart-Obertürkheim|Esslingen-Mettingen|Esslingen(Neckar),8004528,Oberesslingen,Baden-Württemberg,Esslingen am Neckar,73730,9.327277435,48.72983585,3,2606051233,,2606051233,,,,,,,,,,,3.0,3.0
7360062188173606239-2606051252-1,7735,,2606051252,,,S,S1,,8000302,Plochingen,Baden-Württemberg,Plochingen,73207,9.411294578,48.71293906,2,,,2606051252,,,,,,,,,,,0.0,0.0
5428406942819857702-2606051205-8,19230,2606051246,2606051247,7,,RE,MEX12,Tübingen Hbf|Reutlingen Hbf|Metzingen(Württ)|Bempflingen|Nürtingen|Oberboihingen|Wendlingen(Neckar),8000302,Plochingen,Baden-Württemberg,Plochingen,73207,9.411294578,48.71293906,2,2606051246,,2606051247,,h,2,Information,,,,,,,0.0,0.0
-5722273275463151764-2606051204-4,19139,2606051223,2606051233,6,,ARV,MEX16,Stuttgart Hbf|Stuttgart-Bad Cannstatt|Esslingen(Neckar),8000302,Plochingen,Baden-Württemberg,Plochingen,73207,9.411294578,48.71293906,2,2606051222,,2606051233,,,,,,,,,,,-1.0,0.0
-5756777586876270001-2606051032-8,4212,2606051202,2606051206,1,,RE,RE5,Aulendorf|Bad Schussenried|Biberach(Riß)|Laupheim West|Ulm Hbf|Geislingen(Steige)|Göppingen,8000302,Plochingen,Baden-Württemberg,Plochingen,73207,9.411294578,48.71293906,2,2606051204,,2606051206,,,,,,,,,,,2.0,0.0
-6319936848544854600-2606051220-5,7133,2606051235,2606051237,9,,S,S1,Kirchheim(Teck)|Kirchheim(Teck)-Ötlingen|Wendlingen(Neckar)|Wernau(Neckar),8000302,Plochingen,Baden-Württemberg,Plochingen,73207,9.411294578,48.71293906,2,2606051235,,2606051237,,,,,,,,,,,0.0,0.0
1917902183543807700-2606051104-21,7724,2606051208,,10,,S,,Herrenberg|Böblingen|Goldberg(Württ)|Stuttgart-Rohr|Stuttgart-Vaihingen|Stuttgart-Österfeld|Stuttgart Universität|Stuttgart Schwabstr.|Stuttgart Feuersee|Stuttgart Stadtmitte|Stuttgart Hbf (tief)|Stuttgart-Bad Cannstatt|Stuttgart Neckarpark|Stuttgart-Untertürkheim|Stuttgart-Obertürkheim|Esslingen-Mettingen|Esslingen(Neckar)|Oberesslingen|Esslingen-Zell|Altbach,8000302,Plochingen,Baden-Württemberg,Plochingen,73207,9.411294578,48.71293906,2,2606051212,,,,,,,,,,,,,4.0,0.0
-4362160255130481243-2606051143-19,19140,2606051256,2606051257,3,,ARV,MEX16,Ulm Hbf|Beimerstetten|Westerstetten|Lonsee|Urspring|Amstetten(Württ)|Geislingen(Steige)|Geislingen(Steige)West|Kuchen|Gingen(Fils)|Süßen|Salach|Eislingen(Fils)|Göppingen|Faurndau|Uhingen|Ebersbach(Fils)|Reichenbach(Fils),8000302,Plochingen,Baden-Württemberg,Plochingen,73207,9.411294578,48.71293906,2,2606051256,,2606051300,,,,,,,,,,,0.0,3.0
1899806724872395697-2606051222-1,7733,,2606051222,,,S,S1,,8000302,Plochingen,Baden-Württemberg,Plochingen,73207,9.411294578,48.71293906,2,,,2606051222,,,,,,,,,,,0.0,0.0
-2314932783489248204-2606051140-4,19191,2606051200,2606051200,6,,ARV,MEX16,Stuttgart Hbf|Stuttgart-Bad Cannstatt|Esslingen(Neckar),8000302,Plochingen,Baden-Württemberg,Plochingen,73207,9.411294578,48.71293906,2,2606051200,,2606051201,,,,,,,,,,,0.0,1.0
2297543165058573928-2606051237-3,4217,2606051254,2606051256,4,,RE,RE5,Stuttgart Hbf|Esslingen(Neckar),8000302,Plochingen,Baden-Württemberg,Plochingen,73207,9.411294578,48.71293906,2,2606051256,,2606051259,,,,,,,,,,,2.0,3.0
-5759624544289762969-2606051146-25,7130,2606051253,2606051255,9,,S,S1,Herrenberg|Nufringen|Gärtringen|Ehningen(b Böblingen)|Hulb|Böblingen|Goldberg(Württ)|Stuttgart-Rohr|Stuttgart-Vaihingen|Stuttgart-Österfeld|Stuttgart Universität|Stuttgart Schwabstr.|Stuttgart Feuersee|Stuttgart Stadtmitte|Stuttgart Hbf (tief)|Stuttgart-Bad Cannstatt|Stuttgart Neckarpark|Stuttgart-Untertürkheim|Stuttgart-Obertürkheim|Esslingen-Mettingen|Esslingen(Neckar)|Oberesslingen|Esslingen-Zell|Altbach,8000302,Plochingen,Baden-Württemberg,Plochingen,73207,9.411294578,48.71293906,2,2606051256,,2606051257,,,,,,,,,,,3.0,2.0
4736637014602700336-2606051150-5,7131,2606051205,2606051207,9,,S,S1,Kirchheim(Teck)|Kirchheim(Teck)-Ötlingen|Wendlingen(Neckar)|Wernau(Neckar),8000302,Plochingen,Baden-Württemberg,Plochingen,73207,9.411294578,48.71293906,2,2606051206,,2606051207,,,,,,,,,,,1.0,0.0
3158900998064725317-2606051116-25,7128,2606051223,2606051225,9,,S,S1,Herrenberg|Nufringen|Gärtringen|Ehningen(b Böblingen)|Hulb|Böblingen|Goldberg(Württ)|Stuttgart-Rohr|Stuttgart-Vaihingen|Stuttgart-Österfeld|Stuttgart Universität|Stuttgart Schwabstr.|Stuttgart Feuersee|Stuttgart Stadtmitte|Stuttgart Hbf (tief)|Stuttgart-Bad Cannstatt|Stuttgart Neckarpark|Stuttgart-Untertürkheim|Stuttgart-Obertürkheim|Esslingen-Mettingen|Esslingen(Neckar)|Oberesslingen|Esslingen-Zell|Altbach,8000302,Plochingen,Baden-Württemberg,Plochingen,73207,9.411294578,48.71293906,2,2606051230,,2606051230,,,,,,,,,,,7.0,5.0
-1993606386599546493-2606051148-13,19138,2606051228,2606051234,1,,ARV,MEX16,Geislingen(Steige)|Geislingen(Steige)West|Kuchen|Gingen(Fils)|Süßen|Salach|Eislingen(Fils)|Göppingen|Faurndau|Uhingen|Ebersbach(Fils)|Reichenbach(Fils),8000302,Plochingen,Baden-Württemberg,Plochingen,73207,9.411294578,48.71293906,2,2606051228,,2606051234,,,,,,,,,,,0.0,0.0
-3458622020077786212-2606051057-12,19221,2606051211,2606051212,9,,RE,MEX12,Heilbronn Hbf|Nordheim(Württ)|Lauffen(Neckar)|Kirchheim(Neckar)|Walheim(Württ)|Besigheim|Bietigheim-Bissingen|Ludwigsburg|Stuttgart Hbf|Stuttgart-Bad Cannstatt|Esslingen(Neckar),8000302,Plochingen,Baden-Württemberg,Plochingen,73207,9.411294578,48.71293906,2,2606051215,,2606051216,,h,2,Bauarbeiten,,,,,,,4.0,4.0
5127296555604559795-2606051036-25,19317,2606051242,2606051245,9,,RE,MEX18,Osterburken|Adelsheim Ost|Sennfeld|Roigheim|Möckmühl|Züttlingen|Siglingen|Neudenau|Herbolzheim(Jagst)|Untergriesheim|Bad Friedrichshall Hbf|Neckarsulm|Heilbronn Sülmertor|Heilbronn Hbf|Nordheim(Württ)|Lauffen(Neckar)|Kirchheim(Neckar)|Walheim(Württ)|Besigheim|Bietigheim-Bissingen|Ludwigsburg|Stuttgart Hbf|Stuttgart-Bad Cannstatt|Esslingen(Neckar),8000302,Plochingen,Baden-Württemberg,Plochingen,73207,9.411294578,48.71293906,2,2606051244,,2606051245,,h,2,Bauarbeiten,,,,,,,2.0,0.0
1836435062166220832-2606051131-25,7726,2606051238,,10,,S,,Herrenberg|Nufringen|Gärtringen|Ehningen(b Böblingen)|Hulb|Böblingen|Goldberg(Württ)|Stuttgart-Rohr|Stuttgart-Vaihingen|Stuttgart-Österfeld|Stuttgart Universität|Stuttgart Schwabstr.|Stuttgart Feuersee|Stuttgart Stadtmitte|Stuttgart Hbf (tief)|Stuttgart-Bad Cannstatt|Stuttgart Neckarpark|Stuttgart-Untertürkheim|Stuttgart-Obertürkheim|Esslingen-Mettingen|Esslingen(Neckar)|Oberesslingen|Esslingen-Zell|Altbach,8000302,Plochingen,Baden-Württemberg,Plochingen,73207,9.411294578,48.71293906,2,2606051240,,,,,,,,,,,,,2.0,0.0
5197957692469736326-2606051133-6,19316,2606051211,2606051212,6,,RE,MEX18,Tübingen Hbf|Reutlingen Hbf|Metzingen(Württ)|Nürtingen|Wendlingen(Neckar),8000302,Plochingen,Baden-Württemberg,Plochingen,73207,9.411294578,48.71293906,2,2606051213,,2606051214,,h,2,Information,,,,,,,2.0,2.0
7608028257592331283-2606051204-7,7029,2606051220,2606051226,2,,S,S60,Böblingen|Sindelfingen|Maichingen|Maichingen Nord|Magstadt|Renningen Süd,8000313,Renningen,Baden-Württemberg,Renningen,71272,8.932650148,48.77515509,3,2606051220,,2606051227,,,,,,,,,,,0.0,1.0
-4671468548274859337-2606051248-3,7931,2606051253,2606051256,2,,S,S6,Weil der Stadt|Malmsheim,8000313,Renningen,Baden-Württemberg,Renningen,71272,8.932650148,48.77515509,3,2606051255,,2606051256,,,,,,,,,,,2.0,0.0
-4444589756830246864-2606051218-3,7929,2606051223,2606051226,2,,S,S6,Weil der Stadt|Malmsheim,8000313,Renningen,Baden-Württemberg,Renningen,71272,8.932650148,48.77515509,3,2606051224,,2606051227,,,,,,,,,,,1.0,1.0
-4467381660354326502-2606051127-15,7930,2606051204,2606051207,3,,S,S6,Stuttgart Schwabstr.|Stuttgart Feuersee|Stuttgart Stadtmitte|Stuttgart Hbf (tief)|Stuttgart Nordbahnhof|Stuttgart-Feuerbach|Stuttgart-Zuffenhausen|Neuwirtshaus(Porscheplatz)|Korntal|Weilimdorf|Ditzingen|Höfingen|Leonberg|Rutesheim,8000313,Renningen,Baden-Württemberg,Renningen,71272,8.932650148,48.77515509,3,2606051208,,2606051209,,,,,,,,,,,4.0,2.0
-8244462081615470367-2606051234-7,7031,2606051250,2606051256,2,,S,S60,Böblingen|Sindelfingen|Maichingen|Maichingen Nord|Magstadt|Renningen Süd,8000313,Renningen,Baden-Württemberg,Renningen,71272,8.932650148,48.77515509,3,2606051251,,2606051256,,,,,,,,,,,1.0,0.0
3112151770582767081-2606051157-15,7932,2606051234,2606051237,3,,S,S6,Stuttgart Schwabstr.|Stuttgart Feuersee|Stuttgart Stadtmitte|Stuttgart Hbf (tief)|Stuttgart Nordbahnhof|Stuttgart-Feuerbach|Stuttgart-Zuffenhausen|Neuwirtshaus(Porscheplatz)|Korntal|Weilimdorf|Ditzingen|Höfingen|Leonberg|Rutesheim,8000313,Renningen,Baden-Württemberg,Renningen,71272,8.932650148,48.77515509,3,2606051235,,2606051237,,,,,,,,,,,1.0,0.0
-3839002302897574901-2606051157-15,7032,2606051234,2606051239,3,,S,S60,Stuttgart Schwabstr.|Stuttgart Feuersee|Stuttgart Stadtmitte|Stuttgart Hbf (tief)|Stuttgart Nordbahnhof|Stuttgart-Feuerbach|Stuttgart-Zuffenhausen|Neuwirtshaus(Porscheplatz)|Korntal|Weilimdorf|Ditzingen|Höfingen|Leonberg|Rutesheim,8000313,Renningen,Baden-Württemberg,Renningen,71272,8.932650148,48.77515509,3,2606051235,,2606051240,,,,,,,,,,,1.0,1.0
3519679731657304538-2606051142-15,7626,2606051219,2606051222,3,,S,S6,Stuttgart Schwabstr.|Stuttgart Feuersee|Stuttgart Stadtmitte|Stuttgart Hbf (tief)|Stuttgart Nordbahnhof|Stuttgart-Feuerbach|Stuttgart-Zuffenhausen|Neuwirtshaus(Porscheplatz)|Korntal|Weilimdorf|Ditzingen|Höfingen|Leonberg|Rutesheim,8000313,Renningen,Baden-Württemberg,Renningen,71272,8.932650148,48.77515509,3,2606051225,,2606051226,,,,,,,,,,,6.0,4.0
-7035220678398818959-2606051212-15,7628,2606051249,2606051252,3,,S,S6,Stuttgart Schwabstr.|Stuttgart Feuersee|Stuttgart Stadtmitte|Stuttgart Hbf (tief)|Stuttgart Nordbahnhof|Stuttgart-Feuerbach|Stuttgart-Zuffenhausen|Neuwirtshaus(Porscheplatz)|Korntal|Weilimdorf|Ditzingen|Höfingen|Leonberg|Rutesheim,8000313,Renningen,Baden-Württemberg,Renningen,71272,8.932650148,48.77515509,3,2606051252,,2606051252,,,,,,,,,,,3.0,0.0
6621898459612569085-2606051127-15,7030,2606051204,2606051209,3,,S,S60,Stuttgart Schwabstr.|Stuttgart Feuersee|Stuttgart Stadtmitte|Stuttgart Hbf (tief)|Stuttgart Nordbahnhof|Stuttgart-Feuerbach|Stuttgart-Zuffenhausen|Neuwirtshaus(Porscheplatz)|Korntal|Weilimdorf|Ditzingen|Höfingen|Leonberg|Rutesheim,8000313,Renningen,Baden-Württemberg,Renningen,71272,8.932650148,48.77515509,3,2606051208,,2606051211,,,,,,,,,,,4.0,2.0
-8922964933325247623-2606051233-3,7633,2606051237,2606051241,2,,S,S6,Weil der Stadt|Malmsheim,8000313,Renningen,Baden-Württemberg,Renningen,71272,8.932650148,48.77515509,3,2606051239,,2606051241,,,,,,,,,,,2.0,0.0
8207272767207255575-2606051203-3,7631,2606051207,2606051211,2,,S,S6,Weil der Stadt|Malmsheim,8000313,Renningen,Baden-Württemberg,Renningen,71272,8.932650148,48.77515509,3,2606051208,,2606051211,,,,,,,,,,,1.0,0.0
7608028257592331283-2606051204-8,7029,2606051228,2606051229,1,,S,S60,Böblingen|Sindelfingen|Maichingen|Maichingen Nord|Magstadt|Renningen Süd|Renningen,8005236,Rutesheim,Baden-Württemberg,Leonberg,71229,8.960325242,48.79031093,5,2606051229,,2606051230,,,,,,,,,,,1.0,1.0
-4671468548274859337-2606051248-4,7931,2606051258,2606051259,1,,S,S6,Weil der Stadt|Malmsheim|Renningen,8005236,Rutesheim,Baden-Württemberg,Leonberg,71229,8.960325242,48.79031093,5,2606051259,,2606051259,,,,,,,,,,,1.0,0.0
-4444589756830246864-2606051218-4,7929,2606051228,2606051229,1,,S,S6,Weil der Stadt|Malmsheim|Renningen,8005236,Rutesheim,Baden-Württemberg,Leonberg,71229,8.960325242,48.79031093,5,2606051229,,2606051230,,,,,,,,,,,1.0,1.0
-4467381660354326502-2606051127-14,7930,2606051201,2606051201,2,,S,S6,Stuttgart Schwabstr.|Stuttgart Feuersee|Stuttgart Stadtmitte|Stuttgart Hbf (tief)|Stuttgart Nordbahnhof|Stuttgart-Feuerbach|Stuttgart-Zuffenhausen|Neuwirtshaus(Porscheplatz)|Korntal|Weilimdorf|Ditzingen|Höfingen|Leonberg,8005236,Rutesheim,Baden-Württemberg,Leonberg,71229,8.960325242,48.79031093,5,2606051205,,2606051205,,,,,,,,,,,4.0,4.0
-8244462081615470367-2606051234-8,7031,2606051258,2606051259,1,,S,S60,Böblingen|Sindelfingen|Maichingen|Maichingen Nord|Magstadt|Renningen Süd|Renningen,8005236,Rutesheim,Baden-Württemberg,Leonberg,71229,8.960325242,48.79031093,5,2606051259,,2606051259,,,,,,,,,,,1.0,0.0
3112151770582767081-2606051157-14,7932,2606051231,2606051231,2,,S,S6,Stuttgart Schwabstr.|Stuttgart Feuersee|Stuttgart Stadtmitte|Stuttgart Hbf (tief)|Stuttgart Nordbahnhof|Stuttgart-Feuerbach|Stuttgart-Zuffenhausen|Neuwirtshaus(Porscheplatz)|Korntal|Weilimdorf|Ditzingen|Höfingen|Leonberg,8005236,Rutesheim,Baden-Württemberg,Leonberg,71229,8.960325242,48.79031093,5,2606051232,,2606051232,,,,,,,,,,,1.0,1.0
-3839002302897574901-2606051157-14,7032,2606051231,2606051231,2,,S,S60,Stuttgart Schwabstr.|Stuttgart Feuersee|Stuttgart Stadtmitte|Stuttgart Hbf (tief)|Stuttgart Nordbahnhof|Stuttgart-Feuerbach|Stuttgart-Zuffenhausen|Neuwirtshaus(Porscheplatz)|Korntal|Weilimdorf|Ditzingen|Höfingen|Leonberg,8005236,Rutesheim,Baden-Württemberg,Leonberg,71229,8.960325242,48.79031093,5,2606051232,,2606051232,,,,,,,,,,,1.0,1.0
3519679731657304538-2606051142-14,7626,2606051216,2606051216,2,,S,S6,Stuttgart Schwabstr.|Stuttgart Feuersee|Stuttgart Stadtmitte|Stuttgart Hbf (tief)|Stuttgart Nordbahnhof|Stuttgart-Feuerbach|Stuttgart-Zuffenhausen|Neuwirtshaus(Porscheplatz)|Korntal|Weilimdorf|Ditzingen|Höfingen|Leonberg,8005236,Rutesheim,Baden-Württemberg,Leonberg,71229,8.960325242,48.79031093,5,2606051223,,2606051223,,,,,,,,,,,7.0,7.0
-7035220678398818959-2606051212-14,7628,2606051246,2606051246,2,,S,S6,Stuttgart Schwabstr.|Stuttgart Feuersee|Stuttgart Stadtmitte|Stuttgart Hbf (tief)|Stuttgart Nordbahnhof|Stuttgart-Feuerbach|Stuttgart-Zuffenhausen|Neuwirtshaus(Porscheplatz)|Korntal|Weilimdorf|Ditzingen|Höfingen|Leonberg,8005236,Rutesheim,Baden-Württemberg,Leonberg,71229,8.960325242,48.79031093,5,2606051249,,2606051249,,,,,,,,,,,3.0,3.0
6621898459612569085-2606051127-14,7030,2606051201,2606051201,2,,S,S60,Stuttgart Schwabstr.|Stuttgart Feuersee|Stuttgart Stadtmitte|Stuttgart Hbf (tief)|Stuttgart Nordbahnhof|Stuttgart-Feuerbach|Stuttgart-Zuffenhausen|Neuwirtshaus(Porscheplatz)|Korntal|Weilimdorf|Ditzingen|Höfingen|Leonberg,8005236,Rutesheim,Baden-Württemberg,Leonberg,71229,8.960325242,48.79031093,5,2606051205,,2606051205,,,,,,,,,,,4.0,4.0
-8922964933325247623-2606051233-4,7633,2606051243,2606051244,1,,S,S6,Weil der Stadt|Malmsheim|Renningen,8005236,Rutesheim,Baden-Württemberg,Leonberg,71229,8.960325242,48.79031093,5,2606051244,,2606051244,,,,,,,,,,,1.0,0.0
8207272767207255575-2606051203-4,7631,2606051213,2606051214,1,,S,S6,Weil der Stadt|Malmsheim|Renningen,8005236,Rutesheim,Baden-Württemberg,Leonberg,71229,8.960325242,48.79031093,5,2606051214,,2606051214,,,,,,,,,,,1.0,0.0
-1631838863197296751-2606051149-10,3147,2606051209,,5,,WEG,,Rudersberg-Oberndorf|Rudersberg Nord|Rudersberg|Schlechtbach|Michelau(Württ)|Miedelsbach-Steinenberg|Haubersbronn Mitte|Haubersbronn|Schorndorf-Hammerschlag,8005424,Schorndorf,Baden-Württemberg,Schorndorf,73614,9.525686251,48.80693898,3,2606051210,,,,,,,,,,,,,1.0,0.0
99159737906578332-2606051220-1,3148,,2606051220,,,WEG,RB61,,8005424,Schorndorf,Baden-Württemberg,Schorndorf,73614,9.525686251,48.80693898,3,,,2606051220,,,,,,,,,,,0.0,0.0
-1196055844709932407-2606051219-10,3149,2606051239,,5,,WEG,,Rudersberg-Oberndorf|Rudersberg Nord|Rudersberg|Schlechtbach|Michelau(Württ)|Miedelsbach-Steinenberg|Haubersbronn Mitte|Haubersbronn|Schorndorf-Hammerschlag,8005424,Schorndorf,Baden-Württemberg,Schorndorf,73614,9.525686251,48.80693898,3,2606051241,,,,,,,,,,,,,2.0,0.0
-5450891858824446871-2606051250-1,3150,,2606051250,,,WEG,RB61,,8005424,Schorndorf,Baden-Württemberg,Schorndorf,73614,9.525686251,48.80693898,3,,,2606051251,,,,,,,,,,,0.0,1.0
-83917606962888125-2606051156-5,28325,2606051207,2606051208,1,,S,S3,Backnang|Maubach|Nellmersbach|Winnenden,8005454,Schwaikheim,Baden-Württemberg,Schwaikheim,71409,9.354747358,48.86832665,4,2606051213,,2606051213,,,,,,,,,,,6.0,5.0
-2797726383545175511-2606051226-5,28327,2606051237,2606051238,1,,S,S3,Backnang|Maubach|Nellmersbach|Winnenden,8005454,Schwaikheim,Baden-Württemberg,Schwaikheim,71409,9.354747358,48.86832665,4,,,,,,,,,,,,c,c,0.0,0.0
-97699751698418973-2606051241-5,7333,2606051252,2606051253,1,,S,S3,Backnang|Maubach|Nellmersbach|Winnenden,8005454,Schwaikheim,Baden-Württemberg,Schwaikheim,71409,9.354747358,48.86832665,4,2606051255,,2606051256,,,,,,,,,,,3.0,3.0
4960236751390972026-2606051200-14,7328,2606051236,2606051236,2,,S,S3,Stuttgart-Vaihingen|Stuttgart-Österfeld|Stuttgart Universität|Stuttgart Schwabstr.|Stuttgart Feuersee|Stuttgart Stadtmitte|Stuttgart Hbf (tief)|Stuttgart-Bad Cannstatt|Stuttgart Nürnberger Str.|Stuttgart-Sommerrain|Fellbach|Waiblingen|Neustadt-Hohenacker,8005454,Schwaikheim,Baden-Württemberg,Schwaikheim,71409,9.354747358,48.86832665,4,2606051240,,2606051240,,,,,,,,,,,4.0,4.0
8851012744564607240-2606051211-5,7331,2606051222,2606051223,1,,S,S3,Backnang|Maubach|Nellmersbach|Winnenden,8005454,Schwaikheim,Baden-Württemberg,Schwaikheim,71409,9.354747358,48.86832665,4,2606051223,,2606051224,,,,,,,,,,,1.0,1.0
5532078017754681393-2606051215-14,28326,2606051251,2606051251,2,,S,S3,Stuttgart-Vaihingen|Stuttgart-Österfeld|Stuttgart Universität|Stuttgart Schwabstr.|Stuttgart Feuersee|Stuttgart Stadtmitte|Stuttgart Hbf (tief)|Stuttgart-Bad Cannstatt|Stuttgart Nürnberger Str.|Stuttgart-Sommerrain|Fellbach|Waiblingen|Neustadt-Hohenacker,8005454,Schwaikheim,Baden-Württemberg,Schwaikheim,71409,9.354747358,48.86832665,4,2606051254,,2606051254,,,,,,,,,,,3.0,3.0
5274226899640306616-2606051145-14,28324,2606051221,2606051221,2,,S,S3,Stuttgart-Vaihingen|Stuttgart-Österfeld|Stuttgart Universität|Stuttgart Schwabstr.|Stuttgart Feuersee|Stuttgart Stadtmitte|Stuttgart Hbf (tief)|Stuttgart-Bad Cannstatt|Stuttgart Nürnberger Str.|Stuttgart-Sommerrain|Fellbach|Waiblingen|Neustadt-Hohenacker,8005454,Schwaikheim,Baden-Württemberg,Schwaikheim,71409,9.354747358,48.86832665,4,2606051229,,2606051230,,,,,,,,,,,8.0,9.0
-4536433194496505288-2606051130-14,7326,2606051206,2606051206,2,,S,S3,Stuttgart-Vaihingen|Stuttgart-Österfeld|Stuttgart Universität|Stuttgart Schwabstr.|Stuttgart Feuersee|Stuttgart Stadtmitte|Stuttgart Hbf (tief)|Stuttgart-Bad Cannstatt|Stuttgart Nürnberger Str.|Stuttgart-Sommerrain|Fellbach|Waiblingen|Neustadt-Hohenacker,8005454,Schwaikheim,Baden-Württemberg,Schwaikheim,71409,9.354747358,48.86832665,4,2606051216,,2606051216,,,,,,,,,c,c,10.0,10.0
7608028257592331283-2606051204-2,7029,2606051206,2606051207,1,,S,S60,Böblingen,8005574,Sindelfingen,Baden-Württemberg,Sindelfingen,71063,8.999262079,48.70387346,6,2606051206,,2606051207,,,,,,,,,,,0.0,0.0
-8244462081615470367-2606051234-2,7031,2606051236,2606051237,1,,S,S60,Böblingen,8005574,Sindelfingen,Baden-Württemberg,Sindelfingen,71063,8.999262079,48.70387346,6,2606051237,,2606051238,,,,,,,,,,,1.0,1.0
-3839002302897574901-2606051157-20,7032,2606051252,2606051253,1,,S,S60,Stuttgart Schwabstr.|Stuttgart Feuersee|Stuttgart Stadtmitte|Stuttgart Hbf (tief)|Stuttgart Nordbahnhof|Stuttgart-Feuerbach|Stuttgart-Zuffenhausen|Neuwirtshaus(Porscheplatz)|Korntal|Weilimdorf|Ditzingen|Höfingen|Leonberg|Rutesheim|Renningen|Renningen Süd|Magstadt|Maichingen Nord|Maichingen,8005574,Sindelfingen,Baden-Württemberg,Sindelfingen,71063,8.999262079,48.70387346,6,2606051253,,2606051253,,,,,,,,,,,1.0,0.0
6621898459612569085-2606051127-20,7030,2606051222,2606051223,1,,S,S60,Stuttgart Schwabstr.|Stuttgart Feuersee|Stuttgart Stadtmitte|Stuttgart Hbf (tief)|Stuttgart Nordbahnhof|Stuttgart-Feuerbach|Stuttgart-Zuffenhausen|Neuwirtshaus(Porscheplatz)|Korntal|Weilimdorf|Ditzingen|Höfingen|Leonberg|Rutesheim|Renningen|Renningen Süd|Magstadt|Maichingen Nord|Maichingen,8005574,Sindelfingen,Baden-Württemberg,Sindelfingen,71063,8.999262079,48.70387346,6,2606051224,,2606051224,,,,,,,,,,,2.0,1.0
-1630258412869265537-2606051200-1,119,,2606051200,,,ICE,,,8000096,Stuttgart Hbf,Baden-Württemberg,Stuttgart,70173,9.183172973,48.78473069,1,,,2606051201,15,,,,,,,,,,0.0,1.0
6665004006593220666-2606051228-1,50187,,2606051228,,,RE,IC87,,8000096,Stuttgart Hbf,Baden-Württemberg,Stuttgart,70173,9.183172973,48.78473069,1,,,2606051228,,h,1,Information,,,,,,,0.0,0.0
-3193439599918682335-2606051132-11,17530,2606051232,,1,,RB,,Gaildorf West|Fichtenberg|Fornsbach|Murrhardt|Sulzbach(Murr)|Oppenweiler(Württ)|Backnang|Winnenden|Waiblingen|Stuttgart-Bad Cannstatt,8000096,Stuttgart Hbf,Baden-Württemberg,Stuttgart,70173,9.183172973,48.78473069,1,2606051236,,,,,,,,,,,,,4.0,0.0
6869395830049887240-2606051211-1,19068,,2606051211,,,ARV,RE8,,8000096,Stuttgart Hbf,Baden-Württemberg,Stuttgart,70173,9.183172973,48.78473069,1,,,2606051212,,,,,,,,,,,0.0,1.0
-5722273275463151764-2606051204-1,19139,,2606051204,,,ARV,MEX16,,8000096,Stuttgart Hbf,Baden-Württemberg,Stuttgart,70173,9.183172973,48.78473069,1,,,2606051204,14,,,,,,,,,,0.0,0.0
-3197017655128514870-2606050839-9,219,2606051249,,16,,ICE,,Dortmund Hbf|Bochum Hbf|Essen Hbf|Duisburg Hbf|Düsseldorf Hbf|Köln Messe/Deutz Gl.11-12|Frankfurt(M) Flughafen Fernbf|Heidelberg Hbf,8000096,Stuttgart Hbf,Baden-Württemberg,Stuttgart,70173,9.183172973,48.78473069,1,,,,,,,,,,,,c,,0.0,0.0
700874854166477544-2606051228-1,187,,2606051228,,,IC,,,8000096,Stuttgart Hbf,Baden-Württemberg,Stuttgart,70173,9.183172973,48.78473069,1,,,2606051228,,h,1,Information,,,,,,,0.0,0.0
8993379184971619733-2606051035-13,50380,2606051243,,2,,RE,,Singen(Hohentwiel)|Engen|Tuttlingen|Spaichingen|Rottweil|Oberndorf(Neckar)|Sulz(Neckar)|Horb|Bondorf(b Herrenberg)|Gäufelden|Herrenberg|Böblingen,8000096,Stuttgart Hbf,Baden-Württemberg,Stuttgart,70173,9.183172973,48.78473069,1,2606051252,,,,h,1,Information,,,,,,,9.0,0.0
-5756777586876270001-2606051032-10,4212,2606051223,,13,,RE,,Aulendorf|Bad Schussenried|Biberach(Riß)|Laupheim West|Ulm Hbf|Geislingen(Steige)|Göppingen|Plochingen|Esslingen(Neckar),8000096,Stuttgart Hbf,Baden-Württemberg,Stuttgart,70173,9.183172973,48.78473069,1,2606051225,11,,,,,,,,,,,,2.0,0.0
8953531871725381468-2606051158-5,19384,2606051256,,13,,RE,,Tübingen Hbf|Reutlingen Hbf|Metzingen(Württ)|Nürtingen,8000096,Stuttgart Hbf,Baden-Württemberg,Stuttgart,70173,9.183172973,48.78473069,1,2606051256,,,,h,2,Information,,,,,,,0.0,0.0
4695358664547013286-2606051036-22,19136,2606051216,,10,,ARV,,Ulm Hbf|Beimerstetten|Westerstetten|Lonsee|Urspring|Amstetten(Württ)|Geislingen(Steige)|Geislingen(Steige)West|Kuchen|Gingen(Fils)|Süßen|Salach|Eislingen(Fils)|Göppingen|Faurndau|Uhingen|Ebersbach(Fils)|Reichenbach(Fils)|Plochingen|Esslingen(Neckar)|Stuttgart-Bad Cannstatt,8000096,Stuttgart Hbf,Baden-Württemberg,Stuttgart,70173,9.183172973,48.78473069,1,2606051222,13,,,,,,,,,,,,6.0,0.0
1394235487267718911-2606051242-1,19141,,2606051242,,,ARV,MEX16,,8000096,Stuttgart Hbf,Baden-Württemberg,Stuttgart,70173,9.183172973,48.78473069,1,,,2606051242,,,,,,,,,,,0.0,0.0
-7544419221773787313-2606050644-7,575,2606051241,,6,,ICE,,Hamburg Hbf|Hamburg-Harburg|Hannover Hbf|Göttingen|Kassel-Wilhelmshöhe|Frankfurt(Main)Hbf,8000096,Stuttgart Hbf,Baden-Württemberg,Stuttgart,70173,9.183172973,48.78473069,1,2606051319,,,,c,,,,,Hamburg Hbf|Hamburg-Harburg|Hannover Hbf|Göttingen|Kassel-Wilhelmshöhe|Frankfurt(Main)Hbf,,,,38.0,0.0
7844358081895785158-2606051019-4,918,2606051219,2606051226,9,,ICE,,München Hbf|Augsburg Hbf|Ulm Hbf,8000096,Stuttgart Hbf,Baden-Württemberg,Stuttgart,70173,9.183172973,48.78473069,1,2606051220,,2606051226,,c,,,,,,,,,1.0,0.0
-1916595935237351304-2606050950-7,2012,2606051259,2606051314,9,,IC,,Oberstdorf|Fischen|Immenstadt|Kempten(Allgäu)Hbf|Memmingen|Ulm Hbf,8000096,Stuttgart Hbf,Baden-Württemberg,Stuttgart,70173,9.183172973,48.78473069,1,2606051312,,2606051329,,c,,,,,,,,,13.0,15.0
7698261313813520999-2606051105-11,19228,2606051206,2606051219,11,,RE,MEX12,Tübingen Hbf|Reutlingen Hbf|Metzingen(Württ)|Bempflingen|Nürtingen|Oberboihingen|Wendlingen(Neckar)|Plochingen|Esslingen(Neckar)|Stuttgart-Bad Cannstatt,8000096,Stuttgart Hbf,Baden-Württemberg,Stuttgart,70173,9.183172973,48.78473069,1,2606051212,,2606051222,,h,2,Information,,,,,,,6.0,3.0
-567364517811325165-2606051217-1,17637,,2606051217,,,RE,RE14b,,8000096,Stuttgart Hbf,Baden-Württemberg,Stuttgart,70173,9.183172973,48.78473069,1,,,2606051217,,,,,,,,,,,0.0,0.0
2504979402186393238-2606051232-1,19014,,2606051232,,,ARV,RE1,,8000096,Stuttgart Hbf,Baden-Württemberg,Stuttgart,70173,9.183172973,48.78473069,1,,,2606051233,4,,,,,,,,,,0.0,1.0
-5042970796843621512-2606051157-9,19223,2606051242,2606051254,15,,RE,MEX12,Heilbronn Hbf|Nordheim(Württ)|Lauffen(Neckar)|Kirchheim(Neckar)|Walheim(Württ)|Besigheim|Bietigheim-Bissingen|Ludwigsburg,8000096,Stuttgart Hbf,Baden-Württemberg,Stuttgart,70173,9.183172973,48.78473069,1,2606051243,,2606051257,,h,2,Bauarbeiten,,,,,,,1.0,3.0
3705893801311502416-2606051205-3,565,2606051245,2606051251,13,,ICE,,Karlsruhe Hbf|Bruchsal,8000096,Stuttgart Hbf,Baden-Württemberg,Stuttgart,70173,9.183172973,48.78473069,1,2606051249,,2606051253,,h,3,Information,,,,,,,4.0,2.0
3529743929784818117-2606050937-15,380,2606051243,,2,,IC,,Zürich HB|Schaffhausen|Singen(Hohentwiel)|Engen|Tuttlingen|Spaichingen|Rottweil|Oberndorf(Neckar)|Sulz(Neckar)|Horb|Bondorf(b Herrenberg)|Gäufelden|Herrenberg|Böblingen,8000096,Stuttgart Hbf,Baden-Württemberg,Stuttgart,70173,9.183172973,48.78473069,1,2606051252,,,,h,1,Information,,,,,,,9.0,0.0
8104821914874127594-2606051259-1,19676,,2606051259,,,ARV,RE1,,8000096,Stuttgart Hbf,Baden-Württemberg,Stuttgart,70173,9.183172973,48.78473069,1,,,2606051300,,,,,,,,,,,0.0,1.0
2297543165058573928-2606051237-1,4217,,2606051237,,,RE,RE5,,8000096,Stuttgart Hbf,Baden-Württemberg,Stuttgart,70173,9.183172973,48.78473069,1,,,2606051238,14,,,,,,,,,,0.0,1.0
1360064575081714905-2606051045-5,598,2606051243,2606051249,9,,ICE,,München Hbf|München-Pasing|Augsburg Hbf|Ulm Hbf,8000096,Stuttgart Hbf,Baden-Württemberg,Stuttgart,70173,9.183172973,48.78473069,1,2606051246,,2606051251,,h,2,Information,,,,,,,3.0,2.0
6365727839651983627-2606050941-4,2164,2606051212,,8,,IC,,Nürnberg Hbf|Ansbach|Crailsheim,8000096,Stuttgart Hbf,Baden-Württemberg,Stuttgart,70173,9.183172973,48.78473069,1,2606051208,14,,,h,1,Störung,,,,,,,-4.0,0.0
-1993606386599546493-2606051148-16,19138,2606051253,,12,,ARV,,Geislingen(Steige)|Geislingen(Steige)West|Kuchen|Gingen(Fils)|Süßen|Salach|Eislingen(Fils)|Göppingen|Faurndau|Uhingen|Ebersbach(Fils)|Reichenbach(Fils)|Plochingen|Esslingen(Neckar)|Stuttgart-Bad Cannstatt,8000096,Stuttgart Hbf,Baden-Württemberg,Stuttgart,70173,9.183172973,48.78473069,1,2606051253,,,,,,,,,,,,,0.0,0.0
4286078100246831779-2606051217-1,17639,,2606051217,,,RE,RE14a,,8000096,Stuttgart Hbf,Baden-Württemberg,Stuttgart,70173,9.183172973,48.78473069,1,,,2606051217,,,,,,,,,,,0.0,0.0
3982192266941366031-2606051226-1,17527,,2606051226,,,RB,MEX19,,8000096,Stuttgart Hbf,Baden-Württemberg,Stuttgart,70173,9.183172973,48.78473069,1,,,2606051226,,,,,,,,,,,0.0,0.0
6512354943507599026-2606050503-16,515,2606051211,2606051217,15,,ICE,,Hamburg-Altona|Hamburg Dammtor|Hamburg Hbf|Hamburg-Harburg|Bremen Hbf|Osnabrück Hbf|Münster(Westf)Hbf|Dortmund Hbf|Bochum Hbf|Essen Hbf|Duisburg Hbf|Düsseldorf Hbf|Köln Hbf|Frankfurt(M) Flughafen Fernbf|Mannheim Hbf,8000096,Stuttgart Hbf,Baden-Württemberg,Stuttgart,70173,9.183172973,48.78473069,1,2606051230,,2606051235,,c,,,,,,,,,19.0,18.0
7213038134863444723-2606051114-14,19515,2606051209,,5,,RE,,Pforzheim Hbf|Eutingen(Baden)|Niefern|Enzberg|Mühlacker|Mühlacker Rößlesweg|Illingen(Württ)|Vaihingen(Enz)|Sersheim|Sachsenheim|Ellental|Bietigheim-Bissingen|Ludwigsburg,8000096,Stuttgart Hbf,Baden-Württemberg,Stuttgart,70173,9.183172973,48.78473069,1,2606051209,,,,h,2,Information,,,,,,,0.0,0.0
-3527127391718167941-2606051037-10,19065,2606051253,,7,,ARV,,Würzburg Hbf|Lauda|Osterburken|Möckmühl|Bad Friedrichshall Hbf|Neckarsulm|Heilbronn Hbf|Bietigheim-Bissingen|Ludwigsburg,8000096,Stuttgart Hbf,Baden-Württemberg,Stuttgart,70173,9.183172973,48.78473069,1,2606051253,,,,,,,,,,,,,0.0,0.0
3386742724916937636-2606051246-1,19514,,2606051246,,,RE,MEX17,,8000096,Stuttgart Hbf,Baden-Württemberg,Stuttgart,70173,9.183172973,48.78473069,1,,,2606051246,,h,2,Information,,,,,,,0.0,0.0
-3783637480998438710-2606051208-1,2069,,2606051208,,,IC,,,8000096,Stuttgart Hbf,Baden-Württemberg,Stuttgart,70173,9.183172973,48.78473069,1,,,2606051210,13,,,,,,,,,,0.0,2.0
-1975987368948360309-2606051103-10,17528,2606051202,,12,,RE,,Schwäbisch Hall-Hessental|Gaildorf West|Murrhardt|Sulzbach(Murr)|Oppenweiler(Württ)|Backnang|Winnenden|Waiblingen|Stuttgart-Bad Cannstatt,8000096,Stuttgart Hbf,Baden-Württemberg,Stuttgart,70173,9.183172973,48.78473069,1,2606051202,,,,,,,,,,,,,0.0,0.0
5127296555604559795-2606051036-22,19317,2606051215,2606051223,16,,RE,MEX18,Osterburken|Adelsheim Ost|Sennfeld|Roigheim|Möckmühl|Züttlingen|Siglingen|Neudenau|Herbolzheim(Jagst)|Untergriesheim|Bad Friedrichshall Hbf|Neckarsulm|Heilbronn Sülmertor|Heilbronn Hbf|Nordheim(Württ)|Lauffen(Neckar)|Kirchheim(Neckar)|Walheim(Württ)|Besigheim|Bietigheim-Bissingen|Ludwigsburg,8000096,Stuttgart Hbf,Baden-Württemberg,Stuttgart,70173,9.183172973,48.78473069,1,2606051215,,2606051223,,h,2,Bauarbeiten,,,,,,,0.0,0.0
-2544673030953853232-2606050909-6,2267,2606051219,,6,,ICE,,Basel Bad Bf|Müllheim im Markgräflerland|Freiburg(Breisgau) Hbf|Offenburg|Karlsruhe Hbf,8000096,Stuttgart Hbf,Baden-Württemberg,Stuttgart,70173,9.183172973,48.78473069,1,2606051213,,,,h,2,Information,,,,,,,-6.0,0.0
-7635674851184058793-2606051132-8,19013,2606051227,,4,,ARV,,Karlsruhe Hbf|Karlsruhe-Durlach|Weingarten(Baden)|Untergrombach|Bruchsal Bildungszentrum|Bruchsal|Vaihingen(Enz),8000096,Stuttgart Hbf,Baden-Württemberg,Stuttgart,70173,9.183172973,48.78473069,1,2606051236,10,,,,,,,,,,,,9.0,0.0
791009188262532597-2606051214-1,1242,,2606051214,,,FLX,10,,8000096,Stuttgart Hbf,Baden-Württemberg,Stuttgart,70173,9.183172973,48.78473069,1,,,2606051216,,,,,,,,,,,0.0,2.0
5197957692469736326-2606051133-9,19316,2606051231,2606051243,8,,RE,MEX18,Tübingen Hbf|Reutlingen Hbf|Metzingen(Württ)|Nürtingen|Wendlingen(Neckar)|Plochingen|Esslingen(Neckar)|Stuttgart-Bad Cannstatt,8000096,Stuttgart Hbf,Baden-Württemberg,Stuttgart,70173,9.183172973,48.78473069,1,2606051233,,2606051243,,h,2,Information,,,,,,,2.0,0.0
-6319936848544854600-2606051220-13,7133,2606051257,2606051257,1,,S,S1,Kirchheim(Teck)|Kirchheim(Teck)-Ötlingen|Wendlingen(Neckar)|Wernau(Neckar)|Plochingen|Altbach|Esslingen-Zell|Oberesslingen|Esslingen(Neckar)|Esslingen-Mettingen|Stuttgart-Obertürkheim|Stuttgart-Untertürkheim,8006743,Stuttgart Neckarpark,Baden-Württemberg,Stuttgart,70372,9.24106855,48.79194362,4,2606051257,,2606051257,,,,,,,,,,,0.0,0.0
-1667866592525461048-2606051152-9,7731,2606051212,2606051212,1,,S,S1,Plochingen|Altbach|Esslingen-Zell|Oberesslingen|Esslingen(Neckar)|Esslingen-Mettingen|Stuttgart-Obertürkheim|Stuttgart-Untertürkheim,8006743,Stuttgart Neckarpark,Baden-Württemberg,Stuttgart,70372,9.24106855,48.79194362,4,2606051212,,2606051212,,,,,,,,,,,0.0,0.0
1899806724872395697-2606051222-9,7733,2606051242,2606051242,1,,S,S1,Plochingen|Altbach|Esslingen-Zell|Oberesslingen|Esslingen(Neckar)|Esslingen-Mettingen|Stuttgart-Obertürkheim|Stuttgart-Untertürkheim,8006743,Stuttgart Neckarpark,Baden-Württemberg,Stuttgart,70372,9.24106855,48.79194362,4,2606051242,,2606051242,,,,,,,,,,,0.0,0.0
-5759624544289762969-2606051146-17,7130,2606051232,2606051232,2,,S,S1,Herrenberg|Nufringen|Gärtringen|Ehningen(b Böblingen)|Hulb|Böblingen|Goldberg(Württ)|Stuttgart-Rohr|Stuttgart-Vaihingen|Stuttgart-Österfeld|Stuttgart Universität|Stuttgart Schwabstr.|Stuttgart Feuersee|Stuttgart Stadtmitte|Stuttgart Hbf (tief)|Stuttgart-Bad Cannstatt,8006743,Stuttgart Neckarpark,Baden-Württemberg,Stuttgart,70372,9.24106855,48.79194362,4,2606051236,,2606051236,,,,,,,,,,,4.0,4.0
4736637014602700336-2606051150-13,7131,2606051227,2606051227,1,,S,S1,Kirchheim(Teck)|Kirchheim(Teck)-Ötlingen|Wendlingen(Neckar)|Wernau(Neckar)|Plochingen|Altbach|Esslingen-Zell|Oberesslingen|Esslingen(Neckar)|Esslingen-Mettingen|Stuttgart-Obertürkheim|Stuttgart-Untertürkheim,8006743,Stuttgart Neckarpark,Baden-Württemberg,Stuttgart,70372,9.24106855,48.79194362,4,2606051227,,2606051228,,,,,,,,,,,0.0,1.0
3158900998064725317-2606051116-17,7128,2606051202,2606051202,2,,S,S1,Herrenberg|Nufringen|Gärtringen|Ehningen(b Böblingen)|Hulb|Böblingen|Goldberg(Württ)|Stuttgart-Rohr|Stuttgart-Vaihingen|Stuttgart-Österfeld|Stuttgart Universität|Stuttgart Schwabstr.|Stuttgart Feuersee|Stuttgart Stadtmitte|Stuttgart Hbf (tief)|Stuttgart-Bad Cannstatt,8006743,Stuttgart Neckarpark,Baden-Württemberg,Stuttgart,70372,9.24106855,48.79194362,4,2606051211,,2606051211,,,,,,,,,,,9.0,9.0
2059911478828825113-2606051201-17,7728,2606051247,2606051247,2,,S,S1,Herrenberg|Nufringen|Gärtringen|Ehningen(b Böblingen)|Hulb|Böblingen|Goldberg(Württ)|Stuttgart-Rohr|Stuttgart-Vaihingen|Stuttgart-Österfeld|Stuttgart Universität|Stuttgart Schwabstr.|Stuttgart Feuersee|Stuttgart Stadtmitte|Stuttgart Hbf (tief)|Stuttgart-Bad Cannstatt,8006743,Stuttgart Neckarpark,Baden-Württemberg,Stuttgart,70372,9.24106855,48.79194362,4,2606051251,,2606051252,,,,,,,,,,,4.0,5.0
1836435062166220832-2606051131-17,7726,2606051217,2606051217,2,,S,S1,Herrenberg|Nufringen|Gärtringen|Ehningen(b Böblingen)|Hulb|Böblingen|Goldberg(Württ)|Stuttgart-Rohr|Stuttgart-Vaihingen|Stuttgart-Österfeld|Stuttgart Universität|Stuttgart Schwabstr.|Stuttgart Feuersee|Stuttgart Stadtmitte|Stuttgart Hbf (tief)|Stuttgart-Bad Cannstatt,8006743,Stuttgart Neckarpark,Baden-Württemberg,Stuttgart,70372,9.24106855,48.79194362,4,2606051221,,2606051222,,,,,,,,,,,4.0,5.0
3131517444573088003-2606051148-13,7927,2606051223,2606051224,4,,S,S6,Weil der Stadt|Malmsheim|Renningen|Rutesheim|Leonberg|Höfingen|Ditzingen|Weilimdorf|Korntal|Neuwirtshaus(Porscheplatz)|Stuttgart-Zuffenhausen|Stuttgart-Feuerbach,8005767,Stuttgart Nord,Baden-Württemberg,Stuttgard-Nord,70174,9.188061449,48.80374161,5,2606051224,,2606051225,,,,,,,,,,,1.0,1.0
3717617338847420907-2606051152-8,28465,2606051213,2606051214,4,,S,S5,Bietigheim-Bissingen|Tamm(Württ)|Asperg|Ludwigsburg|Kornwestheim Pbf|Stuttgart-Zuffenhausen|Stuttgart-Feuerbach,8005767,Stuttgart Nord,Baden-Württemberg,Stuttgard-Nord,70174,9.188061449,48.80374161,5,2606051213,,2606051214,,,,,,,,,,,0.0,0.0
-4501469853120362621-2606051210-9,28395,2606051233,2606051234,4,,S,S4,Marbach(Neckar)|Benningen(Neckar)|Freiberg(Neckar)|Favoritepark|Ludwigsburg|Kornwestheim Pbf|Stuttgart-Zuffenhausen|Stuttgart-Feuerbach,8005767,Stuttgart Nord,Baden-Württemberg,Stuttgard-Nord,70174,9.188061449,48.80374161,5,2606051235,,2606051236,,,,,,,,,,,2.0,2.0
5081771628023632994-2606051140-9,28393,2606051203,2606051204,4,,S,S4,Marbach(Neckar)|Benningen(Neckar)|Freiberg(Neckar)|Favoritepark|Ludwigsburg|Kornwestheim Pbf|Stuttgart-Zuffenhausen|Stuttgart-Feuerbach,8005767,Stuttgart Nord,Baden-Württemberg,Stuttgard-Nord,70174,9.188061449,48.80374161,5,2606051204,,2606051205,,,,,,,,,,,1.0,1.0
7608028257592331283-2606051204-17,7029,2606051253,2606051254,4,,S,S60,Böblingen|Sindelfingen|Maichingen|Maichingen Nord|Magstadt|Renningen Süd|Renningen|Rutesheim|Leonberg|Höfingen|Ditzingen|Weilimdorf|Korntal|Neuwirtshaus(Porscheplatz)|Stuttgart-Zuffenhausen|Stuttgart-Feuerbach,8005767,Stuttgart Nord,Baden-Württemberg,Stuttgard-Nord,70174,9.188061449,48.80374161,5,2606051256,,2606051257,,,,,,,,,,,3.0,3.0
-661438075088023210-2606051242-5,7630,2606051251,2606051251,3,,S,S6,Stuttgart Schwabstr.|Stuttgart Feuersee|Stuttgart Stadtmitte|Stuttgart Hbf (tief),8005767,Stuttgart Nord,Baden-Württemberg,Stuttgard-Nord,70174,9.188061449,48.80374161,5,2606051255,,2606051255,,,,,,,,,,,4.0,4.0
-4761009494772144822-2606051152-5,7528,2606051201,2606051201,3,,S,S5,Stuttgart Schwabstr.|Stuttgart Feuersee|Stuttgart Stadtmitte|Stuttgart Hbf (tief),8005767,Stuttgart Nord,Baden-Württemberg,Stuttgard-Nord,70174,9.188061449,48.80374161,5,2606051205,,2606051206,,,,,,,,,,,4.0,5.0
6534681549550626676-2606051217-5,28398,2606051226,2606051226,3,,S,S4,Stuttgart Schwabstr.|Stuttgart Feuersee|Stuttgart Stadtmitte|Stuttgart Hbf (tief),8005767,Stuttgart Nord,Baden-Württemberg,Stuttgard-Nord,70174,9.188061449,48.80374161,5,2606051230,,2606051231,,,,,,,,,,,4.0,5.0
-182569074075306425-2606051222-5,7530,2606051231,2606051231,3,,S,S5,Stuttgart Schwabstr.|Stuttgart Feuersee|Stuttgart Stadtmitte|Stuttgart Hbf (tief),8005767,Stuttgart Nord,Baden-Württemberg,Stuttgard-Nord,70174,9.188061449,48.80374161,5,2606051235,,2606051235,,,,,,,,,,,4.0,4.0
5693136962771673302-2606051232-5,7428,2606051241,2606051241,3,,S,S4,Stuttgart Schwabstr.|Stuttgart Feuersee|Stuttgart Stadtmitte|Stuttgart Hbf (tief),8005767,Stuttgart Nord,Baden-Württemberg,Stuttgard-Nord,70174,9.188061449,48.80374161,5,2606051245,,2606051245,,,,,,,,,,,4.0,4.0
8332536860707671559-2606051207-5,28464,2606051216,2606051216,3,,S,S5,Stuttgart Schwabstr.|Stuttgart Feuersee|Stuttgart Stadtmitte|Stuttgart Hbf (tief),8005767,Stuttgart Nord,Baden-Württemberg,Stuttgard-Nord,70174,9.188061449,48.80374161,5,2606051220,,2606051221,,,,,,,,,,,4.0,5.0
-3504815606642380245-2606051222-8,28467,2606051243,2606051244,4,,S,S5,Bietigheim-Bissingen|Tamm(Württ)|Asperg|Ludwigsburg|Kornwestheim Pbf|Stuttgart-Zuffenhausen|Stuttgart-Feuerbach,8005767,Stuttgart Nord,Baden-Württemberg,Stuttgard-Nord,70174,9.188061449,48.80374161,5,2606051243,,2606051244,,,,,,,,,,,0.0,0.0
-4444589756830246864-2606051218-13,7929,2606051253,2606051254,4,,S,S6,Weil der Stadt|Malmsheim|Renningen|Rutesheim|Leonberg|Höfingen|Ditzingen|Weilimdorf|Korntal|Neuwirtshaus(Porscheplatz)|Stuttgart-Zuffenhausen|Stuttgart-Feuerbach,8005767,Stuttgart Nord,Baden-Württemberg,Stuttgard-Nord,70174,9.188061449,48.80374161,5,2606051256,,2606051257,,,,,,,,,,,3.0,3.0
-144422822861230009-2606051237-8,7533,2606051258,2606051259,4,,S,S5,Bietigheim-Bissingen|Tamm(Württ)|Asperg|Ludwigsburg|Kornwestheim Pbf|Stuttgart-Zuffenhausen|Stuttgart-Feuerbach,8005767,Stuttgart Nord,Baden-Württemberg,Stuttgard-Nord,70174,9.188061449,48.80374161,5,2606051300,,2606051300,,,,,,,,,,,2.0,1.0
-3901454027336800522-2606051203-13,7431,2606051248,2606051249,4,,S,S4,Backnang|Burgstall(Murr)|Kirchberg(Murr)|Erdmannhausen|Marbach(Neckar)|Benningen(Neckar)|Freiberg(Neckar)|Favoritepark|Ludwigsburg|Kornwestheim Pbf|Stuttgart-Zuffenhausen|Stuttgart-Feuerbach,8005767,Stuttgart Nord,Baden-Württemberg,Stuttgard-Nord,70174,9.188061449,48.80374161,5,2606051253,,2606051254,,,,,,,,,,,5.0,5.0
6476044054617913836-2606051133-13,7629,2606051208,2606051209,4,,S,S6,Weil der Stadt|Malmsheim|Renningen|Rutesheim|Leonberg|Höfingen|Ditzingen|Weilimdorf|Korntal|Neuwirtshaus(Porscheplatz)|Stuttgart-Zuffenhausen|Stuttgart-Feuerbach,8005767,Stuttgart Nord,Baden-Württemberg,Stuttgard-Nord,70174,9.188061449,48.80374161,5,2606051209,,2606051209,,,,,,,,,,,1.0,0.0
-7003931357074639826-2606051227-5,7934,2606051236,2606051236,3,,S,S6,Stuttgart Schwabstr.|Stuttgart Feuersee|Stuttgart Stadtmitte|Stuttgart Hbf (tief),8005767,Stuttgart Nord,Baden-Württemberg,Stuttgard-Nord,70174,9.188061449,48.80374161,5,2606051239,,2606051239,,,,,,,,,,,3.0,3.0
-5995002106705392995-2606051247-5,28400,2606051256,2606051256,3,,S,S4,Stuttgart Schwabstr.|Stuttgart Feuersee|Stuttgart Stadtmitte|Stuttgart Hbf (tief),8005767,Stuttgart Nord,Baden-Württemberg,Stuttgard-Nord,70174,9.188061449,48.80374161,5,2606051259,,2606051300,,,,,,,,,,,3.0,4.0
3112151770582767081-2606051157-5,7932,2606051206,2606051206,3,,S,S6,Stuttgart Schwabstr.|Stuttgart Feuersee|Stuttgart Stadtmitte|Stuttgart Hbf (tief),8005767,Stuttgart Nord,Baden-Württemberg,Stuttgard-Nord,70174,9.188061449,48.80374161,5,2606051208,,2606051209,,,,,,,,,,,2.0,3.0
3655115014084866226-2606051237-5,28466,2606051246,2606051246,3,,S,S5,Stuttgart Schwabstr.|Stuttgart Feuersee|Stuttgart Stadtmitte|Stuttgart Hbf (tief),8005767,Stuttgart Nord,Baden-Württemberg,Stuttgard-Nord,70174,9.188061449,48.80374161,5,2606051250,,2606051251,,,,,,,,,,,4.0,5.0
-2997586613667252816-2606051134-17,7027,2606051223,2606051224,4,,S,S60,Böblingen|Sindelfingen|Maichingen|Maichingen Nord|Magstadt|Renningen Süd|Renningen|Rutesheim|Leonberg|Höfingen|Ditzingen|Weilimdorf|Korntal|Neuwirtshaus(Porscheplatz)|Stuttgart-Zuffenhausen|Stuttgart-Feuerbach,8005767,Stuttgart Nord,Baden-Württemberg,Stuttgard-Nord,70174,9.188061449,48.80374161,5,2606051224,,2606051225,,,,,,,,,,,1.0,1.0
-3839002302897574901-2606051157-5,7032,2606051206,2606051206,3,,S,S60,Stuttgart Schwabstr.|Stuttgart Feuersee|Stuttgart Stadtmitte|Stuttgart Hbf (tief),8005767,Stuttgart Nord,Baden-Württemberg,Stuttgard-Nord,70174,9.188061449,48.80374161,5,2606051208,,2606051209,,,,,,,,,,,2.0,3.0
-7035220678398818959-2606051212-5,7628,2606051221,2606051221,3,,S,S6,Stuttgart Schwabstr.|Stuttgart Feuersee|Stuttgart Stadtmitte|Stuttgart Hbf (tief),8005767,Stuttgart Nord,Baden-Württemberg,Stuttgard-Nord,70174,9.188061449,48.80374161,5,2606051225,,2606051225,,,,,,,,,,,4.0,4.0
2930744972942057808-2606051207-8,7531,2606051228,2606051229,4,,S,S5,Bietigheim-Bissingen|Tamm(Württ)|Asperg|Ludwigsburg|Kornwestheim Pbf|Stuttgart-Zuffenhausen|Stuttgart-Feuerbach,8005767,Stuttgart Nord,Baden-Württemberg,Stuttgard-Nord,70174,9.188061449,48.80374161,5,2606051231,,2606051232,,,,,,,,,,,3.0,3.0
-2837347101663805561-2606051133-13,7429,2606051218,2606051219,4,,S,S4,Backnang|Burgstall(Murr)|Kirchberg(Murr)|Erdmannhausen|Marbach(Neckar)|Benningen(Neckar)|Freiberg(Neckar)|Favoritepark|Ludwigsburg|Kornwestheim Pbf|Stuttgart-Zuffenhausen|Stuttgart-Feuerbach,8005767,Stuttgart Nord,Baden-Württemberg,Stuttgard-Nord,70174,9.188061449,48.80374161,5,2606051227,,2606051228,,,,,,,,,,,9.0,9.0
9194663872562058086-2606051227-5,7034,2606051236,2606051236,3,,S,S60,Stuttgart Schwabstr.|Stuttgart Feuersee|Stuttgart Stadtmitte|Stuttgart Hbf (tief),8005767,Stuttgart Nord,Baden-Württemberg,Stuttgard-Nord,70174,9.188061449,48.80374161,5,2606051239,,2606051239,,,,,,,,,,,3.0,3.0
8207272767207255575-2606051203-13,7631,2606051238,2606051239,4,,S,S6,Weil der Stadt|Malmsheim|Renningen|Rutesheim|Leonberg|Höfingen|Ditzingen|Weilimdorf|Korntal|Neuwirtshaus(Porscheplatz)|Stuttgart-Zuffenhausen|Stuttgart-Feuerbach,8005767,Stuttgart Nord,Baden-Württemberg,Stuttgard-Nord,70174,9.188061449,48.80374161,5,2606051238,,2606051240,,,,,,,,,,,0.0,1.0
5127975581387066276-2606051202-5,7426,2606051211,2606051211,3,,S,S4,Stuttgart Schwabstr.|Stuttgart Feuersee|Stuttgart Stadtmitte|Stuttgart Hbf (tief),8005767,Stuttgart Nord,Baden-Württemberg,Stuttgard-Nord,70174,9.188061449,48.80374161,5,2606051214,,2606051215,,,,,,,,,,,3.0,4.0
-83917606962888125-2606051156-10,28325,2606051222,2606051223,1,,S,S3,Backnang|Maubach|Nellmersbach|Winnenden|Schwaikheim|Neustadt-Hohenacker|Waiblingen|Fellbach|Stuttgart-Sommerrain,8004357,Stuttgart Nürnberger Straße,Baden-Württemberg,Stuttgart,70374,9.234576905,48.80656062,5,2606051226,,2606051226,,,,,,,,,,,4.0,3.0
-2797726383545175511-2606051226-10,28327,2606051252,2606051253,1,,S,S3,Backnang|Maubach|Nellmersbach|Winnenden|Schwaikheim|Neustadt-Hohenacker|Waiblingen|Fellbach|Stuttgart-Sommerrain,8004357,Stuttgart Nürnberger Straße,Baden-Württemberg,Stuttgart,70374,9.234576905,48.80656062,5,,,,,,,,,,,,c,c,0.0,0.0
4960236751390972026-2606051200-9,7328,2606051222,2606051222,4,,S,S3,Stuttgart-Vaihingen|Stuttgart-Österfeld|Stuttgart Universität|Stuttgart Schwabstr.|Stuttgart Feuersee|Stuttgart Stadtmitte|Stuttgart Hbf (tief)|Stuttgart-Bad Cannstatt,8004357,Stuttgart Nürnberger Straße,Baden-Württemberg,Stuttgart,70374,9.234576905,48.80656062,5,2606051226,,2606051226,,,,,,,,,,,4.0,4.0
8851012744564607240-2606051211-10,7331,2606051237,2606051238,1,,S,S3,Backnang|Maubach|Nellmersbach|Winnenden|Schwaikheim|Neustadt-Hohenacker|Waiblingen|Fellbach|Stuttgart-Sommerrain,8004357,Stuttgart Nürnberger Straße,Baden-Württemberg,Stuttgart,70374,9.234576905,48.80656062,5,2606051238,,2606051239,,,,,,,,,,,1.0,1.0
-6103095444831223240-2606051210-4,7231,2606051217,2606051218,1,,S,S2,Waiblingen|Fellbach|Stuttgart-Sommerrain,8004357,Stuttgart Nürnberger Straße,Baden-Württemberg,Stuttgart,70374,9.234576905,48.80656062,5,2606051219,,2606051219,,h,1,Bauarbeiten,,,,,,,2.0,1.0
5532078017754681393-2606051215-9,28326,2606051237,2606051237,4,,S,S3,Stuttgart-Vaihingen|Stuttgart-Österfeld|Stuttgart Universität|Stuttgart Schwabstr.|Stuttgart Feuersee|Stuttgart Stadtmitte|Stuttgart Hbf (tief)|Stuttgart-Bad Cannstatt,8004357,Stuttgart Nürnberger Straße,Baden-Württemberg,Stuttgart,70374,9.234576905,48.80656062,5,2606051241,,2606051241,,,,,,,,,,,4.0,4.0
-4376819822122462379-2606051133-15,7226,2606051212,2606051212,4,,S,S2,Filderstadt|Stuttgart Flughafen/Messe|Echterdingen|Leinfelden|Oberaichen|Stuttgart-Rohr|Stuttgart-Vaihingen|Stuttgart-Österfeld|Stuttgart Universität|Stuttgart Schwabstr.|Stuttgart Feuersee|Stuttgart Stadtmitte|Stuttgart Hbf (tief)|Stuttgart-Bad Cannstatt,8004357,Stuttgart Nürnberger Straße,Baden-Württemberg,Stuttgart,70374,9.234576905,48.80656062,5,2606051216,,2606051216,,h,1,Bauarbeiten,,,,,,,4.0,4.0
6168129635936742431-2606051203-15,7228,2606051242,2606051242,4,,S,S2,Filderstadt|Stuttgart Flughafen/Messe|Echterdingen|Leinfelden|Oberaichen|Stuttgart-Rohr|Stuttgart-Vaihingen|Stuttgart-Österfeld|Stuttgart Universität|Stuttgart Schwabstr.|Stuttgart Feuersee|Stuttgart Stadtmitte|Stuttgart Hbf (tief)|Stuttgart-Bad Cannstatt,8004357,Stuttgart Nürnberger Straße,Baden-Württemberg,Stuttgart,70374,9.234576905,48.80656062,5,2606051245,,2606051245,,h,1,Bauarbeiten,,,,,,,3.0,3.0
5274226899640306616-2606051145-9,28324,2606051207,2606051207,4,,S,S3,Stuttgart-Vaihingen|Stuttgart-Österfeld|Stuttgart Universität|Stuttgart Schwabstr.|Stuttgart Feuersee|Stuttgart Stadtmitte|Stuttgart Hbf (tief)|Stuttgart-Bad Cannstatt,8004357,Stuttgart Nürnberger Straße,Baden-Württemberg,Stuttgart,70374,9.234576905,48.80656062,5,2606051212,,2606051212,,,,,,,,,,,5.0,5.0
7206179278625566012-2606051230-9,7330,2606051252,2606051252,4,,S,S3,Stuttgart-Vaihingen|Stuttgart-Österfeld|Stuttgart Universität|Stuttgart Schwabstr.|Stuttgart Feuersee|Stuttgart Stadtmitte|Stuttgart Hbf (tief)|Stuttgart-Bad Cannstatt,8004357,Stuttgart Nürnberger Straße,Baden-Württemberg,Stuttgart,70374,9.234576905,48.80656062,5,2606051256,,2606051257,,,,,,,,,,,4.0,5.0
-3955134605586594139-2606051141-10,7329,2606051207,2606051208,1,,S,S3,Backnang|Maubach|Nellmersbach|Winnenden|Schwaikheim|Neustadt-Hohenacker|Waiblingen|Fellbach|Stuttgart-Sommerrain,8004357,Stuttgart Nürnberger Straße,Baden-Württemberg,Stuttgart,70374,9.234576905,48.80656062,5,2606051211,,2606051211,,,,,,,,,,,4.0,3.0
5033595252729371402-2606051240-4,7233,2606051247,2606051248,1,,S,S2,Waiblingen|Fellbach|Stuttgart-Sommerrain,8004357,Stuttgart Nürnberger Straße,Baden-Württemberg,Stuttgart,70374,9.234576905,48.80656062,5,2606051249,,2606051250,,h,1,Bauarbeiten,,,,,,,2.0,2.0
504511267373916834-2606051148-8,7828,2606051207,2606051207,2,,S,S2,Filderstadt|Stuttgart Flughafen/Messe|Echterdingen|Leinfelden|Oberaichen|Stuttgart-Rohr|Stuttgart-Vaihingen,8005779,Stuttgart Österfeld,Baden-Württemberg,Stuttgart,70563,9.116751457,48.73749946,4,2606051208,,2606051209,,h,1,Bauarbeiten,,,,,,,1.0,2.0
6037380939760231204-2606051233-8,7230,2606051252,2606051252,2,,S,S2,Filderstadt|Stuttgart Flughafen/Messe|Echterdingen|Leinfelden|Oberaichen|Stuttgart-Rohr|Stuttgart-Vaihingen,8005779,Stuttgart Österfeld,Baden-Württemberg,Stuttgart,70563,9.116751457,48.73749946,4,2606051254,,2606051255,,h,1,Bauarbeiten,,,,,,,2.0,3.0
41668567353075799-2606051231-10,7730,2606051257,2606051257,2,,S,S1,Herrenberg|Nufringen|Gärtringen|Ehningen(b Böblingen)|Hulb|Böblingen|Goldberg(Württ)|Stuttgart-Rohr|Stuttgart-Vaihingen,8005779,Stuttgart Österfeld,Baden-Württemberg,Stuttgart,70563,9.116751457,48.73749946,4,2606051258,,2606051259,,,,,,,,,,,1.0,2.0
-83917606962888125-2606051156-17,28325,2606051242,2606051242,1,,S,S3,Backnang|Maubach|Nellmersbach|Winnenden|Schwaikheim|Neustadt-Hohenacker|Waiblingen|Fellbach|Stuttgart-Sommerrain|Stuttgart Nürnberger Str.|Stuttgart-Bad Cannstatt|Stuttgart Hbf (tief)|Stuttgart Stadtmitte|Stuttgart Feuersee|Stuttgart Schwabstr.|Stuttgart Universität,8005779,Stuttgart Österfeld,Baden-Württemberg,Stuttgart,70563,9.116751457,48.73749946,4,2606051246,,2606051247,,,,,,,,,,,4.0,5.0
-6341375793071528498-2606051126-17,28323,2606051212,2606051212,1,,S,S3,Backnang|Maubach|Nellmersbach|Winnenden|Schwaikheim|Neustadt-Hohenacker|Waiblingen|Fellbach|Stuttgart-Sommerrain|Stuttgart Nürnberger Str.|Stuttgart-Bad Cannstatt|Stuttgart Hbf (tief)|Stuttgart Stadtmitte|Stuttgart Feuersee|Stuttgart Schwabstr.|Stuttgart Universität,8005779,Stuttgart Österfeld,Baden-Württemberg,Stuttgart,70563,9.116751457,48.73749946,4,2606051214,,2606051215,,,,,,,,,,,2.0,3.0
3217859592210019920-2606051236-7,7827,2606051252,2606051252,1,,S,S2,Stuttgart-Bad Cannstatt|Stuttgart Hbf (tief)|Stuttgart Stadtmitte|Stuttgart Feuersee|Stuttgart Schwabstr.|Stuttgart Universität,8005779,Stuttgart Österfeld,Baden-Württemberg,Stuttgart,70563,9.116751457,48.73749946,4,2606051255,,2606051255,,h,1,Bauarbeiten,,,,,,,3.0,3.0
-1667866592525461048-2606051152-16,7731,2606051232,2606051232,1,,S,S1,Plochingen|Altbach|Esslingen-Zell|Oberesslingen|Esslingen(Neckar)|Esslingen-Mettingen|Stuttgart-Obertürkheim|Stuttgart-Untertürkheim|Stuttgart Neckarpark|Stuttgart-Bad Cannstatt|Stuttgart Hbf (tief)|Stuttgart Stadtmitte|Stuttgart Feuersee|Stuttgart Schwabstr.|Stuttgart Universität,8005779,Stuttgart Österfeld,Baden-Württemberg,Stuttgart,70563,9.116751457,48.73749946,4,2606051235,,2606051235,,,,,,,,,,,3.0,3.0
4960236751390972026-2606051200-2,7328,2606051202,2606051202,2,,S,S3,Stuttgart-Vaihingen,8005779,Stuttgart Österfeld,Baden-Württemberg,Stuttgart,70563,9.116751457,48.73749946,4,2606051204,,2606051205,,,,,,,,,,,2.0,3.0
-4197374811050490820-2606051122-16,7729,2606051202,2606051202,1,,S,S1,Plochingen|Altbach|Esslingen-Zell|Oberesslingen|Esslingen(Neckar)|Esslingen-Mettingen|Stuttgart-Obertürkheim|Stuttgart-Untertürkheim|Stuttgart Neckarpark|Stuttgart-Bad Cannstatt|Stuttgart Hbf (tief)|Stuttgart Stadtmitte|Stuttgart Feuersee|Stuttgart Schwabstr.|Stuttgart Universität,8005779,Stuttgart Österfeld,Baden-Württemberg,Stuttgart,70563,9.116751457,48.73749946,4,2606051206,,2606051207,,,,,,,,,,,4.0,5.0
-5040164597006626382-2606051120-20,7129,2606051217,2606051217,1,,S,S1,Kirchheim(Teck)|Kirchheim(Teck)-Ötlingen|Wendlingen(Neckar)|Wernau(Neckar)|Plochingen|Altbach|Esslingen-Zell|Oberesslingen|Esslingen(Neckar)|Esslingen-Mettingen|Stuttgart-Obertürkheim|Stuttgart-Untertürkheim|Stuttgart Neckarpark|Stuttgart-Bad Cannstatt|Stuttgart Hbf (tief)|Stuttgart Stadtmitte|Stuttgart Feuersee|Stuttgart Schwabstr.|Stuttgart Universität,8005779,Stuttgart Österfeld,Baden-Württemberg,Stuttgart,70563,9.116751457,48.73749946,4,2606051219,,2606051220,,,,,,,,,,,2.0,3.0
8851012744564607240-2606051211-17,7331,2606051257,2606051257,1,,S,S3,Backnang|Maubach|Nellmersbach|Winnenden|Schwaikheim|Neustadt-Hohenacker|Waiblingen|Fellbach|Stuttgart-Sommerrain|Stuttgart Nürnberger Str.|Stuttgart-Bad Cannstatt|Stuttgart Hbf (tief)|Stuttgart Stadtmitte|Stuttgart Feuersee|Stuttgart Schwabstr.|Stuttgart Universität,8005779,Stuttgart Österfeld,Baden-Württemberg,Stuttgart,70563,9.116751457,48.73749946,4,2606051300,,2606051301,,,,,,,,,,,3.0,4.0
-6103095444831223240-2606051210-11,7231,2606051237,2606051237,1,,S,S2,Waiblingen|Fellbach|Stuttgart-Sommerrain|Stuttgart Nürnberger Str.|Stuttgart-Bad Cannstatt|Stuttgart Hbf (tief)|Stuttgart Stadtmitte|Stuttgart Feuersee|Stuttgart Schwabstr.|Stuttgart Universität,8005779,Stuttgart Österfeld,Baden-Württemberg,Stuttgart,70563,9.116751457,48.73749946,4,2606051238,,2606051240,,h,1,Bauarbeiten,,,,,,,1.0,3.0
5028335445624663016-2606051245-2,28328,2606051247,2606051247,2,,S,S3,Stuttgart-Vaihingen,8005779,Stuttgart Österfeld,Baden-Württemberg,Stuttgart,70563,9.116751457,48.73749946,4,2606051247,,2606051247,,,,,,,,,,,0.0,0.0
5532078017754681393-2606051215-2,28326,2606051217,2606051217,2,,S,S3,Stuttgart-Vaihingen,8005779,Stuttgart Österfeld,Baden-Württemberg,Stuttgart,70563,9.116751457,48.73749946,4,2606051217,,2606051218,,,,,,,,,,,0.0,1.0
-5759624544289762969-2606051146-10,7130,2606051212,2606051212,2,,S,S1,Herrenberg|Nufringen|Gärtringen|Ehningen(b Böblingen)|Hulb|Böblingen|Goldberg(Württ)|Stuttgart-Rohr|Stuttgart-Vaihingen,8005779,Stuttgart Österfeld,Baden-Württemberg,Stuttgart,70563,9.116751457,48.73749946,4,2606051213,,2606051214,,,,,,,,,,,1.0,2.0
4736637014602700336-2606051150-20,7131,2606051247,2606051247,1,,S,S1,Kirchheim(Teck)|Kirchheim(Teck)-Ötlingen|Wendlingen(Neckar)|Wernau(Neckar)|Plochingen|Altbach|Esslingen-Zell|Oberesslingen|Esslingen(Neckar)|Esslingen-Mettingen|Stuttgart-Obertürkheim|Stuttgart-Untertürkheim|Stuttgart Neckarpark|Stuttgart-Bad Cannstatt|Stuttgart Hbf (tief)|Stuttgart Stadtmitte|Stuttgart Feuersee|Stuttgart Schwabstr.|Stuttgart Universität,8005779,Stuttgart Österfeld,Baden-Württemberg,Stuttgart,70563,9.116751457,48.73749946,4,2606051250,,2606051250,,,,,,,,,,,3.0,3.0
-88152744654327027-2606051206-7,7825,2606051222,2606051222,1,,S,S2,Stuttgart-Bad Cannstatt|Stuttgart Hbf (tief)|Stuttgart Stadtmitte|Stuttgart Feuersee|Stuttgart Schwabstr.|Stuttgart Universität,8005779,Stuttgart Österfeld,Baden-Württemberg,Stuttgart,70563,9.116751457,48.73749946,4,2606051223,,2606051223,,h,1,Bauarbeiten,,,,,,,1.0,1.0
-2230763094975584744-2606051140-11,7229,2606051207,2606051207,1,,S,S2,Waiblingen|Fellbach|Stuttgart-Sommerrain|Stuttgart Nürnberger Str.|Stuttgart-Bad Cannstatt|Stuttgart Hbf (tief)|Stuttgart Stadtmitte|Stuttgart Feuersee|Stuttgart Schwabstr.|Stuttgart Universität,8005779,Stuttgart Österfeld,Baden-Württemberg,Stuttgart,70563,9.116751457,48.73749946,4,2606051210,,2606051211,,h,1,Bauarbeiten,,,,,,,3.0,4.0
6168129635936742431-2606051203-8,7228,2606051222,2606051222,2,,S,S2,Filderstadt|Stuttgart Flughafen/Messe|Echterdingen|Leinfelden|Oberaichen|Stuttgart-Rohr|Stuttgart-Vaihingen,8005779,Stuttgart Österfeld,Baden-Württemberg,Stuttgart,70563,9.116751457,48.73749946,4,2606051225,,2606051226,,h,1,Bauarbeiten,,,,,,,3.0,4.0
7206179278625566012-2606051230-2,7330,2606051232,2606051232,2,,S,S3,Stuttgart-Vaihingen,8005779,Stuttgart Österfeld,Baden-Württemberg,Stuttgart,70563,9.116751457,48.73749946,4,2606051234,,2606051235,,,,,,,,,,,2.0,3.0
-3955134605586594139-2606051141-17,7329,2606051227,2606051227,1,,S,S3,Backnang|Maubach|Nellmersbach|Winnenden|Schwaikheim|Neustadt-Hohenacker|Waiblingen|Fellbach|Stuttgart-Sommerrain|Stuttgart Nürnberger Str.|Stuttgart-Bad Cannstatt|Stuttgart Hbf (tief)|Stuttgart Stadtmitte|Stuttgart Feuersee|Stuttgart Schwabstr.|Stuttgart Universität,8005779,Stuttgart Österfeld,Baden-Württemberg,Stuttgart,70563,9.116751457,48.73749946,4,2606051230,,2606051230,,,,,,,,,,,3.0,3.0
3410717060998267101-2606051216-10,7132,2606051242,2606051242,2,,S,S1,Herrenberg|Nufringen|Gärtringen|Ehningen(b Böblingen)|Hulb|Böblingen|Goldberg(Württ)|Stuttgart-Rohr|Stuttgart-Vaihingen,8005779,Stuttgart Österfeld,Baden-Württemberg,Stuttgart,70563,9.116751457,48.73749946,4,2606051250,,2606051251,,,,,,,,,,,8.0,9.0
2059911478828825113-2606051201-10,7728,2606051227,2606051227,2,,S,S1,Herrenberg|Nufringen|Gärtringen|Ehningen(b Böblingen)|Hulb|Böblingen|Goldberg(Württ)|Stuttgart-Rohr|Stuttgart-Vaihingen,8005779,Stuttgart Österfeld,Baden-Württemberg,Stuttgart,70563,9.116751457,48.73749946,4,2606051230,,2606051231,,,,,,,,,,,3.0,4.0
-2740283852421142578-2606051218-8,7830,2606051237,2606051237,2,,S,S2,Filderstadt|Stuttgart Flughafen/Messe|Echterdingen|Leinfelden|Oberaichen|Stuttgart-Rohr|Stuttgart-Vaihingen,8005779,Stuttgart Österfeld,Baden-Württemberg,Stuttgart,70563,9.116751457,48.73749946,4,2606051240,,2606051240,,h,1,Bauarbeiten,,,,,,,3.0,3.0
504511267373916834-2606051148-9,7828,2606051209,2606051209,2,,S,S2,Filderstadt|Stuttgart Flughafen/Messe|Echterdingen|Leinfelden|Oberaichen|Stuttgart-Rohr|Stuttgart-Vaihingen|Stuttgart-Österfeld,8006513,Stuttgart Universität,Baden-Württemberg,Stuttgart,70569,9.105864214,48.74511762,4,2606051210,,2606051211,,h,1,Bauarbeiten,,,,,,,1.0,2.0
6037380939760231204-2606051233-9,7230,2606051254,2606051254,2,,S,S2,Filderstadt|Stuttgart Flughafen/Messe|Echterdingen|Leinfelden|Oberaichen|Stuttgart-Rohr|Stuttgart-Vaihingen|Stuttgart-Österfeld,8006513,Stuttgart Universität,Baden-Württemberg,Stuttgart,70569,9.105864214,48.74511762,4,2606051256,,2606051257,,h,1,Bauarbeiten,,,,,,,2.0,3.0
41668567353075799-2606051231-11,7730,2606051259,2606051259,2,,S,S1,Herrenberg|Nufringen|Gärtringen|Ehningen(b Böblingen)|Hulb|Böblingen|Goldberg(Württ)|Stuttgart-Rohr|Stuttgart-Vaihingen|Stuttgart-Österfeld,8006513,Stuttgart Universität,Baden-Württemberg,Stuttgart,70569,9.105864214,48.74511762,4,2606051300,,2606051301,,,,,,,,,,,1.0,2.0
-83917606962888125-2606051156-16,28325,2606051240,2606051240,1,,S,S3,Backnang|Maubach|Nellmersbach|Winnenden|Schwaikheim|Neustadt-Hohenacker|Waiblingen|Fellbach|Stuttgart-Sommerrain|Stuttgart Nürnberger Str.|Stuttgart-Bad Cannstatt|Stuttgart Hbf (tief)|Stuttgart Stadtmitte|Stuttgart Feuersee|Stuttgart Schwabstr.,8006513,Stuttgart Universität,Baden-Württemberg,Stuttgart,70569,9.105864214,48.74511762,4,2606051244,,2606051244,,,,,,,,,,,4.0,4.0
-6341375793071528498-2606051126-16,28323,2606051210,2606051210,1,,S,S3,Backnang|Maubach|Nellmersbach|Winnenden|Schwaikheim|Neustadt-Hohenacker|Waiblingen|Fellbach|Stuttgart-Sommerrain|Stuttgart Nürnberger Str.|Stuttgart-Bad Cannstatt|Stuttgart Hbf (tief)|Stuttgart Stadtmitte|Stuttgart Feuersee|Stuttgart Schwabstr.,8006513,Stuttgart Universität,Baden-Württemberg,Stuttgart,70569,9.105864214,48.74511762,4,2606051212,,2606051213,,,,,,,,,,,2.0,3.0
3217859592210019920-2606051236-6,7827,2606051250,2606051250,1,,S,S2,Stuttgart-Bad Cannstatt|Stuttgart Hbf (tief)|Stuttgart Stadtmitte|Stuttgart Feuersee|Stuttgart Schwabstr.,8006513,Stuttgart Universität,Baden-Württemberg,Stuttgart,70569,9.105864214,48.74511762,4,2606051253,,2606051254,,h,1,Bauarbeiten,,,,,,,3.0,4.0
-1667866592525461048-2606051152-15,7731,2606051230,2606051230,1,,S,S1,Plochingen|Altbach|Esslingen-Zell|Oberesslingen|Esslingen(Neckar)|Esslingen-Mettingen|Stuttgart-Obertürkheim|Stuttgart-Untertürkheim|Stuttgart Neckarpark|Stuttgart-Bad Cannstatt|Stuttgart Hbf (tief)|Stuttgart Stadtmitte|Stuttgart Feuersee|Stuttgart Schwabstr.,8006513,Stuttgart Universität,Baden-Württemberg,Stuttgart,70569,9.105864214,48.74511762,4,2606051233,,2606051233,,,,,,,,,,,3.0,3.0
4960236751390972026-2606051200-3,7328,2606051204,2606051204,2,,S,S3,Stuttgart-Vaihingen|Stuttgart-Österfeld,8006513,Stuttgart Universität,Baden-Württemberg,Stuttgart,70569,9.105864214,48.74511762,4,2606051206,,2606051207,,,,,,,,,,,2.0,3.0
-4197374811050490820-2606051122-15,7729,2606051200,2606051200,1,,S,S1,Plochingen|Altbach|Esslingen-Zell|Oberesslingen|Esslingen(Neckar)|Esslingen-Mettingen|Stuttgart-Obertürkheim|Stuttgart-Untertürkheim|Stuttgart Neckarpark|Stuttgart-Bad Cannstatt|Stuttgart Hbf (tief)|Stuttgart Stadtmitte|Stuttgart Feuersee|Stuttgart Schwabstr.,8006513,Stuttgart Universität,Baden-Württemberg,Stuttgart,70569,9.105864214,48.74511762,4,2606051203,,2606051205,,,,,,,,,,,3.0,5.0
-5040164597006626382-2606051120-19,7129,2606051215,2606051215,1,,S,S1,Kirchheim(Teck)|Kirchheim(Teck)-Ötlingen|Wendlingen(Neckar)|Wernau(Neckar)|Plochingen|Altbach|Esslingen-Zell|Oberesslingen|Esslingen(Neckar)|Esslingen-Mettingen|Stuttgart-Obertürkheim|Stuttgart-Untertürkheim|Stuttgart Neckarpark|Stuttgart-Bad Cannstatt|Stuttgart Hbf (tief)|Stuttgart Stadtmitte|Stuttgart Feuersee|Stuttgart Schwabstr.,8006513,Stuttgart Universität,Baden-Württemberg,Stuttgart,70569,9.105864214,48.74511762,4,2606051217,,2606051218,,,,,,,,,,,2.0,3.0
8851012744564607240-2606051211-16,7331,2606051255,2606051255,1,,S,S3,Backnang|Maubach|Nellmersbach|Winnenden|Schwaikheim|Neustadt-Hohenacker|Waiblingen|Fellbach|Stuttgart-Sommerrain|Stuttgart Nürnberger Str.|Stuttgart-Bad Cannstatt|Stuttgart Hbf (tief)|Stuttgart Stadtmitte|Stuttgart Feuersee|Stuttgart Schwabstr.,8006513,Stuttgart Universität,Baden-Württemberg,Stuttgart,70569,9.105864214,48.74511762,4,2606051258,,2606051259,,,,,,,,,,,3.0,4.0
-6103095444831223240-2606051210-10,7231,2606051235,2606051235,1,,S,S2,Waiblingen|Fellbach|Stuttgart-Sommerrain|Stuttgart Nürnberger Str.|Stuttgart-Bad Cannstatt|Stuttgart Hbf (tief)|Stuttgart Stadtmitte|Stuttgart Feuersee|Stuttgart Schwabstr.,8006513,Stuttgart Universität,Baden-Württemberg,Stuttgart,70569,9.105864214,48.74511762,4,2606051236,,2606051237,,h,1,Bauarbeiten,,,,,,,1.0,2.0
5028335445624663016-2606051245-3,28328,2606051249,2606051249,2,,S,S3,Stuttgart-Vaihingen|Stuttgart-Österfeld,8006513,Stuttgart Universität,Baden-Württemberg,Stuttgart,70569,9.105864214,48.74511762,4,2606051249,,2606051249,,,,,,,,,,,0.0,0.0
5532078017754681393-2606051215-3,28326,2606051219,2606051219,2,,S,S3,Stuttgart-Vaihingen|Stuttgart-Österfeld,8006513,Stuttgart Universität,Baden-Württemberg,Stuttgart,70569,9.105864214,48.74511762,4,2606051219,,2606051219,,,,,,,,,,,0.0,0.0
-5759624544289762969-2606051146-11,7130,2606051214,2606051214,2,,S,S1,Herrenberg|Nufringen|Gärtringen|Ehningen(b Böblingen)|Hulb|Böblingen|Goldberg(Württ)|Stuttgart-Rohr|Stuttgart-Vaihingen|Stuttgart-Österfeld,8006513,Stuttgart Universität,Baden-Württemberg,Stuttgart,70569,9.105864214,48.74511762,4,2606051215,,2606051216,,,,,,,,,,,1.0,2.0
4736637014602700336-2606051150-19,7131,2606051245,2606051245,1,,S,S1,Kirchheim(Teck)|Kirchheim(Teck)-Ötlingen|Wendlingen(Neckar)|Wernau(Neckar)|Plochingen|Altbach|Esslingen-Zell|Oberesslingen|Esslingen(Neckar)|Esslingen-Mettingen|Stuttgart-Obertürkheim|Stuttgart-Untertürkheim|Stuttgart Neckarpark|Stuttgart-Bad Cannstatt|Stuttgart Hbf (tief)|Stuttgart Stadtmitte|Stuttgart Feuersee|Stuttgart Schwabstr.,8006513,Stuttgart Universität,Baden-Württemberg,Stuttgart,70569,9.105864214,48.74511762,4,2606051248,,2606051249,,,,,,,,,,,3.0,4.0
-88152744654327027-2606051206-6,7825,2606051220,2606051220,1,,S,S2,Stuttgart-Bad Cannstatt|Stuttgart Hbf (tief)|Stuttgart Stadtmitte|Stuttgart Feuersee|Stuttgart Schwabstr.,8006513,Stuttgart Universität,Baden-Württemberg,Stuttgart,70569,9.105864214,48.74511762,4,2606051221,,2606051221,,h,1,Bauarbeiten,,,,,,,1.0,1.0
-2230763094975584744-2606051140-10,7229,2606051205,2606051205,1,,S,S2,Waiblingen|Fellbach|Stuttgart-Sommerrain|Stuttgart Nürnberger Str.|Stuttgart-Bad Cannstatt|Stuttgart Hbf (tief)|Stuttgart Stadtmitte|Stuttgart Feuersee|Stuttgart Schwabstr.,8006513,Stuttgart Universität,Baden-Württemberg,Stuttgart,70569,9.105864214,48.74511762,4,2606051208,,2606051209,,h,1,Bauarbeiten,,,,,,,3.0,4.0
6168129635936742431-2606051203-9,7228,2606051224,2606051224,2,,S,S2,Filderstadt|Stuttgart Flughafen/Messe|Echterdingen|Leinfelden|Oberaichen|Stuttgart-Rohr|Stuttgart-Vaihingen|Stuttgart-Österfeld,8006513,Stuttgart Universität,Baden-Württemberg,Stuttgart,70569,9.105864214,48.74511762,4,2606051227,,2606051228,,h,1,Bauarbeiten,,,,,,,3.0,4.0
7206179278625566012-2606051230-3,7330,2606051234,2606051234,2,,S,S3,Stuttgart-Vaihingen|Stuttgart-Österfeld,8006513,Stuttgart Universität,Baden-Württemberg,Stuttgart,70569,9.105864214,48.74511762,4,2606051236,,2606051237,,,,,,,,,,,2.0,3.0
-3955134605586594139-2606051141-16,7329,2606051225,2606051225,1,,S,S3,Backnang|Maubach|Nellmersbach|Winnenden|Schwaikheim|Neustadt-Hohenacker|Waiblingen|Fellbach|Stuttgart-Sommerrain|Stuttgart Nürnberger Str.|Stuttgart-Bad Cannstatt|Stuttgart Hbf (tief)|Stuttgart Stadtmitte|Stuttgart Feuersee|Stuttgart Schwabstr.,8006513,Stuttgart Universität,Baden-Württemberg,Stuttgart,70569,9.105864214,48.74511762,4,2606051228,,2606051228,,,,,,,,,,,3.0,3.0
3410717060998267101-2606051216-11,7132,2606051244,2606051244,2,,S,S1,Herrenberg|Nufringen|Gärtringen|Ehningen(b Böblingen)|Hulb|Böblingen|Goldberg(Württ)|Stuttgart-Rohr|Stuttgart-Vaihingen|Stuttgart-Österfeld,8006513,Stuttgart Universität,Baden-Württemberg,Stuttgart,70569,9.105864214,48.74511762,4,2606051252,,2606051253,,,,,,,,,,,8.0,9.0
2059911478828825113-2606051201-11,7728,2606051229,2606051229,2,,S,S1,Herrenberg|Nufringen|Gärtringen|Ehningen(b Böblingen)|Hulb|Böblingen|Goldberg(Württ)|Stuttgart-Rohr|Stuttgart-Vaihingen|Stuttgart-Österfeld,8006513,Stuttgart Universität,Baden-Württemberg,Stuttgart,70569,9.105864214,48.74511762,4,2606051232,,2606051233,,,,,,,,,,,3.0,4.0
-2740283852421142578-2606051218-9,7830,2606051239,2606051239,2,,S,S2,Filderstadt|Stuttgart Flughafen/Messe|Echterdingen|Leinfelden|Oberaichen|Stuttgart-Rohr|Stuttgart-Vaihingen|Stuttgart-Österfeld,8006513,Stuttgart Universität,Baden-Württemberg,Stuttgart,70569,9.105864214,48.74511762,4,2606051241,,2606051242,,h,1,Bauarbeiten,,,,,,,2.0,3.0
504511267373916834-2606051148-14,7828,2606051224,,3,,S,,Filderstadt|Stuttgart Flughafen/Messe|Echterdingen|Leinfelden|Oberaichen|Stuttgart-Rohr|Stuttgart-Vaihingen|Stuttgart-Österfeld|Stuttgart Universität|Stuttgart Schwabstr.|Stuttgart Feuersee|Stuttgart Stadtmitte|Stuttgart Hbf (tief),8005769,Stuttgart-Bad Cannstatt,Baden-Württemberg,Stuttgart,70372,9.217468636,48.80127978,3,2606051228,,,,h,1,Bauarbeiten,,,,,,,4.0,0.0
-83917606962888125-2606051156-11,28325,2606051225,2606051226,2,,S,S3,Backnang|Maubach|Nellmersbach|Winnenden|Schwaikheim|Neustadt-Hohenacker|Waiblingen|Fellbach|Stuttgart-Sommerrain|Stuttgart Nürnberger Str.,8005769,Stuttgart-Bad Cannstatt,Baden-Württemberg,Stuttgart,70372,9.217468636,48.80127978,3,2606051228,,2606051228,,,,,,,,,,,3.0,2.0
-3193439599918682335-2606051132-10,17530,2606051228,2606051228,1,,RB,MEX19,Gaildorf West|Fichtenberg|Fornsbach|Murrhardt|Sulzbach(Murr)|Oppenweiler(Württ)|Backnang|Winnenden|Waiblingen,8005769,Stuttgart-Bad Cannstatt,Baden-Württemberg,Stuttgart,70372,9.217468636,48.80127978,3,2606051231,,2606051232,,,,,,,,,,,3.0,4.0
-5722273275463151764-2606051204-2,19139,2606051207,2606051208,8,,ARV,MEX16,Stuttgart Hbf,8005769,Stuttgart-Bad Cannstatt,Baden-Württemberg,Stuttgart,70372,9.217468636,48.80127978,3,2606051207,,2606051208,,,,,,,,,,,0.0,0.0
-2797726383545175511-2606051226-11,28327,2606051255,2606051256,2,,S,S3,Backnang|Maubach|Nellmersbach|Winnenden|Schwaikheim|Neustadt-Hohenacker|Waiblingen|Fellbach|Stuttgart-Sommerrain|Stuttgart Nürnberger Str.,8005769,Stuttgart-Bad Cannstatt,Baden-Württemberg,Stuttgart,70372,9.217468636,48.80127978,3,,,2606051257,,,,,,,,,c,,0.0,1.0
3217859592210019920-2606051236-1,7827,,2606051236,,,S,S2,,8005769,Stuttgart-Bad Cannstatt,Baden-Württemberg,Stuttgart,70372,9.217468636,48.80127978,3,,,2606051237,,h,1,Bauarbeiten,,,,,,,0.0,1.0
4695358664547013286-2606051036-21,19136,2606051211,2606051212,5,,ARV,MEX16,Ulm Hbf|Beimerstetten|Westerstetten|Lonsee|Urspring|Amstetten(Württ)|Geislingen(Steige)|Geislingen(Steige)West|Kuchen|Gingen(Fils)|Süßen|Salach|Eislingen(Fils)|Göppingen|Faurndau|Uhingen|Ebersbach(Fils)|Reichenbach(Fils)|Plochingen|Esslingen(Neckar),8005769,Stuttgart-Bad Cannstatt,Baden-Württemberg,Stuttgart,70372,9.217468636,48.80127978,3,2606051215,,2606051216,,,,,,,,,,,4.0,4.0
1394235487267718911-2606051242-2,19141,2606051245,2606051246,8,,ARV,MEX16,Stuttgart Hbf,8005769,Stuttgart-Bad Cannstatt,Baden-Württemberg,Stuttgart,70372,9.217468636,48.80127978,3,2606051245,,2606051246,,,,,,,,,,,0.0,0.0
-1667866592525461048-2606051152-10,7731,2606051215,2606051216,2,,S,S1,Plochingen|Altbach|Esslingen-Zell|Oberesslingen|Esslingen(Neckar)|Esslingen-Mettingen|Stuttgart-Obertürkheim|Stuttgart-Untertürkheim|Stuttgart Neckarpark,8005769,Stuttgart-Bad Cannstatt,Baden-Württemberg,Stuttgart,70372,9.217468636,48.80127978,3,2606051215,1,2606051217,1,,,,,,,,,,0.0,1.0
4960236751390972026-2606051200-8,7328,2606051219,2606051219,3,,S,S3,Stuttgart-Vaihingen|Stuttgart-Österfeld|Stuttgart Universität|Stuttgart Schwabstr.|Stuttgart Feuersee|Stuttgart Stadtmitte|Stuttgart Hbf (tief),8005769,Stuttgart-Bad Cannstatt,Baden-Württemberg,Stuttgart,70372,9.217468636,48.80127978,3,2606051223,,2606051223,,,,,,,,,,,4.0,4.0
7698261313813520999-2606051105-10,19228,2606051202,2606051202,5,,RE,MEX12,Tübingen Hbf|Reutlingen Hbf|Metzingen(Württ)|Bempflingen|Nürtingen|Oberboihingen|Wendlingen(Neckar)|Plochingen|Esslingen(Neckar),8005769,Stuttgart-Bad Cannstatt,Baden-Württemberg,Stuttgart,70372,9.217468636,48.80127978,3,2606051207,,2606051208,,h,2,Information,,,,,,,5.0,6.0
-5040164597006626382-2606051120-14,7129,2606051200,2606051201,2,,S,S1,Kirchheim(Teck)|Kirchheim(Teck)-Ötlingen|Wendlingen(Neckar)|Wernau(Neckar)|Plochingen|Altbach|Esslingen-Zell|Oberesslingen|Esslingen(Neckar)|Esslingen-Mettingen|Stuttgart-Obertürkheim|Stuttgart-Untertürkheim|Stuttgart Neckarpark,8005769,Stuttgart-Bad Cannstatt,Baden-Württemberg,Stuttgart,70372,9.217468636,48.80127978,3,2606051200,,2606051202,,,,,,,,,,,0.0,1.0
8851012744564607240-2606051211-11,7331,2606051240,2606051241,2,,S,S3,Backnang|Maubach|Nellmersbach|Winnenden|Schwaikheim|Neustadt-Hohenacker|Waiblingen|Fellbach|Stuttgart-Sommerrain|Stuttgart Nürnberger Str.,8005769,Stuttgart-Bad Cannstatt,Baden-Württemberg,Stuttgart,70372,9.217468636,48.80127978,3,2606051241,,2606051242,,,,,,,,,,,1.0,1.0
-6103095444831223240-2606051210-5,7231,2606051220,2606051221,2,,S,S2,Waiblingen|Fellbach|Stuttgart-Sommerrain|Stuttgart Nürnberger Str.,8005769,Stuttgart-Bad Cannstatt,Baden-Württemberg,Stuttgart,70372,9.217468636,48.80127978,3,2606051222,,2606051222,,h,1,Bauarbeiten,,,,,,,2.0,1.0
1899806724872395697-2606051222-10,7733,2606051245,2606051246,2,,S,S1,Plochingen|Altbach|Esslingen-Zell|Oberesslingen|Esslingen(Neckar)|Esslingen-Mettingen|Stuttgart-Obertürkheim|Stuttgart-Untertürkheim|Stuttgart Neckarpark,8005769,Stuttgart-Bad Cannstatt,Baden-Württemberg,Stuttgart,70372,9.217468636,48.80127978,3,2606051245,,2606051246,,,,,,,,,,,0.0,0.0
-5042970796843621512-2606051157-10,19223,2606051257,2606051258,8,,RE,MEX12,Heilbronn Hbf|Nordheim(Württ)|Lauffen(Neckar)|Kirchheim(Neckar)|Walheim(Württ)|Besigheim|Bietigheim-Bissingen|Ludwigsburg|Stuttgart Hbf,8005769,Stuttgart-Bad Cannstatt,Baden-Württemberg,Stuttgart,70372,9.217468636,48.80127978,3,2606051300,,2606051301,,h,2,Bauarbeiten,,,,,,,3.0,3.0
5532078017754681393-2606051215-8,28326,2606051234,2606051234,4,,S,S3,Stuttgart-Vaihingen|Stuttgart-Österfeld|Stuttgart Universität|Stuttgart Schwabstr.|Stuttgart Feuersee|Stuttgart Stadtmitte|Stuttgart Hbf (tief),8005769,Stuttgart-Bad Cannstatt,Baden-Württemberg,Stuttgart,70372,9.217468636,48.80127978,3,2606051237,,2606051238,,,,,,,,,,,3.0,4.0
-5759624544289762969-2606051146-16,7130,2606051229,2606051229,4,,S,S1,Herrenberg|Nufringen|Gärtringen|Ehningen(b Böblingen)|Hulb|Böblingen|Goldberg(Württ)|Stuttgart-Rohr|Stuttgart-Vaihingen|Stuttgart-Österfeld|Stuttgart Universität|Stuttgart Schwabstr.|Stuttgart Feuersee|Stuttgart Stadtmitte|Stuttgart Hbf (tief),8005769,Stuttgart-Bad Cannstatt,Baden-Württemberg,Stuttgart,70372,9.217468636,48.80127978,3,2606051233,,2606051234,,,,,,,,,,,4.0,5.0
4736637014602700336-2606051150-14,7131,2606051230,2606051231,2,,S,S1,Kirchheim(Teck)|Kirchheim(Teck)-Ötlingen|Wendlingen(Neckar)|Wernau(Neckar)|Plochingen|Altbach|Esslingen-Zell|Oberesslingen|Esslingen(Neckar)|Esslingen-Mettingen|Stuttgart-Obertürkheim|Stuttgart-Untertürkheim|Stuttgart Neckarpark,8005769,Stuttgart-Bad Cannstatt,Baden-Württemberg,Stuttgart,70372,9.217468636,48.80127978,3,2606051232,,2606051234,,,,,,,,,,,2.0,3.0
-1993606386599546493-2606051148-15,19138,2606051247,2606051249,5,,ARV,MEX16,Geislingen(Steige)|Geislingen(Steige)West|Kuchen|Gingen(Fils)|Süßen|Salach|Eislingen(Fils)|Göppingen|Faurndau|Uhingen|Ebersbach(Fils)|Reichenbach(Fils)|Plochingen|Esslingen(Neckar),8005769,Stuttgart-Bad Cannstatt,Baden-Württemberg,Stuttgart,70372,9.217468636,48.80127978,3,2606051248,,2606051249,,,,,,,,,,,1.0,0.0
-4376819822122462379-2606051133-14,7226,2606051209,2606051209,3,,S,S2,Filderstadt|Stuttgart Flughafen/Messe|Echterdingen|Leinfelden|Oberaichen|Stuttgart-Rohr|Stuttgart-Vaihingen|Stuttgart-Österfeld|Stuttgart Universität|Stuttgart Schwabstr.|Stuttgart Feuersee|Stuttgart Stadtmitte|Stuttgart Hbf (tief),8005769,Stuttgart-Bad Cannstatt,Baden-Württemberg,Stuttgart,70372,9.217468636,48.80127978,3,2606051213,,2606051213,,h,1,Bauarbeiten,,,,,,,4.0,4.0
-88152744654327027-2606051206-1,7825,,2606051206,,,S,S2,,8005769,Stuttgart-Bad Cannstatt,Baden-Württemberg,Stuttgart,70372,9.217468636,48.80127978,3,,,2606051209,,h,1,Bauarbeiten,,,,,,,0.0,3.0
6168129635936742431-2606051203-14,7228,2606051239,2606051239,3,,S,S2,Filderstadt|Stuttgart Flughafen/Messe|Echterdingen|Leinfelden|Oberaichen|Stuttgart-Rohr|Stuttgart-Vaihingen|Stuttgart-Österfeld|Stuttgart Universität|Stuttgart Schwabstr.|Stuttgart Feuersee|Stuttgart Stadtmitte|Stuttgart Hbf (tief),8005769,Stuttgart-Bad Cannstatt,Baden-Württemberg,Stuttgart,70372,9.217468636,48.80127978,3,2606051242,,2606051242,,h,1,Bauarbeiten,,,,,,,3.0,3.0
3982192266941366031-2606051226-2,17527,2606051229,2606051230,7,,RB,MEX19,Stuttgart Hbf,8005769,Stuttgart-Bad Cannstatt,Baden-Württemberg,Stuttgart,70372,9.217468636,48.80127978,3,2606051230,,2606051231,,,,,,,,,,,1.0,1.0
5274226899640306616-2606051145-8,28324,2606051204,2606051204,4,,S,S3,Stuttgart-Vaihingen|Stuttgart-Österfeld|Stuttgart Universität|Stuttgart Schwabstr.|Stuttgart Feuersee|Stuttgart Stadtmitte|Stuttgart Hbf (tief),8005769,Stuttgart-Bad Cannstatt,Baden-Württemberg,Stuttgart,70372,9.217468636,48.80127978,3,2606051209,2,2606051209,2,,,,,,,,,,5.0,5.0
7206179278625566012-2606051230-8,7330,2606051249,2606051249,3,,S,S3,Stuttgart-Vaihingen|Stuttgart-Österfeld|Stuttgart Universität|Stuttgart Schwabstr.|Stuttgart Feuersee|Stuttgart Stadtmitte|Stuttgart Hbf (tief),8005769,Stuttgart-Bad Cannstatt,Baden-Württemberg,Stuttgart,70372,9.217468636,48.80127978,3,2606051253,,2606051254,,,,,,,,,,,4.0,5.0
-3955134605586594139-2606051141-11,7329,2606051210,2606051211,2,,S,S3,Backnang|Maubach|Nellmersbach|Winnenden|Schwaikheim|Neustadt-Hohenacker|Waiblingen|Fellbach|Stuttgart-Sommerrain|Stuttgart Nürnberger Str.,8005769,Stuttgart-Bad Cannstatt,Baden-Württemberg,Stuttgart,70372,9.217468636,48.80127978,3,2606051214,,2606051214,,,,,,,,,,,4.0,3.0
5127296555604559795-2606051036-23,19317,2606051227,2606051227,8,,RE,MEX18,Osterburken|Adelsheim Ost|Sennfeld|Roigheim|Möckmühl|Züttlingen|Siglingen|Neudenau|Herbolzheim(Jagst)|Untergriesheim|Bad Friedrichshall Hbf|Neckarsulm|Heilbronn Sülmertor|Heilbronn Hbf|Nordheim(Württ)|Lauffen(Neckar)|Kirchheim(Neckar)|Walheim(Württ)|Besigheim|Bietigheim-Bissingen|Ludwigsburg|Stuttgart Hbf,8005769,Stuttgart-Bad Cannstatt,Baden-Württemberg,Stuttgart,70372,9.217468636,48.80127978,3,2606051227,,2606051228,,h,2,Bauarbeiten,,,,,,,0.0,1.0
5033595252729371402-2606051240-5,7233,2606051250,2606051251,2,,S,S2,Waiblingen|Fellbach|Stuttgart-Sommerrain|Stuttgart Nürnberger Str.,8005769,Stuttgart-Bad Cannstatt,Baden-Württemberg,Stuttgart,70372,9.217468636,48.80127978,3,2606051252,,2606051253,,h,1,Bauarbeiten,,,,,,,2.0,2.0
3410717060998267101-2606051216-16,7132,2606051259,2606051259,4,,S,S1,Herrenberg|Nufringen|Gärtringen|Ehningen(b Böblingen)|Hulb|Böblingen|Goldberg(Württ)|Stuttgart-Rohr|Stuttgart-Vaihingen|Stuttgart-Österfeld|Stuttgart Universität|Stuttgart Schwabstr.|Stuttgart Feuersee|Stuttgart Stadtmitte|Stuttgart Hbf (tief),8005769,Stuttgart-Bad Cannstatt,Baden-Württemberg,Stuttgart,70372,9.217468636,48.80127978,3,2606051308,,2606051310,,,,,,,,,,,9.0,11.0
2059911478828825113-2606051201-16,7728,2606051244,2606051244,3,,S,S1,Herrenberg|Nufringen|Gärtringen|Ehningen(b Böblingen)|Hulb|Böblingen|Goldberg(Württ)|Stuttgart-Rohr|Stuttgart-Vaihingen|Stuttgart-Österfeld|Stuttgart Universität|Stuttgart Schwabstr.|Stuttgart Feuersee|Stuttgart Stadtmitte|Stuttgart Hbf (tief),8005769,Stuttgart-Bad Cannstatt,Baden-Württemberg,Stuttgart,70372,9.217468636,48.80127978,3,2606051248,,2606051248,,,,,,,,,,,4.0,4.0
1836435062166220832-2606051131-16,7726,2606051214,2606051214,3,,S,S1,Herrenberg|Nufringen|Gärtringen|Ehningen(b Böblingen)|Hulb|Böblingen|Goldberg(Württ)|Stuttgart-Rohr|Stuttgart-Vaihingen|Stuttgart-Österfeld|Stuttgart Universität|Stuttgart Schwabstr.|Stuttgart Feuersee|Stuttgart Stadtmitte|Stuttgart Hbf (tief),8005769,Stuttgart-Bad Cannstatt,Baden-Württemberg,Stuttgart,70372,9.217468636,48.80127978,3,2606051218,,2606051219,,,,,,,,,,,4.0,5.0
5197957692469736326-2606051133-8,19316,2606051225,2606051226,5,,RE,MEX18,Tübingen Hbf|Reutlingen Hbf|Metzingen(Württ)|Nürtingen|Wendlingen(Neckar)|Plochingen|Esslingen(Neckar),8005769,Stuttgart-Bad Cannstatt,Baden-Württemberg,Stuttgart,70372,9.217468636,48.80127978,3,2606051228,,2606051229,,h,2,Information,,,,,,,3.0,3.0
-2740283852421142578-2606051218-14,7830,2606051254,,3,,S,,Filderstadt|Stuttgart Flughafen/Messe|Echterdingen|Leinfelden|Oberaichen|Stuttgart-Rohr|Stuttgart-Vaihingen|Stuttgart-Österfeld|Stuttgart Universität|Stuttgart Schwabstr.|Stuttgart Feuersee|Stuttgart Stadtmitte|Stuttgart Hbf (tief),8005769,Stuttgart-Bad Cannstatt,Baden-Württemberg,Stuttgart,70372,9.217468636,48.80127978,3,2606051259,,,,h,1,Bauarbeiten,,,,,,,5.0,0.0
3131517444573088003-2606051148-12,7927,2606051221,2606051221,1,,S,S6,Weil der Stadt|Malmsheim|Renningen|Rutesheim|Leonberg|Höfingen|Ditzingen|Weilimdorf|Korntal|Neuwirtshaus(Porscheplatz)|Stuttgart-Zuffenhausen,8005770,Stuttgart-Feuerbach,Baden-Württemberg,Feuerbach,70469,9.169186287,48.81363554,3,2606051222,,2606051222,,,,,,,,,,,1.0,1.0
3717617338847420907-2606051152-7,28465,2606051211,2606051211,1,,S,S5,Bietigheim-Bissingen|Tamm(Württ)|Asperg|Ludwigsburg|Kornwestheim Pbf|Stuttgart-Zuffenhausen,8005770,Stuttgart-Feuerbach,Baden-Württemberg,Feuerbach,70469,9.169186287,48.81363554,3,2606051211,,2606051211,,,,,,,,,,,0.0,0.0
-4501469853120362621-2606051210-8,28395,2606051231,2606051231,1,,S,S4,Marbach(Neckar)|Benningen(Neckar)|Freiberg(Neckar)|Favoritepark|Ludwigsburg|Kornwestheim Pbf|Stuttgart-Zuffenhausen,8005770,Stuttgart-Feuerbach,Baden-Württemberg,Feuerbach,70469,9.169186287,48.81363554,3,2606051232,,2606051232,,,,,,,,,,,1.0,1.0
5081771628023632994-2606051140-8,28393,2606051201,2606051201,1,,S,S4,Marbach(Neckar)|Benningen(Neckar)|Freiberg(Neckar)|Favoritepark|Ludwigsburg|Kornwestheim Pbf|Stuttgart-Zuffenhausen,8005770,Stuttgart-Feuerbach,Baden-Württemberg,Feuerbach,70469,9.169186287,48.81363554,3,2606051201,,2606051202,,,,,,,,,,,0.0,1.0
7608028257592331283-2606051204-16,7029,2606051251,2606051251,1,,S,S60,Böblingen|Sindelfingen|Maichingen|Maichingen Nord|Magstadt|Renningen Süd|Renningen|Rutesheim|Leonberg|Höfingen|Ditzingen|Weilimdorf|Korntal|Neuwirtshaus(Porscheplatz)|Stuttgart-Zuffenhausen,8005770,Stuttgart-Feuerbach,Baden-Württemberg,Feuerbach,70469,9.169186287,48.81363554,3,2606051254,,2606051255,,,,,,,,,,,3.0,4.0
-661438075088023210-2606051242-6,7630,2606051253,2606051254,2,,S,S6,Stuttgart Schwabstr.|Stuttgart Feuersee|Stuttgart Stadtmitte|Stuttgart Hbf (tief)|Stuttgart Nordbahnhof,8005770,Stuttgart-Feuerbach,Baden-Württemberg,Feuerbach,70469,9.169186287,48.81363554,3,2606051257,,2606051257,,,,,,,,,,,4.0,3.0
-4761009494772144822-2606051152-6,7528,2606051203,2606051204,2,,S,S5,Stuttgart Schwabstr.|Stuttgart Feuersee|Stuttgart Stadtmitte|Stuttgart Hbf (tief)|Stuttgart Nordbahnhof,8005770,Stuttgart-Feuerbach,Baden-Württemberg,Feuerbach,70469,9.169186287,48.81363554,3,2606051208,,2606051208,,,,,,,,,,,5.0,4.0
6534681549550626676-2606051217-6,28398,2606051228,2606051229,2,,S,S4,Stuttgart Schwabstr.|Stuttgart Feuersee|Stuttgart Stadtmitte|Stuttgart Hbf (tief)|Stuttgart Nordbahnhof,8005770,Stuttgart-Feuerbach,Baden-Württemberg,Feuerbach,70469,9.169186287,48.81363554,3,2606051232,,2606051233,,,,,,,,,,,4.0,4.0
-182569074075306425-2606051222-6,7530,2606051233,2606051234,2,,S,S5,Stuttgart Schwabstr.|Stuttgart Feuersee|Stuttgart Stadtmitte|Stuttgart Hbf (tief)|Stuttgart Nordbahnhof,8005770,Stuttgart-Feuerbach,Baden-Württemberg,Feuerbach,70469,9.169186287,48.81363554,3,2606051237,,2606051237,,,,,,,,,,,4.0,3.0
5693136962771673302-2606051232-6,7428,2606051243,2606051244,2,,S,S4,Stuttgart Schwabstr.|Stuttgart Feuersee|Stuttgart Stadtmitte|Stuttgart Hbf (tief)|Stuttgart Nordbahnhof,8005770,Stuttgart-Feuerbach,Baden-Württemberg,Feuerbach,70469,9.169186287,48.81363554,3,2606051247,,2606051247,,,,,,,,,,,4.0,3.0
8332536860707671559-2606051207-6,28464,2606051218,2606051219,2,,S,S5,Stuttgart Schwabstr.|Stuttgart Feuersee|Stuttgart Stadtmitte|Stuttgart Hbf (tief)|Stuttgart Nordbahnhof,8005770,Stuttgart-Feuerbach,Baden-Württemberg,Feuerbach,70469,9.169186287,48.81363554,3,2606051222,,2606051223,,,,,,,,,,,4.0,4.0
-3504815606642380245-2606051222-7,28467,2606051241,2606051241,1,,S,S5,Bietigheim-Bissingen|Tamm(Württ)|Asperg|Ludwigsburg|Kornwestheim Pbf|Stuttgart-Zuffenhausen,8005770,Stuttgart-Feuerbach,Baden-Württemberg,Feuerbach,70469,9.169186287,48.81363554,3,2606051241,,2606051242,,,,,,,,,,,0.0,1.0
-4444589756830246864-2606051218-12,7929,2606051251,2606051251,1,,S,S6,Weil der Stadt|Malmsheim|Renningen|Rutesheim|Leonberg|Höfingen|Ditzingen|Weilimdorf|Korntal|Neuwirtshaus(Porscheplatz)|Stuttgart-Zuffenhausen,8005770,Stuttgart-Feuerbach,Baden-Württemberg,Feuerbach,70469,9.169186287,48.81363554,3,2606051254,,2606051255,,,,,,,,,,,3.0,4.0
-144422822861230009-2606051237-7,7533,2606051256,2606051256,1,,S,S5,Bietigheim-Bissingen|Tamm(Württ)|Asperg|Ludwigsburg|Kornwestheim Pbf|Stuttgart-Zuffenhausen,8005770,Stuttgart-Feuerbach,Baden-Württemberg,Feuerbach,70469,9.169186287,48.81363554,3,2606051257,,2606051258,,,,,,,,,,,1.0,2.0
-3901454027336800522-2606051203-12,7431,2606051246,2606051246,1,,S,S4,Backnang|Burgstall(Murr)|Kirchberg(Murr)|Erdmannhausen|Marbach(Neckar)|Benningen(Neckar)|Freiberg(Neckar)|Favoritepark|Ludwigsburg|Kornwestheim Pbf|Stuttgart-Zuffenhausen,8005770,Stuttgart-Feuerbach,Baden-Württemberg,Feuerbach,70469,9.169186287,48.81363554,3,2606051251,,2606051252,,,,,,,,,,,5.0,6.0
6476044054617913836-2606051133-12,7629,2606051206,2606051206,1,,S,S6,Weil der Stadt|Malmsheim|Renningen|Rutesheim|Leonberg|Höfingen|Ditzingen|Weilimdorf|Korntal|Neuwirtshaus(Porscheplatz)|Stuttgart-Zuffenhausen,8005770,Stuttgart-Feuerbach,Baden-Württemberg,Feuerbach,70469,9.169186287,48.81363554,3,2606051206,,2606051207,,,,,,,,,,,0.0,1.0
-7003931357074639826-2606051227-6,7934,2606051238,2606051239,2,,S,S6,Stuttgart Schwabstr.|Stuttgart Feuersee|Stuttgart Stadtmitte|Stuttgart Hbf (tief)|Stuttgart Nordbahnhof,8005770,Stuttgart-Feuerbach,Baden-Württemberg,Feuerbach,70469,9.169186287,48.81363554,3,2606051240,,2606051241,,,,,,,,,,,2.0,2.0
-5995002106705392995-2606051247-6,28400,2606051258,2606051259,2,,S,S4,Stuttgart Schwabstr.|Stuttgart Feuersee|Stuttgart Stadtmitte|Stuttgart Hbf (tief)|Stuttgart Nordbahnhof,8005770,Stuttgart-Feuerbach,Baden-Württemberg,Feuerbach,70469,9.169186287,48.81363554,3,2606051302,,2606051302,,,,,,,,,,,4.0,3.0
3112151770582767081-2606051157-6,7932,2606051208,2606051209,2,,S,S6,Stuttgart Schwabstr.|Stuttgart Feuersee|Stuttgart Stadtmitte|Stuttgart Hbf (tief)|Stuttgart Nordbahnhof,8005770,Stuttgart-Feuerbach,Baden-Württemberg,Feuerbach,70469,9.169186287,48.81363554,3,2606051211,,2606051212,,,,,,,,,,,3.0,3.0
3655115014084866226-2606051237-6,28466,2606051248,2606051249,2,,S,S5,Stuttgart Schwabstr.|Stuttgart Feuersee|Stuttgart Stadtmitte|Stuttgart Hbf (tief)|Stuttgart Nordbahnhof,8005770,Stuttgart-Feuerbach,Baden-Württemberg,Feuerbach,70469,9.169186287,48.81363554,3,2606051252,,2606051252,,,,,,,,,,,4.0,3.0
-2997586613667252816-2606051134-16,7027,2606051221,2606051221,1,,S,S60,Böblingen|Sindelfingen|Maichingen|Maichingen Nord|Magstadt|Renningen Süd|Renningen|Rutesheim|Leonberg|Höfingen|Ditzingen|Weilimdorf|Korntal|Neuwirtshaus(Porscheplatz)|Stuttgart-Zuffenhausen,8005770,Stuttgart-Feuerbach,Baden-Württemberg,Feuerbach,70469,9.169186287,48.81363554,3,2606051222,,2606051222,,,,,,,,,,,1.0,1.0
-3839002302897574901-2606051157-6,7032,2606051208,2606051209,2,,S,S60,Stuttgart Schwabstr.|Stuttgart Feuersee|Stuttgart Stadtmitte|Stuttgart Hbf (tief)|Stuttgart Nordbahnhof,8005770,Stuttgart-Feuerbach,Baden-Württemberg,Feuerbach,70469,9.169186287,48.81363554,3,2606051211,,2606051212,,,,,,,,,,,3.0,3.0
-7035220678398818959-2606051212-6,7628,2606051223,2606051224,2,,S,S6,Stuttgart Schwabstr.|Stuttgart Feuersee|Stuttgart Stadtmitte|Stuttgart Hbf (tief)|Stuttgart Nordbahnhof,8005770,Stuttgart-Feuerbach,Baden-Württemberg,Feuerbach,70469,9.169186287,48.81363554,3,2606051227,,2606051227,,,,,,,,,,,4.0,3.0
2930744972942057808-2606051207-7,7531,2606051226,2606051226,1,,S,S5,Bietigheim-Bissingen|Tamm(Württ)|Asperg|Ludwigsburg|Kornwestheim Pbf|Stuttgart-Zuffenhausen,8005770,Stuttgart-Feuerbach,Baden-Württemberg,Feuerbach,70469,9.169186287,48.81363554,3,2606051228,,2606051228,,,,,,,,,,,2.0,2.0
-2837347101663805561-2606051133-12,7429,2606051216,2606051216,1,,S,S4,Backnang|Burgstall(Murr)|Kirchberg(Murr)|Erdmannhausen|Marbach(Neckar)|Benningen(Neckar)|Freiberg(Neckar)|Favoritepark|Ludwigsburg|Kornwestheim Pbf|Stuttgart-Zuffenhausen,8005770,Stuttgart-Feuerbach,Baden-Württemberg,Feuerbach,70469,9.169186287,48.81363554,3,2606051224,,2606051225,,,,,,,,,,,8.0,9.0
9194663872562058086-2606051227-6,7034,2606051238,2606051239,2,,S,S60,Stuttgart Schwabstr.|Stuttgart Feuersee|Stuttgart Stadtmitte|Stuttgart Hbf (tief)|Stuttgart Nordbahnhof,8005770,Stuttgart-Feuerbach,Baden-Württemberg,Feuerbach,70469,9.169186287,48.81363554,3,2606051240,,2606051241,,,,,,,,,,,2.0,2.0
8207272767207255575-2606051203-12,7631,2606051236,2606051236,1,,S,S6,Weil der Stadt|Malmsheim|Renningen|Rutesheim|Leonberg|Höfingen|Ditzingen|Weilimdorf|Korntal|Neuwirtshaus(Porscheplatz)|Stuttgart-Zuffenhausen,8005770,Stuttgart-Feuerbach,Baden-Württemberg,Feuerbach,70469,9.169186287,48.81363554,3,2606051236,,2606051236,,,,,,,,,,,0.0,0.0
5127975581387066276-2606051202-6,7426,2606051213,2606051214,2,,S,S4,Stuttgart Schwabstr.|Stuttgart Feuersee|Stuttgart Stadtmitte|Stuttgart Hbf (tief)|Stuttgart Nordbahnhof,8005770,Stuttgart-Feuerbach,Baden-Württemberg,Feuerbach,70469,9.169186287,48.81363554,3,2606051216,,2606051217,,,,,,,,,,,3.0,3.0
504511267373916834-2606051148-11,7828,2606051216,2606051217,2,,S,S2,Filderstadt|Stuttgart Flughafen/Messe|Echterdingen|Leinfelden|Oberaichen|Stuttgart-Rohr|Stuttgart-Vaihingen|Stuttgart-Österfeld|Stuttgart Universität|Stuttgart Schwabstr.,8006699,Stuttgart Feuersee,Baden-Württemberg,Stuttgart,70176,9.165850846,48.7726173,3,2606051220,,2606051220,,h,1,Bauarbeiten,,,,,,,4.0,3.0
3131517444573088003-2606051148-16,7927,2606051231,2606051231,1,,S,S6,Weil der Stadt|Malmsheim|Renningen|Rutesheim|Leonberg|Höfingen|Ditzingen|Weilimdorf|Korntal|Neuwirtshaus(Porscheplatz)|Stuttgart-Zuffenhausen|Stuttgart-Feuerbach|Stuttgart Nordbahnhof|Stuttgart Hbf (tief)|Stuttgart Stadtmitte,8006699,Stuttgart Feuersee,Baden-Württemberg,Stuttgart,70176,9.165850846,48.7726173,3,2606051232,,2606051233,,,,,,,,,,,1.0,2.0
-9175607757521953856-2606051257-2,7936,2606051259,2606051259,2,,S,S6,Stuttgart Schwabstr.,8006699,Stuttgart Feuersee,Baden-Württemberg,Stuttgart,70176,9.165850846,48.7726173,3,2606051303,,2606051304,,,,,,,,,,,4.0,5.0
3717617338847420907-2606051152-11,28465,2606051221,2606051221,1,,S,S5,Bietigheim-Bissingen|Tamm(Württ)|Asperg|Ludwigsburg|Kornwestheim Pbf|Stuttgart-Zuffenhausen|Stuttgart-Feuerbach|Stuttgart Nordbahnhof|Stuttgart Hbf (tief)|Stuttgart Stadtmitte,8006699,Stuttgart Feuersee,Baden-Württemberg,Stuttgart,70176,9.165850846,48.7726173,3,2606051224,,2606051224,,,,,,,,,,,3.0,3.0
-4501469853120362621-2606051210-12,28395,2606051241,2606051241,1,,S,S4,Marbach(Neckar)|Benningen(Neckar)|Freiberg(Neckar)|Favoritepark|Ludwigsburg|Kornwestheim Pbf|Stuttgart-Zuffenhausen|Stuttgart-Feuerbach|Stuttgart Nordbahnhof|Stuttgart Hbf (tief)|Stuttgart Stadtmitte,8006699,Stuttgart Feuersee,Baden-Württemberg,Stuttgart,70176,9.165850846,48.7726173,3,2606051244,,2606051245,,,,,,,,,,,3.0,4.0
-83917606962888125-2606051156-14,28325,2606051233,2606051234,1,,S,S3,Backnang|Maubach|Nellmersbach|Winnenden|Schwaikheim|Neustadt-Hohenacker|Waiblingen|Fellbach|Stuttgart-Sommerrain|Stuttgart Nürnberger Str.|Stuttgart-Bad Cannstatt|Stuttgart Hbf (tief)|Stuttgart Stadtmitte,8006699,Stuttgart Feuersee,Baden-Württemberg,Stuttgart,70176,9.165850846,48.7726173,3,2606051237,,2606051238,,,,,,,,,,,4.0,4.0
5081771628023632994-2606051140-12,28393,2606051211,2606051211,1,,S,S4,Marbach(Neckar)|Benningen(Neckar)|Freiberg(Neckar)|Favoritepark|Ludwigsburg|Kornwestheim Pbf|Stuttgart-Zuffenhausen|Stuttgart-Feuerbach|Stuttgart Nordbahnhof|Stuttgart Hbf (tief)|Stuttgart Stadtmitte,8006699,Stuttgart Feuersee,Baden-Württemberg,Stuttgart,70176,9.165850846,48.7726173,3,2606051213,,2606051213,,,,,,,,,,,2.0,2.0
-6341375793071528498-2606051126-14,28323,2606051203,2606051204,1,,S,S3,Backnang|Maubach|Nellmersbach|Winnenden|Schwaikheim|Neustadt-Hohenacker|Waiblingen|Fellbach|Stuttgart-Sommerrain|Stuttgart Nürnberger Str.|Stuttgart-Bad Cannstatt|Stuttgart Hbf (tief)|Stuttgart Stadtmitte,8006699,Stuttgart Feuersee,Baden-Württemberg,Stuttgart,70176,9.165850846,48.7726173,3,2606051206,,2606051206,,,,,,,,,,,3.0,2.0
3217859592210019920-2606051236-4,7827,2606051243,2606051244,1,,S,S2,Stuttgart-Bad Cannstatt|Stuttgart Hbf (tief)|Stuttgart Stadtmitte,8006699,Stuttgart Feuersee,Baden-Württemberg,Stuttgart,70176,9.165850846,48.7726173,3,2606051247,,2606051247,,h,1,Bauarbeiten,,,,,,,4.0,3.0
-1459044685595923916-2606051252-2,7532,2606051254,2606051254,2,,S,S5,Stuttgart Schwabstr.,8006699,Stuttgart Feuersee,Baden-Württemberg,Stuttgart,70176,9.165850846,48.7726173,3,2606051254,,2606051255,,,,,,,,,,,0.0,1.0
-661438075088023210-2606051242-2,7630,2606051244,2606051244,2,,S,S6,Stuttgart Schwabstr.,8006699,Stuttgart Feuersee,Baden-Württemberg,Stuttgart,70176,9.165850846,48.7726173,3,2606051247,,2606051248,,,,,,,,,,,3.0,4.0
6534681549550626676-2606051217-2,28398,2606051219,2606051219,2,,S,S4,Stuttgart Schwabstr.,8006699,Stuttgart Feuersee,Baden-Württemberg,Stuttgart,70176,9.165850846,48.7726173,3,2606051223,,2606051223,,,,,,,,,,,4.0,4.0
-182569074075306425-2606051222-2,7530,2606051224,2606051224,2,,S,S5,Stuttgart Schwabstr.,8006699,Stuttgart Feuersee,Baden-Württemberg,Stuttgart,70176,9.165850846,48.7726173,3,2606051227,,2606051228,,,,,,,,,,,3.0,4.0
5693136962771673302-2606051232-2,7428,2606051234,2606051234,2,,S,S4,Stuttgart Schwabstr.,8006699,Stuttgart Feuersee,Baden-Württemberg,Stuttgart,70176,9.165850846,48.7726173,3,2606051237,,2606051238,,,,,,,,,,,3.0,4.0
8332536860707671559-2606051207-2,28464,2606051209,2606051209,2,,S,S5,Stuttgart Schwabstr.,8006699,Stuttgart Feuersee,Baden-Württemberg,Stuttgart,70176,9.165850846,48.7726173,3,2606051212,,2606051213,,,,,,,,,,,3.0,4.0
-3504815606642380245-2606051222-11,28467,2606051251,2606051251,1,,S,S5,Bietigheim-Bissingen|Tamm(Württ)|Asperg|Ludwigsburg|Kornwestheim Pbf|Stuttgart-Zuffenhausen|Stuttgart-Feuerbach|Stuttgart Nordbahnhof|Stuttgart Hbf (tief)|Stuttgart Stadtmitte,8006699,Stuttgart Feuersee,Baden-Württemberg,Stuttgart,70176,9.165850846,48.7726173,3,2606051254,,2606051255,,,,,,,,,,,3.0,4.0
-1667866592525461048-2606051152-13,7731,2606051223,2606051224,1,,S,S1,Plochingen|Altbach|Esslingen-Zell|Oberesslingen|Esslingen(Neckar)|Esslingen-Mettingen|Stuttgart-Obertürkheim|Stuttgart-Untertürkheim|Stuttgart Neckarpark|Stuttgart-Bad Cannstatt|Stuttgart Hbf (tief)|Stuttgart Stadtmitte,8006699,Stuttgart Feuersee,Baden-Württemberg,Stuttgart,70176,9.165850846,48.7726173,3,2606051226,,2606051227,,,,,,,,,,,3.0,3.0
7271107614461082752-2606051137-11,7529,2606051206,2606051206,1,,S,S5,Bietigheim-Bissingen|Tamm(Württ)|Asperg|Ludwigsburg|Kornwestheim Pbf|Stuttgart-Zuffenhausen|Stuttgart-Feuerbach|Stuttgart Nordbahnhof|Stuttgart Hbf (tief)|Stuttgart Stadtmitte,8006699,Stuttgart Feuersee,Baden-Württemberg,Stuttgart,70176,9.165850846,48.7726173,3,2606051208,,2606051209,,,,,,,,,,,2.0,3.0
4960236751390972026-2606051200-5,7328,2606051211,2606051212,2,,S,S3,Stuttgart-Vaihingen|Stuttgart-Österfeld|Stuttgart Universität|Stuttgart Schwabstr.,8006699,Stuttgart Feuersee,Baden-Württemberg,Stuttgart,70176,9.165850846,48.7726173,3,2606051215,,2606051216,,,,,,,,,,,4.0,4.0
-5040164597006626382-2606051120-17,7129,2606051208,2606051209,1,,S,S1,Kirchheim(Teck)|Kirchheim(Teck)-Ötlingen|Wendlingen(Neckar)|Wernau(Neckar)|Plochingen|Altbach|Esslingen-Zell|Oberesslingen|Esslingen(Neckar)|Esslingen-Mettingen|Stuttgart-Obertürkheim|Stuttgart-Untertürkheim|Stuttgart Neckarpark|Stuttgart-Bad Cannstatt|Stuttgart Hbf (tief)|Stuttgart Stadtmitte,8006699,Stuttgart Feuersee,Baden-Württemberg,Stuttgart,70176,9.165850846,48.7726173,3,2606051211,,2606051211,,,,,,,,,,,3.0,2.0
8851012744564607240-2606051211-14,7331,2606051248,2606051249,1,,S,S3,Backnang|Maubach|Nellmersbach|Winnenden|Schwaikheim|Neustadt-Hohenacker|Waiblingen|Fellbach|Stuttgart-Sommerrain|Stuttgart Nürnberger Str.|Stuttgart-Bad Cannstatt|Stuttgart Hbf (tief)|Stuttgart Stadtmitte,8006699,Stuttgart Feuersee,Baden-Württemberg,Stuttgart,70176,9.165850846,48.7726173,3,2606051252,,2606051253,,,,,,,,,,,4.0,4.0
-3901454027336800522-2606051203-16,7431,2606051256,2606051256,1,,S,S4,Backnang|Burgstall(Murr)|Kirchberg(Murr)|Erdmannhausen|Marbach(Neckar)|Benningen(Neckar)|Freiberg(Neckar)|Favoritepark|Ludwigsburg|Kornwestheim Pbf|Stuttgart-Zuffenhausen|Stuttgart-Feuerbach|Stuttgart Nordbahnhof|Stuttgart Hbf (tief)|Stuttgart Stadtmitte,8006699,Stuttgart Feuersee,Baden-Württemberg,Stuttgart,70176,9.165850846,48.7726173,3,2606051301,,2606051301,,,,,,,,,,,5.0,5.0
-6103095444831223240-2606051210-8,7231,2606051228,2606051229,1,,S,S2,Waiblingen|Fellbach|Stuttgart-Sommerrain|Stuttgart Nürnberger Str.|Stuttgart-Bad Cannstatt|Stuttgart Hbf (tief)|Stuttgart Stadtmitte,8006699,Stuttgart Feuersee,Baden-Württemberg,Stuttgart,70176,9.165850846,48.7726173,3,2606051230,,2606051230,,h,1,Bauarbeiten,,,,,,,2.0,1.0
6476044054617913836-2606051133-16,7629,2606051216,2606051216,1,,S,S6,Weil der Stadt|Malmsheim|Renningen|Rutesheim|Leonberg|Höfingen|Ditzingen|Weilimdorf|Korntal|Neuwirtshaus(Porscheplatz)|Stuttgart-Zuffenhausen|Stuttgart-Feuerbach|Stuttgart Nordbahnhof|Stuttgart Hbf (tief)|Stuttgart Stadtmitte,8006699,Stuttgart Feuersee,Baden-Württemberg,Stuttgart,70176,9.165850846,48.7726173,3,2606051217,,2606051217,,,,,,,,,,,1.0,1.0
1899806724872395697-2606051222-13,7733,2606051253,2606051254,1,,S,S1,Plochingen|Altbach|Esslingen-Zell|Oberesslingen|Esslingen(Neckar)|Esslingen-Mettingen|Stuttgart-Obertürkheim|Stuttgart-Untertürkheim|Stuttgart Neckarpark|Stuttgart-Bad Cannstatt|Stuttgart Hbf (tief)|Stuttgart Stadtmitte,8006699,Stuttgart Feuersee,Baden-Württemberg,Stuttgart,70176,9.165850846,48.7726173,3,2606051258,,2606051258,,,,,,,,,,,5.0,4.0
-7003931357074639826-2606051227-2,7934,2606051229,2606051229,2,,S,S6,Stuttgart Schwabstr.,8006699,Stuttgart Feuersee,Baden-Württemberg,Stuttgart,70176,9.165850846,48.7726173,3,2606051232,,2606051232,,,,,,,,,,,3.0,3.0
-5995002106705392995-2606051247-2,28400,2606051249,2606051249,2,,S,S4,Stuttgart Schwabstr.,8006699,Stuttgart Feuersee,Baden-Württemberg,Stuttgart,70176,9.165850846,48.7726173,3,2606051252,,2606051253,,,,,,,,,,,3.0,4.0
5028335445624663016-2606051245-5,28328,2606051256,2606051257,2,,S,S3,Stuttgart-Vaihingen|Stuttgart-Österfeld|Stuttgart Universität|Stuttgart Schwabstr.,8006699,Stuttgart Feuersee,Baden-Württemberg,Stuttgart,70176,9.165850846,48.7726173,3,2606051257,,2606051257,,,,,,,,,,,1.0,0.0
5532078017754681393-2606051215-5,28326,2606051226,2606051227,2,,S,S3,Stuttgart-Vaihingen|Stuttgart-Österfeld|Stuttgart Universität|Stuttgart Schwabstr.,8006699,Stuttgart Feuersee,Baden-Württemberg,Stuttgart,70176,9.165850846,48.7726173,3,2606051230,,2606051230,,,,,,,,,,,4.0,3.0
-4649178681507243732-2606051118-16,7925,2606051201,2606051201,1,,S,S6,Weil der Stadt|Malmsheim|Renningen|Rutesheim|Leonberg|Höfingen|Ditzingen|Weilimdorf|Korntal|Neuwirtshaus(Porscheplatz)|Stuttgart-Zuffenhausen|Stuttgart-Feuerbach|Stuttgart Nordbahnhof|Stuttgart Hbf (tief)|Stuttgart Stadtmitte,8006699,Stuttgart Feuersee,Baden-Württemberg,Stuttgart,70176,9.165850846,48.7726173,3,2606051203,,2606051204,,,,,,,,,,,2.0,3.0
-5759624544289762969-2606051146-13,7130,2606051221,2606051222,2,,S,S1,Herrenberg|Nufringen|Gärtringen|Ehningen(b Böblingen)|Hulb|Böblingen|Goldberg(Württ)|Stuttgart-Rohr|Stuttgart-Vaihingen|Stuttgart-Österfeld|Stuttgart Universität|Stuttgart Schwabstr.,8006699,Stuttgart Feuersee,Baden-Württemberg,Stuttgart,70176,9.165850846,48.7726173,3,2606051225,,2606051226,,,,,,,,,,,4.0,4.0
3655115014084866226-2606051237-2,28466,2606051239,2606051239,2,,S,S5,Stuttgart Schwabstr.,8006699,Stuttgart Feuersee,Baden-Württemberg,Stuttgart,70176,9.165850846,48.7726173,3,2606051243,,2606051243,,,,,,,,,,,4.0,4.0
4736637014602700336-2606051150-17,7131,2606051238,2606051239,1,,S,S1,Kirchheim(Teck)|Kirchheim(Teck)-Ötlingen|Wendlingen(Neckar)|Wernau(Neckar)|Plochingen|Altbach|Esslingen-Zell|Oberesslingen|Esslingen(Neckar)|Esslingen-Mettingen|Stuttgart-Obertürkheim|Stuttgart-Untertürkheim|Stuttgart Neckarpark|Stuttgart-Bad Cannstatt|Stuttgart Hbf (tief)|Stuttgart Stadtmitte,8006699,Stuttgart Feuersee,Baden-Württemberg,Stuttgart,70176,9.165850846,48.7726173,3,2606051242,,2606051242,,,,,,,,,,,4.0,3.0
-2997586613667252816-2606051134-20,7027,2606051231,2606051231,1,,S,S60,Böblingen|Sindelfingen|Maichingen|Maichingen Nord|Magstadt|Renningen Süd|Renningen|Rutesheim|Leonberg|Höfingen|Ditzingen|Weilimdorf|Korntal|Neuwirtshaus(Porscheplatz)|Stuttgart-Zuffenhausen|Stuttgart-Feuerbach|Stuttgart Nordbahnhof|Stuttgart Hbf (tief)|Stuttgart Stadtmitte,8006699,Stuttgart Feuersee,Baden-Württemberg,Stuttgart,70176,9.165850846,48.7726173,3,2606051232,,2606051233,,,,,,,,,,,1.0,2.0
-4376819822122462379-2606051133-11,7226,2606051201,2606051202,2,,S,S2,Filderstadt|Stuttgart Flughafen/Messe|Echterdingen|Leinfelden|Oberaichen|Stuttgart-Rohr|Stuttgart-Vaihingen|Stuttgart-Österfeld|Stuttgart Universität|Stuttgart Schwabstr.,8006699,Stuttgart Feuersee,Baden-Württemberg,Stuttgart,70176,9.165850846,48.7726173,3,2606051204,,2606051205,,h,1,Bauarbeiten,,,,,,,3.0,3.0
-88152744654327027-2606051206-4,7825,2606051213,2606051214,1,,S,S2,Stuttgart-Bad Cannstatt|Stuttgart Hbf (tief)|Stuttgart Stadtmitte,8006699,Stuttgart Feuersee,Baden-Württemberg,Stuttgart,70176,9.165850846,48.7726173,3,2606051215,,2606051216,,h,1,Bauarbeiten,,,,,,,2.0,2.0
1210820457386322567-2606051257-2,7036,2606051259,2606051259,2,,S,S60,Stuttgart Schwabstr.,8006699,Stuttgart Feuersee,Baden-Württemberg,Stuttgart,70176,9.165850846,48.7726173,3,2606051303,,2606051304,,,,,,,,,,,4.0,5.0
6168129635936742431-2606051203-11,7228,2606051231,2606051232,2,,S,S2,Filderstadt|Stuttgart Flughafen/Messe|Echterdingen|Leinfelden|Oberaichen|Stuttgart-Rohr|Stuttgart-Vaihingen|Stuttgart-Österfeld|Stuttgart Universität|Stuttgart Schwabstr.,8006699,Stuttgart Feuersee,Baden-Württemberg,Stuttgart,70176,9.165850846,48.7726173,3,2606051234,,2606051235,,h,1,Bauarbeiten,,,,,,,3.0,3.0
7206179278625566012-2606051230-5,7330,2606051241,2606051242,2,,S,S3,Stuttgart-Vaihingen|Stuttgart-Österfeld|Stuttgart Universität|Stuttgart Schwabstr.,8006699,Stuttgart Feuersee,Baden-Württemberg,Stuttgart,70176,9.165850846,48.7726173,3,2606051245,,2606051246,,,,,,,,,,,4.0,4.0
-7035220678398818959-2606051212-2,7628,2606051214,2606051214,2,,S,S6,Stuttgart Schwabstr.,8006699,Stuttgart Feuersee,Baden-Württemberg,Stuttgart,70176,9.165850846,48.7726173,3,2606051217,,2606051218,,,,,,,,,,,3.0,4.0
-3955134605586594139-2606051141-14,7329,2606051218,2606051219,1,,S,S3,Backnang|Maubach|Nellmersbach|Winnenden|Schwaikheim|Neustadt-Hohenacker|Waiblingen|Fellbach|Stuttgart-Sommerrain|Stuttgart Nürnberger Str.|Stuttgart-Bad Cannstatt|Stuttgart Hbf (tief)|Stuttgart Stadtmitte,8006699,Stuttgart Feuersee,Baden-Württemberg,Stuttgart,70176,9.165850846,48.7726173,3,2606051222,,2606051222,,,,,,,,,,,4.0,3.0
2930744972942057808-2606051207-11,7531,2606051236,2606051236,1,,S,S5,Bietigheim-Bissingen|Tamm(Württ)|Asperg|Ludwigsburg|Kornwestheim Pbf|Stuttgart-Zuffenhausen|Stuttgart-Feuerbach|Stuttgart Nordbahnhof|Stuttgart Hbf (tief)|Stuttgart Stadtmitte,8006699,Stuttgart Feuersee,Baden-Württemberg,Stuttgart,70176,9.165850846,48.7726173,3,2606051240,,2606051240,,,,,,,,,,,4.0,4.0
-2837347101663805561-2606051133-16,7429,2606051226,2606051226,1,,S,S4,Backnang|Burgstall(Murr)|Kirchberg(Murr)|Erdmannhausen|Marbach(Neckar)|Benningen(Neckar)|Freiberg(Neckar)|Favoritepark|Ludwigsburg|Kornwestheim Pbf|Stuttgart-Zuffenhausen|Stuttgart-Feuerbach|Stuttgart Nordbahnhof|Stuttgart Hbf (tief)|Stuttgart Stadtmitte,8006699,Stuttgart Feuersee,Baden-Württemberg,Stuttgart,70176,9.165850846,48.7726173,3,2606051235,,2606051236,,,,,,,,,,,9.0,10.0
9194663872562058086-2606051227-2,7034,2606051229,2606051229,2,,S,S60,Stuttgart Schwabstr.,8006699,Stuttgart Feuersee,Baden-Württemberg,Stuttgart,70176,9.165850846,48.7726173,3,2606051232,,2606051232,,,,,,,,,,,3.0,3.0
5033595252729371402-2606051240-8,7233,2606051258,2606051259,1,,S,S2,Waiblingen|Fellbach|Stuttgart-Sommerrain|Stuttgart Nürnberger Str.|Stuttgart-Bad Cannstatt|Stuttgart Hbf (tief)|Stuttgart Stadtmitte,8006699,Stuttgart Feuersee,Baden-Württemberg,Stuttgart,70176,9.165850846,48.7726173,3,2606051304,,2606051305,,h,1,Bauarbeiten,,,,,,,6.0,6.0
3410717060998267101-2606051216-13,7132,2606051251,2606051252,2,,S,S1,Herrenberg|Nufringen|Gärtringen|Ehningen(b Böblingen)|Hulb|Böblingen|Goldberg(Württ)|Stuttgart-Rohr|Stuttgart-Vaihingen|Stuttgart-Österfeld|Stuttgart Universität|Stuttgart Schwabstr.,8006699,Stuttgart Feuersee,Baden-Württemberg,Stuttgart,70176,9.165850846,48.7726173,3,2606051300,,2606051301,,,,,,,,,,,9.0,9.0
2059911478828825113-2606051201-13,7728,2606051236,2606051237,2,,S,S1,Herrenberg|Nufringen|Gärtringen|Ehningen(b Böblingen)|Hulb|Böblingen|Goldberg(Württ)|Stuttgart-Rohr|Stuttgart-Vaihingen|Stuttgart-Österfeld|Stuttgart Universität|Stuttgart Schwabstr.,8006699,Stuttgart Feuersee,Baden-Württemberg,Stuttgart,70176,9.165850846,48.7726173,3,2606051240,,2606051240,,,,,,,,,,,4.0,3.0
1836435062166220832-2606051131-13,7726,2606051206,2606051207,2,,S,S1,Herrenberg|Nufringen|Gärtringen|Ehningen(b Böblingen)|Hulb|Böblingen|Goldberg(Württ)|Stuttgart-Rohr|Stuttgart-Vaihingen|Stuttgart-Österfeld|Stuttgart Universität|Stuttgart Schwabstr.,8006699,Stuttgart Feuersee,Baden-Württemberg,Stuttgart,70176,9.165850846,48.7726173,3,2606051209,,2606051210,,,,,,,,,,,3.0,3.0
8207272767207255575-2606051203-16,7631,2606051246,2606051246,1,,S,S6,Weil der Stadt|Malmsheim|Renningen|Rutesheim|Leonberg|Höfingen|Ditzingen|Weilimdorf|Korntal|Neuwirtshaus(Porscheplatz)|Stuttgart-Zuffenhausen|Stuttgart-Feuerbach|Stuttgart Nordbahnhof|Stuttgart Hbf (tief)|Stuttgart Stadtmitte,8006699,Stuttgart Feuersee,Baden-Württemberg,Stuttgart,70176,9.165850846,48.7726173,3,2606051249,,2606051250,,,,,,,,,,,3.0,4.0
5127975581387066276-2606051202-2,7426,2606051204,2606051204,2,,S,S4,Stuttgart Schwabstr.,8006699,Stuttgart Feuersee,Baden-Württemberg,Stuttgart,70176,9.165850846,48.7726173,3,2606051207,,2606051207,,,,,,,,,,,3.0,3.0
-2740283852421142578-2606051218-11,7830,2606051246,2606051247,2,,S,S2,Filderstadt|Stuttgart Flughafen/Messe|Echterdingen|Leinfelden|Oberaichen|Stuttgart-Rohr|Stuttgart-Vaihingen|Stuttgart-Österfeld|Stuttgart Universität|Stuttgart Schwabstr.,8006699,Stuttgart Feuersee,Baden-Württemberg,Stuttgart,70176,9.165850846,48.7726173,3,2606051250,,2606051250,,h,1,Bauarbeiten,,,,,,,4.0,3.0
-8375167329740848278-2606051104-20,7025,2606051201,2606051201,1,,S,S60,Böblingen|Sindelfingen|Maichingen|Maichingen Nord|Magstadt|Renningen Süd|Renningen|Rutesheim|Leonberg|Höfingen|Ditzingen|Weilimdorf|Korntal|Neuwirtshaus(Porscheplatz)|Stuttgart-Zuffenhausen|Stuttgart-Feuerbach|Stuttgart Nordbahnhof|Stuttgart Hbf (tief)|Stuttgart Stadtmitte,8006699,Stuttgart Feuersee,Baden-Württemberg,Stuttgart,70176,9.165850846,48.7726173,3,2606051203,,2606051204,,,,,,,,,,,2.0,3.0
-6319936848544854600-2606051220-11,7133,2606051252,2606051252,5,,S,S1,Kirchheim(Teck)|Kirchheim(Teck)-Ötlingen|Wendlingen(Neckar)|Wernau(Neckar)|Plochingen|Altbach|Esslingen-Zell|Oberesslingen|Esslingen(Neckar)|Esslingen-Mettingen,8005772,Stuttgart-Obertürkheim,Baden-Württemberg,Stuttgart,70329,9.268167932,48.76175015,4,2606051252,,2606051252,,,,,,,,,,,0.0,0.0
-1667866592525461048-2606051152-7,7731,2606051207,2606051207,5,,S,S1,Plochingen|Altbach|Esslingen-Zell|Oberesslingen|Esslingen(Neckar)|Esslingen-Mettingen,8005772,Stuttgart-Obertürkheim,Baden-Württemberg,Stuttgart,70329,9.268167932,48.76175015,4,2606051207,,2606051207,,,,,,,,,,,0.0,0.0
1899806724872395697-2606051222-7,7733,2606051237,2606051237,5,,S,S1,Plochingen|Altbach|Esslingen-Zell|Oberesslingen|Esslingen(Neckar)|Esslingen-Mettingen,8005772,Stuttgart-Obertürkheim,Baden-Württemberg,Stuttgart,70329,9.268167932,48.76175015,4,2606051237,,2606051237,,,,,,,,,,,0.0,0.0
-5759624544289762969-2606051146-19,7130,2606051237,2606051237,6,,S,S1,Herrenberg|Nufringen|Gärtringen|Ehningen(b Böblingen)|Hulb|Böblingen|Goldberg(Württ)|Stuttgart-Rohr|Stuttgart-Vaihingen|Stuttgart-Österfeld|Stuttgart Universität|Stuttgart Schwabstr.|Stuttgart Feuersee|Stuttgart Stadtmitte|Stuttgart Hbf (tief)|Stuttgart-Bad Cannstatt|Stuttgart Neckarpark|Stuttgart-Untertürkheim,8005772,Stuttgart-Obertürkheim,Baden-Württemberg,Stuttgart,70329,9.268167932,48.76175015,4,2606051241,,2606051241,,,,,,,,,,,4.0,4.0
4736637014602700336-2606051150-11,7131,2606051222,2606051222,5,,S,S1,Kirchheim(Teck)|Kirchheim(Teck)-Ötlingen|Wendlingen(Neckar)|Wernau(Neckar)|Plochingen|Altbach|Esslingen-Zell|Oberesslingen|Esslingen(Neckar)|Esslingen-Mettingen,8005772,Stuttgart-Obertürkheim,Baden-Württemberg,Stuttgart,70329,9.268167932,48.76175015,4,2606051222,,2606051223,,,,,,,,,,,0.0,1.0
3158900998064725317-2606051116-19,7128,2606051207,2606051207,6,,S,S1,Herrenberg|Nufringen|Gärtringen|Ehningen(b Böblingen)|Hulb|Böblingen|Goldberg(Württ)|Stuttgart-Rohr|Stuttgart-Vaihingen|Stuttgart-Österfeld|Stuttgart Universität|Stuttgart Schwabstr.|Stuttgart Feuersee|Stuttgart Stadtmitte|Stuttgart Hbf (tief)|Stuttgart-Bad Cannstatt|Stuttgart Neckarpark|Stuttgart-Untertürkheim,8005772,Stuttgart-Obertürkheim,Baden-Württemberg,Stuttgart,70329,9.268167932,48.76175015,4,2606051215,,2606051216,,,,,,,,,,,8.0,9.0
2059911478828825113-2606051201-19,7728,2606051252,2606051252,6,,S,S1,Herrenberg|Nufringen|Gärtringen|Ehningen(b Böblingen)|Hulb|Böblingen|Goldberg(Württ)|Stuttgart-Rohr|Stuttgart-Vaihingen|Stuttgart-Österfeld|Stuttgart Universität|Stuttgart Schwabstr.|Stuttgart Feuersee|Stuttgart Stadtmitte|Stuttgart Hbf (tief)|Stuttgart-Bad Cannstatt|Stuttgart Neckarpark|Stuttgart-Untertürkheim,8005772,Stuttgart-Obertürkheim,Baden-Württemberg,Stuttgart,70329,9.268167932,48.76175015,4,2606051256,,2606051256,,,,,,,,,,,4.0,4.0
1836435062166220832-2606051131-19,7726,2606051222,2606051222,6,,S,S1,Herrenberg|Nufringen|Gärtringen|Ehningen(b Böblingen)|Hulb|Böblingen|Goldberg(Württ)|Stuttgart-Rohr|Stuttgart-Vaihingen|Stuttgart-Österfeld|Stuttgart Universität|Stuttgart Schwabstr.|Stuttgart Feuersee|Stuttgart Stadtmitte|Stuttgart Hbf (tief)|Stuttgart-Bad Cannstatt|Stuttgart Neckarpark|Stuttgart-Untertürkheim,8005772,Stuttgart-Obertürkheim,Baden-Württemberg,Stuttgart,70329,9.268167932,48.76175015,4,2606051226,,2606051227,,,,,,,,,,,4.0,5.0
504511267373916834-2606051148-6,7828,2606051202,2606051203,3,,S,S2,Filderstadt|Stuttgart Flughafen/Messe|Echterdingen|Leinfelden|Oberaichen,8005773,Stuttgart-Rohr,Baden-Württemberg,Stuttgart,70565,9.108158025,48.71799427,4,2606051204,,2606051204,,h,1,Bauarbeiten,,,,,,,2.0,1.0
6037380939760231204-2606051233-6,7230,2606051247,2606051248,3,,S,S2,Filderstadt|Stuttgart Flughafen/Messe|Echterdingen|Leinfelden|Oberaichen,8005773,Stuttgart-Rohr,Baden-Württemberg,Stuttgart,70565,9.108158025,48.71799427,4,2606051249,,2606051250,,h,1,Bauarbeiten,,,,,,,2.0,2.0
41668567353075799-2606051231-8,7730,2606051252,2606051253,3,,S,S1,Herrenberg|Nufringen|Gärtringen|Ehningen(b Böblingen)|Hulb|Böblingen|Goldberg(Württ),8005773,Stuttgart-Rohr,Baden-Württemberg,Stuttgart,70565,9.108158025,48.71799427,4,,,,,,,,,,,,c,c,0.0,0.0
3217859592210019920-2606051236-9,7827,2606051256,2606051257,2,,S,S2,Stuttgart-Bad Cannstatt|Stuttgart Hbf (tief)|Stuttgart Stadtmitte|Stuttgart Feuersee|Stuttgart Schwabstr.|Stuttgart Universität|Stuttgart-Österfeld|Stuttgart-Vaihingen,8005773,Stuttgart-Rohr,Baden-Württemberg,Stuttgart,70565,9.108158025,48.71799427,4,2606051259,,2606051300,,h,1,Bauarbeiten,,,,,,,3.0,3.0
-1667866592525461048-2606051152-18,7731,2606051236,2606051237,2,,S,S1,Plochingen|Altbach|Esslingen-Zell|Oberesslingen|Esslingen(Neckar)|Esslingen-Mettingen|Stuttgart-Obertürkheim|Stuttgart-Untertürkheim|Stuttgart Neckarpark|Stuttgart-Bad Cannstatt|Stuttgart Hbf (tief)|Stuttgart Stadtmitte|Stuttgart Feuersee|Stuttgart Schwabstr.|Stuttgart Universität|Stuttgart-Österfeld|Stuttgart-Vaihingen,8005773,Stuttgart-Rohr,Baden-Württemberg,Stuttgart,70565,9.108158025,48.71799427,4,2606051239,,2606051239,,,,,,,,,,,3.0,2.0
-4197374811050490820-2606051122-18,7729,2606051206,2606051207,2,,S,S1,Plochingen|Altbach|Esslingen-Zell|Oberesslingen|Esslingen(Neckar)|Esslingen-Mettingen|Stuttgart-Obertürkheim|Stuttgart-Untertürkheim|Stuttgart Neckarpark|Stuttgart-Bad Cannstatt|Stuttgart Hbf (tief)|Stuttgart Stadtmitte|Stuttgart Feuersee|Stuttgart Schwabstr.|Stuttgart Universität|Stuttgart-Österfeld|Stuttgart-Vaihingen,8005773,Stuttgart-Rohr,Baden-Württemberg,Stuttgart,70565,9.108158025,48.71799427,4,2606051211,,2606051212,,,,,,,,,,,5.0,5.0
-5040164597006626382-2606051120-22,7129,2606051221,2606051222,2,,S,S1,Kirchheim(Teck)|Kirchheim(Teck)-Ötlingen|Wendlingen(Neckar)|Wernau(Neckar)|Plochingen|Altbach|Esslingen-Zell|Oberesslingen|Esslingen(Neckar)|Esslingen-Mettingen|Stuttgart-Obertürkheim|Stuttgart-Untertürkheim|Stuttgart Neckarpark|Stuttgart-Bad Cannstatt|Stuttgart Hbf (tief)|Stuttgart Stadtmitte|Stuttgart Feuersee|Stuttgart Schwabstr.|Stuttgart Universität|Stuttgart-Österfeld|Stuttgart-Vaihingen,8005773,Stuttgart-Rohr,Baden-Württemberg,Stuttgart,70565,9.108158025,48.71799427,4,2606051223,,2606051224,,,,,,,,,,,2.0,2.0
-6103095444831223240-2606051210-13,7231,2606051241,2606051242,2,,S,S2,Waiblingen|Fellbach|Stuttgart-Sommerrain|Stuttgart Nürnberger Str.|Stuttgart-Bad Cannstatt|Stuttgart Hbf (tief)|Stuttgart Stadtmitte|Stuttgart Feuersee|Stuttgart Schwabstr.|Stuttgart Universität|Stuttgart-Österfeld|Stuttgart-Vaihingen,8005773,Stuttgart-Rohr,Baden-Württemberg,Stuttgart,70565,9.108158025,48.71799427,4,2606051243,,2606051244,,h,1,Bauarbeiten,,,,,,,2.0,2.0
-5759624544289762969-2606051146-8,7130,2606051207,2606051208,3,,S,S1,Herrenberg|Nufringen|Gärtringen|Ehningen(b Böblingen)|Hulb|Böblingen|Goldberg(Württ),8005773,Stuttgart-Rohr,Baden-Württemberg,Stuttgart,70565,9.108158025,48.71799427,4,2606051208,,2606051209,,,,,,,,,,,1.0,1.0
4736637014602700336-2606051150-22,7131,2606051251,2606051252,2,,S,S1,Kirchheim(Teck)|Kirchheim(Teck)-Ötlingen|Wendlingen(Neckar)|Wernau(Neckar)|Plochingen|Altbach|Esslingen-Zell|Oberesslingen|Esslingen(Neckar)|Esslingen-Mettingen|Stuttgart-Obertürkheim|Stuttgart-Untertürkheim|Stuttgart Neckarpark|Stuttgart-Bad Cannstatt|Stuttgart Hbf (tief)|Stuttgart Stadtmitte|Stuttgart Feuersee|Stuttgart Schwabstr.|Stuttgart Universität|Stuttgart-Österfeld|Stuttgart-Vaihingen,8005773,Stuttgart-Rohr,Baden-Württemberg,Stuttgart,70565,9.108158025,48.71799427,4,2606051254,,2606051255,,,,,,,,,,,3.0,3.0
-88152744654327027-2606051206-9,7825,2606051226,2606051227,2,,S,S2,Stuttgart-Bad Cannstatt|Stuttgart Hbf (tief)|Stuttgart Stadtmitte|Stuttgart Feuersee|Stuttgart Schwabstr.|Stuttgart Universität|Stuttgart-Österfeld|Stuttgart-Vaihingen,8005773,Stuttgart-Rohr,Baden-Württemberg,Stuttgart,70565,9.108158025,48.71799427,4,2606051227,,2606051227,,h,1,Bauarbeiten,,,,,,,1.0,0.0
-2230763094975584744-2606051140-13,7229,2606051211,2606051212,2,,S,S2,Waiblingen|Fellbach|Stuttgart-Sommerrain|Stuttgart Nürnberger Str.|Stuttgart-Bad Cannstatt|Stuttgart Hbf (tief)|Stuttgart Stadtmitte|Stuttgart Feuersee|Stuttgart Schwabstr.|Stuttgart Universität|Stuttgart-Österfeld|Stuttgart-Vaihingen,8005773,Stuttgart-Rohr,Baden-Württemberg,Stuttgart,70565,9.108158025,48.71799427,4,2606051215,,2606051216,,h,1,Bauarbeiten,,,,,,,4.0,4.0
6168129635936742431-2606051203-6,7228,2606051217,2606051218,3,,S,S2,Filderstadt|Stuttgart Flughafen/Messe|Echterdingen|Leinfelden|Oberaichen,8005773,Stuttgart-Rohr,Baden-Württemberg,Stuttgart,70565,9.108158025,48.71799427,4,2606051221,,2606051221,,h,1,Bauarbeiten,,,,,,,4.0,3.0
3410717060998267101-2606051216-8,7132,2606051237,2606051238,3,,S,S1,Herrenberg|Nufringen|Gärtringen|Ehningen(b Böblingen)|Hulb|Böblingen|Goldberg(Württ),8005773,Stuttgart-Rohr,Baden-Württemberg,Stuttgart,70565,9.108158025,48.71799427,4,2606051245,,2606051246,,,,,,,,,,,8.0,8.0
2059911478828825113-2606051201-8,7728,2606051222,2606051223,3,,S,S1,Herrenberg|Nufringen|Gärtringen|Ehningen(b Böblingen)|Hulb|Böblingen|Goldberg(Württ),8005773,Stuttgart-Rohr,Baden-Württemberg,Stuttgart,70565,9.108158025,48.71799427,4,2606051226,,2606051227,,,,,,,,,,,4.0,4.0
-2740283852421142578-2606051218-6,7830,2606051232,2606051233,3,,S,S2,Filderstadt|Stuttgart Flughafen/Messe|Echterdingen|Leinfelden|Oberaichen,8005773,Stuttgart-Rohr,Baden-Württemberg,Stuttgart,70565,9.108158025,48.71799427,4,2606051236,,2606051236,,h,1,Bauarbeiten,,,,,,,4.0,3.0
504511267373916834-2606051148-10,7828,2606051215,2606051215,2,,S,S2,Filderstadt|Stuttgart Flughafen/Messe|Echterdingen|Leinfelden|Oberaichen|Stuttgart-Rohr|Stuttgart-Vaihingen|Stuttgart-Österfeld|Stuttgart Universität,8006698,Stuttgart Schwabstraße,Baden-Württemberg,Stuttgart,70197,9.156496717,48.77013954,3,2606051218,,2606051218,,h,1,Bauarbeiten,,,,,,,3.0,3.0
3131517444573088003-2606051148-17,7927,2606051233,,1,,S,,Weil der Stadt|Malmsheim|Renningen|Rutesheim|Leonberg|Höfingen|Ditzingen|Weilimdorf|Korntal|Neuwirtshaus(Porscheplatz)|Stuttgart-Zuffenhausen|Stuttgart-Feuerbach|Stuttgart Nordbahnhof|Stuttgart Hbf (tief)|Stuttgart Stadtmitte|Stuttgart Feuersee,8006698,Stuttgart Schwabstraße,Baden-Württemberg,Stuttgart,70197,9.156496717,48.77013954,3,2606051234,,,,,,,,,,,,,1.0,0.0
-9175607757521953856-2606051257-1,7936,,2606051257,,,S,S6,,8006698,Stuttgart Schwabstraße,Baden-Württemberg,Stuttgart,70197,9.156496717,48.77013954,3,,,2606051302,,,,,,,,,,,0.0,5.0
3717617338847420907-2606051152-12,28465,2606051223,,1,,S,,Bietigheim-Bissingen|Tamm(Württ)|Asperg|Ludwigsburg|Kornwestheim Pbf|Stuttgart-Zuffenhausen|Stuttgart-Feuerbach|Stuttgart Nordbahnhof|Stuttgart Hbf (tief)|Stuttgart Stadtmitte|Stuttgart Feuersee,8006698,Stuttgart Schwabstraße,Baden-Württemberg,Stuttgart,70197,9.156496717,48.77013954,3,2606051226,,,,,,,,,,,,,3.0,0.0
-4501469853120362621-2606051210-13,28395,2606051243,,1,,S,,Marbach(Neckar)|Benningen(Neckar)|Freiberg(Neckar)|Favoritepark|Ludwigsburg|Kornwestheim Pbf|Stuttgart-Zuffenhausen|Stuttgart-Feuerbach|Stuttgart Nordbahnhof|Stuttgart Hbf (tief)|Stuttgart Stadtmitte|Stuttgart Feuersee,8006698,Stuttgart Schwabstraße,Baden-Württemberg,Stuttgart,70197,9.156496717,48.77013954,3,2606051246,,,,,,,,,,,,,3.0,0.0
-83917606962888125-2606051156-15,28325,2606051235,2606051235,1,,S,S3,Backnang|Maubach|Nellmersbach|Winnenden|Schwaikheim|Neustadt-Hohenacker|Waiblingen|Fellbach|Stuttgart-Sommerrain|Stuttgart Nürnberger Str.|Stuttgart-Bad Cannstatt|Stuttgart Hbf (tief)|Stuttgart Stadtmitte|Stuttgart Feuersee,8006698,Stuttgart Schwabstraße,Baden-Württemberg,Stuttgart,70197,9.156496717,48.77013954,3,2606051239,,2606051240,,,,,,,,,,,4.0,5.0
5081771628023632994-2606051140-13,28393,2606051213,,1,,S,,Marbach(Neckar)|Benningen(Neckar)|Freiberg(Neckar)|Favoritepark|Ludwigsburg|Kornwestheim Pbf|Stuttgart-Zuffenhausen|Stuttgart-Feuerbach|Stuttgart Nordbahnhof|Stuttgart Hbf (tief)|Stuttgart Stadtmitte|Stuttgart Feuersee,8006698,Stuttgart Schwabstraße,Baden-Württemberg,Stuttgart,70197,9.156496717,48.77013954,3,2606051215,,,,,,,,,,,,,2.0,0.0
-6341375793071528498-2606051126-15,28323,2606051205,2606051205,1,,S,S3,Backnang|Maubach|Nellmersbach|Winnenden|Schwaikheim|Neustadt-Hohenacker|Waiblingen|Fellbach|Stuttgart-Sommerrain|Stuttgart Nürnberger Str.|Stuttgart-Bad Cannstatt|Stuttgart Hbf (tief)|Stuttgart Stadtmitte|Stuttgart Feuersee,8006698,Stuttgart Schwabstraße,Baden-Württemberg,Stuttgart,70197,9.156496717,48.77013954,3,2606051208,,2606051208,,,,,,,,,,,3.0,3.0
3217859592210019920-2606051236-5,7827,2606051245,2606051245,1,,S,S2,Stuttgart-Bad Cannstatt|Stuttgart Hbf (tief)|Stuttgart Stadtmitte|Stuttgart Feuersee,8006698,Stuttgart Schwabstraße,Baden-Württemberg,Stuttgart,70197,9.156496717,48.77013954,3,2606051249,,2606051249,,h,1,Bauarbeiten,,,,,,,4.0,4.0
-1459044685595923916-2606051252-1,7532,,2606051252,,,S,S5,,8006698,Stuttgart Schwabstraße,Baden-Württemberg,Stuttgart,70197,9.156496717,48.77013954,3,,,2606051253,,,,,,,,,,,0.0,1.0
-661438075088023210-2606051242-1,7630,,2606051242,,,S,S6,,8006698,Stuttgart Schwabstraße,Baden-Württemberg,Stuttgart,70197,9.156496717,48.77013954,3,,,2606051246,,,,,,,,,,,0.0,4.0
6534681549550626676-2606051217-1,28398,,2606051217,,,S,S4,,8006698,Stuttgart Schwabstraße,Baden-Württemberg,Stuttgart,70197,9.156496717,48.77013954,3,,,2606051221,,,,,,,,,,,0.0,4.0
-182569074075306425-2606051222-1,7530,,2606051222,,,S,S5,,8006698,Stuttgart Schwabstraße,Baden-Württemberg,Stuttgart,70197,9.156496717,48.77013954,3,,,2606051226,,,,,,,,,,,0.0,4.0
5693136962771673302-2606051232-1,7428,,2606051232,,,S,S4,,8006698,Stuttgart Schwabstraße,Baden-Württemberg,Stuttgart,70197,9.156496717,48.77013954,3,,,2606051236,,,,,,,,,,,0.0,4.0
8332536860707671559-2606051207-1,28464,,2606051207,,,S,S5,,8006698,Stuttgart Schwabstraße,Baden-Württemberg,Stuttgart,70197,9.156496717,48.77013954,3,,,2606051211,,,,,,,,,,,0.0,4.0
-3504815606642380245-2606051222-12,28467,2606051253,,1,,S,,Bietigheim-Bissingen|Tamm(Württ)|Asperg|Ludwigsburg|Kornwestheim Pbf|Stuttgart-Zuffenhausen|Stuttgart-Feuerbach|Stuttgart Nordbahnhof|Stuttgart Hbf (tief)|Stuttgart Stadtmitte|Stuttgart Feuersee,8006698,Stuttgart Schwabstraße,Baden-Württemberg,Stuttgart,70197,9.156496717,48.77013954,3,2606051256,,,,,,,,,,,,,3.0,0.0
-1667866592525461048-2606051152-14,7731,2606051225,2606051225,1,,S,S1,Plochingen|Altbach|Esslingen-Zell|Oberesslingen|Esslingen(Neckar)|Esslingen-Mettingen|Stuttgart-Obertürkheim|Stuttgart-Untertürkheim|Stuttgart Neckarpark|Stuttgart-Bad Cannstatt|Stuttgart Hbf (tief)|Stuttgart Stadtmitte|Stuttgart Feuersee,8006698,Stuttgart Schwabstraße,Baden-Württemberg,Stuttgart,70197,9.156496717,48.77013954,3,2606051228,,2606051229,,,,,,,,,,,3.0,4.0
7271107614461082752-2606051137-12,7529,2606051208,,1,,S,,Bietigheim-Bissingen|Tamm(Württ)|Asperg|Ludwigsburg|Kornwestheim Pbf|Stuttgart-Zuffenhausen|Stuttgart-Feuerbach|Stuttgart Nordbahnhof|Stuttgart Hbf (tief)|Stuttgart Stadtmitte|Stuttgart Feuersee,8006698,Stuttgart Schwabstraße,Baden-Württemberg,Stuttgart,70197,9.156496717,48.77013954,3,2606051210,,,,,,,,,,,,,2.0,0.0
4960236751390972026-2606051200-4,7328,2606051210,2606051210,2,,S,S3,Stuttgart-Vaihingen|Stuttgart-Österfeld|Stuttgart Universität,8006698,Stuttgart Schwabstraße,Baden-Württemberg,Stuttgart,70197,9.156496717,48.77013954,3,2606051213,,2606051214,,,,,,,,,,,3.0,4.0
-5040164597006626382-2606051120-18,7129,2606051210,2606051210,1,,S,S1,Kirchheim(Teck)|Kirchheim(Teck)-Ötlingen|Wendlingen(Neckar)|Wernau(Neckar)|Plochingen|Altbach|Esslingen-Zell|Oberesslingen|Esslingen(Neckar)|Esslingen-Mettingen|Stuttgart-Obertürkheim|Stuttgart-Untertürkheim|Stuttgart Neckarpark|Stuttgart-Bad Cannstatt|Stuttgart Hbf (tief)|Stuttgart Stadtmitte|Stuttgart Feuersee,8006698,Stuttgart Schwabstraße,Baden-Württemberg,Stuttgart,70197,9.156496717,48.77013954,3,2606051213,,2606051213,,,,,,,,,,,3.0,3.0
8851012744564607240-2606051211-15,7331,2606051250,2606051250,1,,S,S3,Backnang|Maubach|Nellmersbach|Winnenden|Schwaikheim|Neustadt-Hohenacker|Waiblingen|Fellbach|Stuttgart-Sommerrain|Stuttgart Nürnberger Str.|Stuttgart-Bad Cannstatt|Stuttgart Hbf (tief)|Stuttgart Stadtmitte|Stuttgart Feuersee,8006698,Stuttgart Schwabstraße,Baden-Württemberg,Stuttgart,70197,9.156496717,48.77013954,3,2606051254,,2606051254,,,,,,,,,,,4.0,4.0
-3901454027336800522-2606051203-17,7431,2606051258,,1,,S,,Backnang|Burgstall(Murr)|Kirchberg(Murr)|Erdmannhausen|Marbach(Neckar)|Benningen(Neckar)|Freiberg(Neckar)|Favoritepark|Ludwigsburg|Kornwestheim Pbf|Stuttgart-Zuffenhausen|Stuttgart-Feuerbach|Stuttgart Nordbahnhof|Stuttgart Hbf (tief)|Stuttgart Stadtmitte|Stuttgart Feuersee,8006698,Stuttgart Schwabstraße,Baden-Württemberg,Stuttgart,70197,9.156496717,48.77013954,3,2606051302,,,,,,,,,,,,,4.0,0.0
-6103095444831223240-2606051210-9,7231,2606051230,2606051230,1,,S,S2,Waiblingen|Fellbach|Stuttgart-Sommerrain|Stuttgart Nürnberger Str.|Stuttgart-Bad Cannstatt|Stuttgart Hbf (tief)|Stuttgart Stadtmitte|Stuttgart Feuersee,8006698,Stuttgart Schwabstraße,Baden-Württemberg,Stuttgart,70197,9.156496717,48.77013954,3,2606051232,,2606051232,,h,1,Bauarbeiten,,,,,,,2.0,2.0
6476044054617913836-2606051133-17,7629,2606051218,,1,,S,,Weil der Stadt|Malmsheim|Renningen|Rutesheim|Leonberg|Höfingen|Ditzingen|Weilimdorf|Korntal|Neuwirtshaus(Porscheplatz)|Stuttgart-Zuffenhausen|Stuttgart-Feuerbach|Stuttgart Nordbahnhof|Stuttgart Hbf (tief)|Stuttgart Stadtmitte|Stuttgart Feuersee,8006698,Stuttgart Schwabstraße,Baden-Württemberg,Stuttgart,70197,9.156496717,48.77013954,3,2606051219,,,,,,,,,,,,,1.0,0.0
1899806724872395697-2606051222-14,7733,2606051255,2606051255,1,,S,S1,Plochingen|Altbach|Esslingen-Zell|Oberesslingen|Esslingen(Neckar)|Esslingen-Mettingen|Stuttgart-Obertürkheim|Stuttgart-Untertürkheim|Stuttgart Neckarpark|Stuttgart-Bad Cannstatt|Stuttgart Hbf (tief)|Stuttgart Stadtmitte|Stuttgart Feuersee,8006698,Stuttgart Schwabstraße,Baden-Württemberg,Stuttgart,70197,9.156496717,48.77013954,3,2606051300,,2606051300,,,,,,,,,,,5.0,5.0
-7003931357074639826-2606051227-1,7934,,2606051227,,,S,S6,,8006698,Stuttgart Schwabstraße,Baden-Württemberg,Stuttgart,70197,9.156496717,48.77013954,3,,,2606051231,,,,,,,,,,,0.0,4.0
-5995002106705392995-2606051247-1,28400,,2606051247,,,S,S4,,8006698,Stuttgart Schwabstraße,Baden-Württemberg,Stuttgart,70197,9.156496717,48.77013954,3,,,2606051251,,,,,,,,,,,0.0,4.0
5028335445624663016-2606051245-4,28328,2606051255,2606051255,2,,S,S3,Stuttgart-Vaihingen|Stuttgart-Österfeld|Stuttgart Universität,8006698,Stuttgart Schwabstraße,Baden-Württemberg,Stuttgart,70197,9.156496717,48.77013954,3,2606051255,,2606051256,,,,,,,,,,,0.0,1.0
5532078017754681393-2606051215-4,28326,2606051225,2606051225,2,,S,S3,Stuttgart-Vaihingen|Stuttgart-Österfeld|Stuttgart Universität,8006698,Stuttgart Schwabstraße,Baden-Württemberg,Stuttgart,70197,9.156496717,48.77013954,3,2606051229,,2606051229,,,,,,,,,,,4.0,4.0
-4649178681507243732-2606051118-17,7925,2606051203,,1,,S,,Weil der Stadt|Malmsheim|Renningen|Rutesheim|Leonberg|Höfingen|Ditzingen|Weilimdorf|Korntal|Neuwirtshaus(Porscheplatz)|Stuttgart-Zuffenhausen|Stuttgart-Feuerbach|Stuttgart Nordbahnhof|Stuttgart Hbf (tief)|Stuttgart Stadtmitte|Stuttgart Feuersee,8006698,Stuttgart Schwabstraße,Baden-Württemberg,Stuttgart,70197,9.156496717,48.77013954,3,2606051205,,,,,,,,,,,,,2.0,0.0
-5759624544289762969-2606051146-12,7130,2606051220,2606051220,2,,S,S1,Herrenberg|Nufringen|Gärtringen|Ehningen(b Böblingen)|Hulb|Böblingen|Goldberg(Württ)|Stuttgart-Rohr|Stuttgart-Vaihingen|Stuttgart-Österfeld|Stuttgart Universität,8006698,Stuttgart Schwabstraße,Baden-Württemberg,Stuttgart,70197,9.156496717,48.77013954,3,2606051223,,2606051224,,,,,,,,,,,3.0,4.0
3655115014084866226-2606051237-1,28466,,2606051237,,,S,S5,,8006698,Stuttgart Schwabstraße,Baden-Württemberg,Stuttgart,70197,9.156496717,48.77013954,3,,,2606051242,,,,,,,,,,,0.0,5.0
4736637014602700336-2606051150-18,7131,2606051240,2606051240,1,,S,S1,Kirchheim(Teck)|Kirchheim(Teck)-Ötlingen|Wendlingen(Neckar)|Wernau(Neckar)|Plochingen|Altbach|Esslingen-Zell|Oberesslingen|Esslingen(Neckar)|Esslingen-Mettingen|Stuttgart-Obertürkheim|Stuttgart-Untertürkheim|Stuttgart Neckarpark|Stuttgart-Bad Cannstatt|Stuttgart Hbf (tief)|Stuttgart Stadtmitte|Stuttgart Feuersee,8006698,Stuttgart Schwabstraße,Baden-Württemberg,Stuttgart,70197,9.156496717,48.77013954,3,2606051244,,2606051244,,,,,,,,,,,4.0,4.0
-2997586613667252816-2606051134-21,7027,2606051233,,1,,S,,Böblingen|Sindelfingen|Maichingen|Maichingen Nord|Magstadt|Renningen Süd|Renningen|Rutesheim|Leonberg|Höfingen|Ditzingen|Weilimdorf|Korntal|Neuwirtshaus(Porscheplatz)|Stuttgart-Zuffenhausen|Stuttgart-Feuerbach|Stuttgart Nordbahnhof|Stuttgart Hbf (tief)|Stuttgart Stadtmitte|Stuttgart Feuersee,8006698,Stuttgart Schwabstraße,Baden-Württemberg,Stuttgart,70197,9.156496717,48.77013954,3,2606051234,,,,,,,,,,,,,1.0,0.0
-4376819822122462379-2606051133-10,7226,2606051200,2606051200,2,,S,S2,Filderstadt|Stuttgart Flughafen/Messe|Echterdingen|Leinfelden|Oberaichen|Stuttgart-Rohr|Stuttgart-Vaihingen|Stuttgart-Österfeld|Stuttgart Universität,8006698,Stuttgart Schwabstraße,Baden-Württemberg,Stuttgart,70197,9.156496717,48.77013954,3,2606051203,,2606051203,,h,1,Bauarbeiten,,,,,,,3.0,3.0
-88152744654327027-2606051206-5,7825,2606051215,2606051215,1,,S,S2,Stuttgart-Bad Cannstatt|Stuttgart Hbf (tief)|Stuttgart Stadtmitte|Stuttgart Feuersee,8006698,Stuttgart Schwabstraße,Baden-Württemberg,Stuttgart,70197,9.156496717,48.77013954,3,2606051217,,2606051217,,h,1,Bauarbeiten,,,,,,,2.0,2.0
-2230763094975584744-2606051140-9,7229,2606051200,2606051200,1,,S,S2,Waiblingen|Fellbach|Stuttgart-Sommerrain|Stuttgart Nürnberger Str.|Stuttgart-Bad Cannstatt|Stuttgart Hbf (tief)|Stuttgart Stadtmitte|Stuttgart Feuersee,8006698,Stuttgart Schwabstraße,Baden-Württemberg,Stuttgart,70197,9.156496717,48.77013954,3,2606051203,,2606051203,,h,1,Bauarbeiten,,,,,,,3.0,3.0
1210820457386322567-2606051257-1,7036,,2606051257,,,S,S60,,8006698,Stuttgart Schwabstraße,Baden-Württemberg,Stuttgart,70197,9.156496717,48.77013954,3,,,2606051302,,,,,,,,,,,0.0,5.0
6168129635936742431-2606051203-10,7228,2606051230,2606051230,2,,S,S2,Filderstadt|Stuttgart Flughafen/Messe|Echterdingen|Leinfelden|Oberaichen|Stuttgart-Rohr|Stuttgart-Vaihingen|Stuttgart-Österfeld|Stuttgart Universität,8006698,Stuttgart Schwabstraße,Baden-Württemberg,Stuttgart,70197,9.156496717,48.77013954,3,2606051233,,2606051233,,h,1,Bauarbeiten,,,,,,,3.0,3.0
7206179278625566012-2606051230-4,7330,2606051240,2606051240,2,,S,S3,Stuttgart-Vaihingen|Stuttgart-Österfeld|Stuttgart Universität,8006698,Stuttgart Schwabstraße,Baden-Württemberg,Stuttgart,70197,9.156496717,48.77013954,3,2606051243,,2606051244,,,,,,,,,,,3.0,4.0
-7035220678398818959-2606051212-1,7628,,2606051212,,,S,S6,,8006698,Stuttgart Schwabstraße,Baden-Württemberg,Stuttgart,70197,9.156496717,48.77013954,3,,,2606051216,,,,,,,,,,,0.0,4.0
-3955134605586594139-2606051141-15,7329,2606051220,2606051220,1,,S,S3,Backnang|Maubach|Nellmersbach|Winnenden|Schwaikheim|Neustadt-Hohenacker|Waiblingen|Fellbach|Stuttgart-Sommerrain|Stuttgart Nürnberger Str.|Stuttgart-Bad Cannstatt|Stuttgart Hbf (tief)|Stuttgart Stadtmitte|Stuttgart Feuersee,8006698,Stuttgart Schwabstraße,Baden-Württemberg,Stuttgart,70197,9.156496717,48.77013954,3,2606051223,,2606051224,,,,,,,,,,,3.0,4.0
2930744972942057808-2606051207-12,7531,2606051238,,1,,S,,Bietigheim-Bissingen|Tamm(Württ)|Asperg|Ludwigsburg|Kornwestheim Pbf|Stuttgart-Zuffenhausen|Stuttgart-Feuerbach|Stuttgart Nordbahnhof|Stuttgart Hbf (tief)|Stuttgart Stadtmitte|Stuttgart Feuersee,8006698,Stuttgart Schwabstraße,Baden-Württemberg,Stuttgart,70197,9.156496717,48.77013954,3,2606051242,,,,,,,,,,,,,4.0,0.0
-2837347101663805561-2606051133-17,7429,2606051228,,1,,S,,Backnang|Burgstall(Murr)|Kirchberg(Murr)|Erdmannhausen|Marbach(Neckar)|Benningen(Neckar)|Freiberg(Neckar)|Favoritepark|Ludwigsburg|Kornwestheim Pbf|Stuttgart-Zuffenhausen|Stuttgart-Feuerbach|Stuttgart Nordbahnhof|Stuttgart Hbf (tief)|Stuttgart Stadtmitte|Stuttgart Feuersee,8006698,Stuttgart Schwabstraße,Baden-Württemberg,Stuttgart,70197,9.156496717,48.77013954,3,2606051237,,,,,,,,,,,,,9.0,0.0
9194663872562058086-2606051227-1,7034,,2606051227,,,S,S60,,8006698,Stuttgart Schwabstraße,Baden-Württemberg,Stuttgart,70197,9.156496717,48.77013954,3,,,2606051231,,,,,,,,,,,0.0,4.0
3410717060998267101-2606051216-12,7132,2606051250,2606051250,2,,S,S1,Herrenberg|Nufringen|Gärtringen|Ehningen(b Böblingen)|Hulb|Böblingen|Goldberg(Württ)|Stuttgart-Rohr|Stuttgart-Vaihingen|Stuttgart-Österfeld|Stuttgart Universität,8006698,Stuttgart Schwabstraße,Baden-Württemberg,Stuttgart,70197,9.156496717,48.77013954,3,2606051259,,2606051259,,,,,,,,,,,9.0,9.0
2059911478828825113-2606051201-12,7728,2606051235,2606051235,2,,S,S1,Herrenberg|Nufringen|Gärtringen|Ehningen(b Böblingen)|Hulb|Böblingen|Goldberg(Württ)|Stuttgart-Rohr|Stuttgart-Vaihingen|Stuttgart-Österfeld|Stuttgart Universität,8006698,Stuttgart Schwabstraße,Baden-Württemberg,Stuttgart,70197,9.156496717,48.77013954,3,2606051238,,2606051239,,,,,,,,,,,3.0,4.0
1836435062166220832-2606051131-12,7726,2606051205,2606051205,2,,S,S1,Herrenberg|Nufringen|Gärtringen|Ehningen(b Böblingen)|Hulb|Böblingen|Goldberg(Württ)|Stuttgart-Rohr|Stuttgart-Vaihingen|Stuttgart-Österfeld|Stuttgart Universität,8006698,Stuttgart Schwabstraße,Baden-Württemberg,Stuttgart,70197,9.156496717,48.77013954,3,2606051208,,2606051208,,,,,,,,,,,3.0,3.0
8207272767207255575-2606051203-17,7631,2606051248,,1,,S,,Weil der Stadt|Malmsheim|Renningen|Rutesheim|Leonberg|Höfingen|Ditzingen|Weilimdorf|Korntal|Neuwirtshaus(Porscheplatz)|Stuttgart-Zuffenhausen|Stuttgart-Feuerbach|Stuttgart Nordbahnhof|Stuttgart Hbf (tief)|Stuttgart Stadtmitte|Stuttgart Feuersee,8006698,Stuttgart Schwabstraße,Baden-Württemberg,Stuttgart,70197,9.156496717,48.77013954,3,2606051251,,,,,,,,,,,,,3.0,0.0
5127975581387066276-2606051202-1,7426,,2606051202,,,S,S4,,8006698,Stuttgart Schwabstraße,Baden-Württemberg,Stuttgart,70197,9.156496717,48.77013954,3,,,2606051206,,,,,,,,,,,0.0,4.0
-2740283852421142578-2606051218-10,7830,2606051245,2606051245,2,,S,S2,Filderstadt|Stuttgart Flughafen/Messe|Echterdingen|Leinfelden|Oberaichen|Stuttgart-Rohr|Stuttgart-Vaihingen|Stuttgart-Österfeld|Stuttgart Universität,8006698,Stuttgart Schwabstraße,Baden-Württemberg,Stuttgart,70197,9.156496717,48.77013954,3,2606051248,,2606051248,,h,1,Bauarbeiten,,,,,,,3.0,3.0
-8375167329740848278-2606051104-21,7025,2606051203,,1,,S,,Böblingen|Sindelfingen|Maichingen|Maichingen Nord|Magstadt|Renningen Süd|Renningen|Rutesheim|Leonberg|Höfingen|Ditzingen|Weilimdorf|Korntal|Neuwirtshaus(Porscheplatz)|Stuttgart-Zuffenhausen|Stuttgart-Feuerbach|Stuttgart Nordbahnhof|Stuttgart Hbf (tief)|Stuttgart Stadtmitte|Stuttgart Feuersee,8006698,Stuttgart Schwabstraße,Baden-Württemberg,Stuttgart,70197,9.156496717,48.77013954,3,2606051205,,,,,,,,,,,,,2.0,0.0
-83917606962888125-2606051156-9,28325,2606051220,2606051220,1,,S,S3,Backnang|Maubach|Nellmersbach|Winnenden|Schwaikheim|Neustadt-Hohenacker|Waiblingen|Fellbach,8005774,Stuttgart-Sommerrain,Baden-Württemberg,Stuttgart,70374,9.248369749,48.81521824,5,2606051224,,2606051224,,,,,,,,,,,4.0,4.0
-2797726383545175511-2606051226-9,28327,2606051250,2606051250,1,,S,S3,Backnang|Maubach|Nellmersbach|Winnenden|Schwaikheim|Neustadt-Hohenacker|Waiblingen|Fellbach,8005774,Stuttgart-Sommerrain,Baden-Württemberg,Stuttgart,70374,9.248369749,48.81521824,5,,,,,,,,,,,,c,c,0.0,0.0
4960236751390972026-2606051200-10,7328,2606051224,2606051224,4,,S,S3,Stuttgart-Vaihingen|Stuttgart-Österfeld|Stuttgart Universität|Stuttgart Schwabstr.|Stuttgart Feuersee|Stuttgart Stadtmitte|Stuttgart Hbf (tief)|Stuttgart-Bad Cannstatt|Stuttgart Nürnberger Str.,8005774,Stuttgart-Sommerrain,Baden-Württemberg,Stuttgart,70374,9.248369749,48.81521824,5,2606051228,,2606051229,,,,,,,,,,,4.0,5.0
8851012744564607240-2606051211-9,7331,2606051235,2606051235,1,,S,S3,Backnang|Maubach|Nellmersbach|Winnenden|Schwaikheim|Neustadt-Hohenacker|Waiblingen|Fellbach,8005774,Stuttgart-Sommerrain,Baden-Württemberg,Stuttgart,70374,9.248369749,48.81521824,5,2606051235,,2606051236,,,,,,,,,,,0.0,1.0
-6103095444831223240-2606051210-3,7231,2606051215,2606051215,1,,S,S2,Waiblingen|Fellbach,8005774,Stuttgart-Sommerrain,Baden-Württemberg,Stuttgart,70374,9.248369749,48.81521824,5,2606051217,,2606051217,,h,1,Bauarbeiten,,,,,,,2.0,2.0
5532078017754681393-2606051215-10,28326,2606051239,2606051239,4,,S,S3,Stuttgart-Vaihingen|Stuttgart-Österfeld|Stuttgart Universität|Stuttgart Schwabstr.|Stuttgart Feuersee|Stuttgart Stadtmitte|Stuttgart Hbf (tief)|Stuttgart-Bad Cannstatt|Stuttgart Nürnberger Str.,8005774,Stuttgart-Sommerrain,Baden-Württemberg,Stuttgart,70374,9.248369749,48.81521824,5,2606051243,,2606051243,,,,,,,,,,,4.0,4.0
-4376819822122462379-2606051133-16,7226,2606051214,2606051214,4,,S,S2,Filderstadt|Stuttgart Flughafen/Messe|Echterdingen|Leinfelden|Oberaichen|Stuttgart-Rohr|Stuttgart-Vaihingen|Stuttgart-Österfeld|Stuttgart Universität|Stuttgart Schwabstr.|Stuttgart Feuersee|Stuttgart Stadtmitte|Stuttgart Hbf (tief)|Stuttgart-Bad Cannstatt|Stuttgart Nürnberger Str.,8005774,Stuttgart-Sommerrain,Baden-Württemberg,Stuttgart,70374,9.248369749,48.81521824,5,2606051218,,2606051220,,h,1,Bauarbeiten,,,,,,,4.0,6.0
6168129635936742431-2606051203-16,7228,2606051244,2606051244,4,,S,S2,Filderstadt|Stuttgart Flughafen/Messe|Echterdingen|Leinfelden|Oberaichen|Stuttgart-Rohr|Stuttgart-Vaihingen|Stuttgart-Österfeld|Stuttgart Universität|Stuttgart Schwabstr.|Stuttgart Feuersee|Stuttgart Stadtmitte|Stuttgart Hbf (tief)|Stuttgart-Bad Cannstatt|Stuttgart Nürnberger Str.,8005774,Stuttgart-Sommerrain,Baden-Württemberg,Stuttgart,70374,9.248369749,48.81521824,5,2606051247,,2606051247,,h,1,Bauarbeiten,,,,,,,3.0,3.0
5274226899640306616-2606051145-10,28324,2606051209,2606051209,4,,S,S3,Stuttgart-Vaihingen|Stuttgart-Österfeld|Stuttgart Universität|Stuttgart Schwabstr.|Stuttgart Feuersee|Stuttgart Stadtmitte|Stuttgart Hbf (tief)|Stuttgart-Bad Cannstatt|Stuttgart Nürnberger Str.,8005774,Stuttgart-Sommerrain,Baden-Württemberg,Stuttgart,70374,9.248369749,48.81521824,5,2606051214,,2606051214,,,,,,,,,,,5.0,5.0
7206179278625566012-2606051230-10,7330,2606051254,2606051254,4,,S,S3,Stuttgart-Vaihingen|Stuttgart-Österfeld|Stuttgart Universität|Stuttgart Schwabstr.|Stuttgart Feuersee|Stuttgart Stadtmitte|Stuttgart Hbf (tief)|Stuttgart-Bad Cannstatt|Stuttgart Nürnberger Str.,8005774,Stuttgart-Sommerrain,Baden-Württemberg,Stuttgart,70374,9.248369749,48.81521824,5,2606051258,,2606051259,,,,,,,,,,,4.0,5.0
-3955134605586594139-2606051141-9,7329,2606051205,2606051205,1,,S,S3,Backnang|Maubach|Nellmersbach|Winnenden|Schwaikheim|Neustadt-Hohenacker|Waiblingen|Fellbach,8005774,Stuttgart-Sommerrain,Baden-Württemberg,Stuttgart,70374,9.248369749,48.81521824,5,2606051208,,2606051209,,,,,,,,,,,3.0,4.0
5033595252729371402-2606051240-3,7233,2606051245,2606051245,1,,S,S2,Waiblingen|Fellbach,8005774,Stuttgart-Sommerrain,Baden-Württemberg,Stuttgart,70374,9.248369749,48.81521824,5,2606051247,,2606051248,,h,1,Bauarbeiten,,,,,,,2.0,3.0
504511267373916834-2606051148-12,7828,2606051218,2606051218,2,,S,S2,Filderstadt|Stuttgart Flughafen/Messe|Echterdingen|Leinfelden|Oberaichen|Stuttgart-Rohr|Stuttgart-Vaihingen|Stuttgart-Österfeld|Stuttgart Universität|Stuttgart Schwabstr.|Stuttgart Feuersee,8006700,Stuttgart Stadtmitte,Baden-Württemberg,Stuttgart,70173,9.173046906,48.77632953,3,2606051221,,2606051222,,h,1,Bauarbeiten,,,,,,,3.0,4.0
3131517444573088003-2606051148-15,7927,2606051229,2606051230,1,,S,S6,Weil der Stadt|Malmsheim|Renningen|Rutesheim|Leonberg|Höfingen|Ditzingen|Weilimdorf|Korntal|Neuwirtshaus(Porscheplatz)|Stuttgart-Zuffenhausen|Stuttgart-Feuerbach|Stuttgart Nordbahnhof|Stuttgart Hbf (tief),8006700,Stuttgart Stadtmitte,Baden-Württemberg,Stuttgart,70173,9.173046906,48.77632953,3,2606051231,,2606051231,,,,,,,,,,,2.0,1.0
3717617338847420907-2606051152-10,28465,2606051219,2606051220,1,,S,S5,Bietigheim-Bissingen|Tamm(Württ)|Asperg|Ludwigsburg|Kornwestheim Pbf|Stuttgart-Zuffenhausen|Stuttgart-Feuerbach|Stuttgart Nordbahnhof|Stuttgart Hbf (tief),8006700,Stuttgart Stadtmitte,Baden-Württemberg,Stuttgart,70173,9.173046906,48.77632953,3,2606051222,,2606051223,,,,,,,,,,,3.0,3.0
-4501469853120362621-2606051210-11,28395,2606051239,2606051240,1,,S,S4,Marbach(Neckar)|Benningen(Neckar)|Freiberg(Neckar)|Favoritepark|Ludwigsburg|Kornwestheim Pbf|Stuttgart-Zuffenhausen|Stuttgart-Feuerbach|Stuttgart Nordbahnhof|Stuttgart Hbf (tief),8006700,Stuttgart Stadtmitte,Baden-Württemberg,Stuttgart,70173,9.173046906,48.77632953,3,2606051243,,2606051243,,,,,,,,,,,4.0,3.0
-83917606962888125-2606051156-13,28325,2606051232,2606051232,1,,S,S3,Backnang|Maubach|Nellmersbach|Winnenden|Schwaikheim|Neustadt-Hohenacker|Waiblingen|Fellbach|Stuttgart-Sommerrain|Stuttgart Nürnberger Str.|Stuttgart-Bad Cannstatt|Stuttgart Hbf (tief),8006700,Stuttgart Stadtmitte,Baden-Württemberg,Stuttgart,70173,9.173046906,48.77632953,3,2606051236,,2606051236,,,,,,,,,,,4.0,4.0
5081771628023632994-2606051140-11,28393,2606051209,2606051210,1,,S,S4,Marbach(Neckar)|Benningen(Neckar)|Freiberg(Neckar)|Favoritepark|Ludwigsburg|Kornwestheim Pbf|Stuttgart-Zuffenhausen|Stuttgart-Feuerbach|Stuttgart Nordbahnhof|Stuttgart Hbf (tief),8006700,Stuttgart Stadtmitte,Baden-Württemberg,Stuttgart,70173,9.173046906,48.77632953,3,2606051212,,2606051212,,,,,,,,,,,3.0,2.0
7608028257592331283-2606051204-19,7029,2606051259,2606051300,1,,S,S60,Böblingen|Sindelfingen|Maichingen|Maichingen Nord|Magstadt|Renningen Süd|Renningen|Rutesheim|Leonberg|Höfingen|Ditzingen|Weilimdorf|Korntal|Neuwirtshaus(Porscheplatz)|Stuttgart-Zuffenhausen|Stuttgart-Feuerbach|Stuttgart Nordbahnhof|Stuttgart Hbf (tief),8006700,Stuttgart Stadtmitte,Baden-Württemberg,Stuttgart,70173,9.173046906,48.77632953,3,2606051305,,2606051305,,,,,,,,,,,6.0,5.0
-6341375793071528498-2606051126-13,28323,2606051202,2606051202,1,,S,S3,Backnang|Maubach|Nellmersbach|Winnenden|Schwaikheim|Neustadt-Hohenacker|Waiblingen|Fellbach|Stuttgart-Sommerrain|Stuttgart Nürnberger Str.|Stuttgart-Bad Cannstatt|Stuttgart Hbf (tief),8006700,Stuttgart Stadtmitte,Baden-Württemberg,Stuttgart,70173,9.173046906,48.77632953,3,2606051204,,2606051205,,,,,,,,,,,2.0,3.0
3217859592210019920-2606051236-3,7827,2606051242,2606051242,1,,S,S2,Stuttgart-Bad Cannstatt|Stuttgart Hbf (tief),8006700,Stuttgart Stadtmitte,Baden-Württemberg,Stuttgart,70173,9.173046906,48.77632953,3,2606051245,,2606051246,,h,1,Bauarbeiten,,,,,,,3.0,4.0
-1459044685595923916-2606051252-3,7532,2606051255,2606051256,2,,S,S5,Stuttgart Schwabstr.|Stuttgart Feuersee,8006700,Stuttgart Stadtmitte,Baden-Württemberg,Stuttgart,70173,9.173046906,48.77632953,3,2606051256,,2606051257,,,,,,,,,,,1.0,1.0
-661438075088023210-2606051242-3,7630,2606051245,2606051246,2,,S,S6,Stuttgart Schwabstr.|Stuttgart Feuersee,8006700,Stuttgart Stadtmitte,Baden-Württemberg,Stuttgart,70173,9.173046906,48.77632953,3,2606051249,,2606051250,,,,,,,,,,,4.0,4.0
6534681549550626676-2606051217-3,28398,2606051220,2606051221,2,,S,S4,Stuttgart Schwabstr.|Stuttgart Feuersee,8006700,Stuttgart Stadtmitte,Baden-Württemberg,Stuttgart,70173,9.173046906,48.77632953,3,2606051224,,2606051225,,,,,,,,,,,4.0,4.0
-182569074075306425-2606051222-3,7530,2606051225,2606051226,2,,S,S5,Stuttgart Schwabstr.|Stuttgart Feuersee,8006700,Stuttgart Stadtmitte,Baden-Württemberg,Stuttgart,70173,9.173046906,48.77632953,3,2606051229,,2606051229,,,,,,,,,,,4.0,3.0
5693136962771673302-2606051232-3,7428,2606051235,2606051236,2,,S,S4,Stuttgart Schwabstr.|Stuttgart Feuersee,8006700,Stuttgart Stadtmitte,Baden-Württemberg,Stuttgart,70173,9.173046906,48.77632953,3,2606051239,,2606051239,,,,,,,,,,,4.0,3.0
8332536860707671559-2606051207-3,28464,2606051210,2606051211,2,,S,S5,Stuttgart Schwabstr.|Stuttgart Feuersee,8006700,Stuttgart Stadtmitte,Baden-Württemberg,Stuttgart,70173,9.173046906,48.77632953,3,2606051214,,2606051214,,,,,,,,,,,4.0,3.0
-3504815606642380245-2606051222-10,28467,2606051249,2606051250,1,,S,S5,Bietigheim-Bissingen|Tamm(Württ)|Asperg|Ludwigsburg|Kornwestheim Pbf|Stuttgart-Zuffenhausen|Stuttgart-Feuerbach|Stuttgart Nordbahnhof|Stuttgart Hbf (tief),8006700,Stuttgart Stadtmitte,Baden-Württemberg,Stuttgart,70173,9.173046906,48.77632953,3,2606051253,,2606051253,,,,,,,,,,,4.0,3.0
-1667866592525461048-2606051152-12,7731,2606051222,2606051222,1,,S,S1,Plochingen|Altbach|Esslingen-Zell|Oberesslingen|Esslingen(Neckar)|Esslingen-Mettingen|Stuttgart-Obertürkheim|Stuttgart-Untertürkheim|Stuttgart Neckarpark|Stuttgart-Bad Cannstatt|Stuttgart Hbf (tief),8006700,Stuttgart Stadtmitte,Baden-Württemberg,Stuttgart,70173,9.173046906,48.77632953,3,2606051225,,2606051225,,,,,,,,,,,3.0,3.0
-4444589756830246864-2606051218-15,7929,2606051259,2606051300,1,,S,S6,Weil der Stadt|Malmsheim|Renningen|Rutesheim|Leonberg|Höfingen|Ditzingen|Weilimdorf|Korntal|Neuwirtshaus(Porscheplatz)|Stuttgart-Zuffenhausen|Stuttgart-Feuerbach|Stuttgart Nordbahnhof|Stuttgart Hbf (tief),8006700,Stuttgart Stadtmitte,Baden-Württemberg,Stuttgart,70173,9.173046906,48.77632953,3,2606051305,,2606051305,,,,,,,,,,,6.0,5.0
7271107614461082752-2606051137-10,7529,2606051204,2606051205,1,,S,S5,Bietigheim-Bissingen|Tamm(Württ)|Asperg|Ludwigsburg|Kornwestheim Pbf|Stuttgart-Zuffenhausen|Stuttgart-Feuerbach|Stuttgart Nordbahnhof|Stuttgart Hbf (tief),8006700,Stuttgart Stadtmitte,Baden-Württemberg,Stuttgart,70173,9.173046906,48.77632953,3,2606051206,,2606051207,,,,,,,,,,,2.0,2.0
4960236751390972026-2606051200-6,7328,2606051213,2606051213,2,,S,S3,Stuttgart-Vaihingen|Stuttgart-Österfeld|Stuttgart Universität|Stuttgart Schwabstr.|Stuttgart Feuersee,8006700,Stuttgart Stadtmitte,Baden-Württemberg,Stuttgart,70173,9.173046906,48.77632953,3,2606051217,,2606051217,,,,,,,,,,,4.0,4.0
-5040164597006626382-2606051120-16,7129,2606051207,2606051207,1,,S,S1,Kirchheim(Teck)|Kirchheim(Teck)-Ötlingen|Wendlingen(Neckar)|Wernau(Neckar)|Plochingen|Altbach|Esslingen-Zell|Oberesslingen|Esslingen(Neckar)|Esslingen-Mettingen|Stuttgart-Obertürkheim|Stuttgart-Untertürkheim|Stuttgart Neckarpark|Stuttgart-Bad Cannstatt|Stuttgart Hbf (tief),8006700,Stuttgart Stadtmitte,Baden-Württemberg,Stuttgart,70173,9.173046906,48.77632953,3,2606051208,,2606051209,,,,,,,,,,,1.0,2.0
8851012744564607240-2606051211-13,7331,2606051247,2606051247,1,,S,S3,Backnang|Maubach|Nellmersbach|Winnenden|Schwaikheim|Neustadt-Hohenacker|Waiblingen|Fellbach|Stuttgart-Sommerrain|Stuttgart Nürnberger Str.|Stuttgart-Bad Cannstatt|Stuttgart Hbf (tief),8006700,Stuttgart Stadtmitte,Baden-Württemberg,Stuttgart,70173,9.173046906,48.77632953,3,2606051250,,2606051251,,,,,,,,,,,3.0,4.0
-3901454027336800522-2606051203-15,7431,2606051254,2606051255,1,,S,S4,Backnang|Burgstall(Murr)|Kirchberg(Murr)|Erdmannhausen|Marbach(Neckar)|Benningen(Neckar)|Freiberg(Neckar)|Favoritepark|Ludwigsburg|Kornwestheim Pbf|Stuttgart-Zuffenhausen|Stuttgart-Feuerbach|Stuttgart Nordbahnhof|Stuttgart Hbf (tief),8006700,Stuttgart Stadtmitte,Baden-Württemberg,Stuttgart,70173,9.173046906,48.77632953,3,2606051259,,2606051300,,,,,,,,,,,5.0,5.0
-6103095444831223240-2606051210-7,7231,2606051227,2606051227,1,,S,S2,Waiblingen|Fellbach|Stuttgart-Sommerrain|Stuttgart Nürnberger Str.|Stuttgart-Bad Cannstatt|Stuttgart Hbf (tief),8006700,Stuttgart Stadtmitte,Baden-Württemberg,Stuttgart,70173,9.173046906,48.77632953,3,2606051228,,2606051229,,h,1,Bauarbeiten,,,,,,,1.0,2.0
6476044054617913836-2606051133-15,7629,2606051214,2606051215,1,,S,S6,Weil der Stadt|Malmsheim|Renningen|Rutesheim|Leonberg|Höfingen|Ditzingen|Weilimdorf|Korntal|Neuwirtshaus(Porscheplatz)|Stuttgart-Zuffenhausen|Stuttgart-Feuerbach|Stuttgart Nordbahnhof|Stuttgart Hbf (tief),8006700,Stuttgart Stadtmitte,Baden-Württemberg,Stuttgart,70173,9.173046906,48.77632953,3,2606051216,,2606051216,,,,,,,,,,,2.0,1.0
1899806724872395697-2606051222-12,7733,2606051252,2606051252,1,,S,S1,Plochingen|Altbach|Esslingen-Zell|Oberesslingen|Esslingen(Neckar)|Esslingen-Mettingen|Stuttgart-Obertürkheim|Stuttgart-Untertürkheim|Stuttgart Neckarpark|Stuttgart-Bad Cannstatt|Stuttgart Hbf (tief),8006700,Stuttgart Stadtmitte,Baden-Württemberg,Stuttgart,70173,9.173046906,48.77632953,3,2606051256,,2606051257,,,,,,,,,,,4.0,5.0
-7003931357074639826-2606051227-3,7934,2606051230,2606051231,2,,S,S6,Stuttgart Schwabstr.|Stuttgart Feuersee,8006700,Stuttgart Stadtmitte,Baden-Württemberg,Stuttgart,70173,9.173046906,48.77632953,3,2606051233,,2606051234,,,,,,,,,,,3.0,3.0
-5995002106705392995-2606051247-3,28400,2606051250,2606051251,2,,S,S4,Stuttgart Schwabstr.|Stuttgart Feuersee,8006700,Stuttgart Stadtmitte,Baden-Württemberg,Stuttgart,70173,9.173046906,48.77632953,3,2606051254,,2606051254,,,,,,,,,,,4.0,3.0
3112151770582767081-2606051157-3,7932,2606051200,2606051201,2,,S,S6,Stuttgart Schwabstr.|Stuttgart Feuersee,8006700,Stuttgart Stadtmitte,Baden-Württemberg,Stuttgart,70173,9.173046906,48.77632953,3,,,,,,,,,,,,c,c,0.0,0.0
5028335445624663016-2606051245-6,28328,2606051258,2606051258,2,,S,S3,Stuttgart-Vaihingen|Stuttgart-Österfeld|Stuttgart Universität|Stuttgart Schwabstr.|Stuttgart Feuersee,8006700,Stuttgart Stadtmitte,Baden-Württemberg,Stuttgart,70173,9.173046906,48.77632953,3,2606051258,,2606051259,,,,,,,,,,,0.0,1.0
5532078017754681393-2606051215-6,28326,2606051228,2606051228,2,,S,S3,Stuttgart-Vaihingen|Stuttgart-Österfeld|Stuttgart Universität|Stuttgart Schwabstr.|Stuttgart Feuersee,8006700,Stuttgart Stadtmitte,Baden-Württemberg,Stuttgart,70173,9.173046906,48.77632953,3,2606051231,,2606051232,,,,,,,,,,,3.0,4.0
-4649178681507243732-2606051118-15,7925,2606051159,2606051200,1,,S,S6,Weil der Stadt|Malmsheim|Renningen|Rutesheim|Leonberg|Höfingen|Ditzingen|Weilimdorf|Korntal|Neuwirtshaus(Porscheplatz)|Stuttgart-Zuffenhausen|Stuttgart-Feuerbach|Stuttgart Nordbahnhof|Stuttgart Hbf (tief),8006700,Stuttgart Stadtmitte,Baden-Württemberg,Stuttgart,70173,9.173046906,48.77632953,3,2606051202,,2606051202,,,,,,,,,,,3.0,2.0
-5759624544289762969-2606051146-14,7130,2606051223,2606051223,2,,S,S1,Herrenberg|Nufringen|Gärtringen|Ehningen(b Böblingen)|Hulb|Böblingen|Goldberg(Württ)|Stuttgart-Rohr|Stuttgart-Vaihingen|Stuttgart-Österfeld|Stuttgart Universität|Stuttgart Schwabstr.|Stuttgart Feuersee,8006700,Stuttgart Stadtmitte,Baden-Württemberg,Stuttgart,70173,9.173046906,48.77632953,3,2606051227,,2606051227,,,,,,,,,,,4.0,4.0
3655115014084866226-2606051237-3,28466,2606051240,2606051241,2,,S,S5,Stuttgart Schwabstr.|Stuttgart Feuersee,8006700,Stuttgart Stadtmitte,Baden-Württemberg,Stuttgart,70173,9.173046906,48.77632953,3,2606051244,,2606051245,,,,,,,,,,,4.0,4.0
4736637014602700336-2606051150-16,7131,2606051237,2606051237,1,,S,S1,Kirchheim(Teck)|Kirchheim(Teck)-Ötlingen|Wendlingen(Neckar)|Wernau(Neckar)|Plochingen|Altbach|Esslingen-Zell|Oberesslingen|Esslingen(Neckar)|Esslingen-Mettingen|Stuttgart-Obertürkheim|Stuttgart-Untertürkheim|Stuttgart Neckarpark|Stuttgart-Bad Cannstatt|Stuttgart Hbf (tief),8006700,Stuttgart Stadtmitte,Baden-Württemberg,Stuttgart,70173,9.173046906,48.77632953,3,2606051241,,2606051241,,,,,,,,,,,4.0,4.0
-2997586613667252816-2606051134-19,7027,2606051229,2606051230,1,,S,S60,Böblingen|Sindelfingen|Maichingen|Maichingen Nord|Magstadt|Renningen Süd|Renningen|Rutesheim|Leonberg|Höfingen|Ditzingen|Weilimdorf|Korntal|Neuwirtshaus(Porscheplatz)|Stuttgart-Zuffenhausen|Stuttgart-Feuerbach|Stuttgart Nordbahnhof|Stuttgart Hbf (tief),8006700,Stuttgart Stadtmitte,Baden-Württemberg,Stuttgart,70173,9.173046906,48.77632953,3,2606051231,,2606051231,,,,,,,,,,,2.0,1.0
-4376819822122462379-2606051133-12,7226,2606051203,2606051203,2,,S,S2,Filderstadt|Stuttgart Flughafen/Messe|Echterdingen|Leinfelden|Oberaichen|Stuttgart-Rohr|Stuttgart-Vaihingen|Stuttgart-Österfeld|Stuttgart Universität|Stuttgart Schwabstr.|Stuttgart Feuersee,8006700,Stuttgart Stadtmitte,Baden-Württemberg,Stuttgart,70173,9.173046906,48.77632953,3,2606051206,,2606051207,,h,1,Bauarbeiten,,,,,,,3.0,4.0
-3839002302897574901-2606051157-3,7032,2606051200,2606051201,2,,S,S60,Stuttgart Schwabstr.|Stuttgart Feuersee,8006700,Stuttgart Stadtmitte,Baden-Württemberg,Stuttgart,70173,9.173046906,48.77632953,3,,,,,,,,,,,,c,c,0.0,0.0
-88152744654327027-2606051206-3,7825,2606051212,2606051212,1,,S,S2,Stuttgart-Bad Cannstatt|Stuttgart Hbf (tief),8006700,Stuttgart Stadtmitte,Baden-Württemberg,Stuttgart,70173,9.173046906,48.77632953,3,2606051214,,2606051214,,h,1,Bauarbeiten,,,,,,,2.0,2.0
6168129635936742431-2606051203-12,7228,2606051233,2606051233,2,,S,S2,Filderstadt|Stuttgart Flughafen/Messe|Echterdingen|Leinfelden|Oberaichen|Stuttgart-Rohr|Stuttgart-Vaihingen|Stuttgart-Österfeld|Stuttgart Universität|Stuttgart Schwabstr.|Stuttgart Feuersee,8006700,Stuttgart Stadtmitte,Baden-Württemberg,Stuttgart,70173,9.173046906,48.77632953,3,2606051236,,2606051236,,h,1,Bauarbeiten,,,,,,,3.0,3.0
7206179278625566012-2606051230-6,7330,2606051243,2606051243,2,,S,S3,Stuttgart-Vaihingen|Stuttgart-Österfeld|Stuttgart Universität|Stuttgart Schwabstr.|Stuttgart Feuersee,8006700,Stuttgart Stadtmitte,Baden-Württemberg,Stuttgart,70173,9.173046906,48.77632953,3,2606051247,,2606051247,,,,,,,,,,,4.0,4.0
-7035220678398818959-2606051212-3,7628,2606051215,2606051216,2,,S,S6,Stuttgart Schwabstr.|Stuttgart Feuersee,8006700,Stuttgart Stadtmitte,Baden-Württemberg,Stuttgart,70173,9.173046906,48.77632953,3,2606051219,,2606051220,,,,,,,,,,,4.0,4.0
-3955134605586594139-2606051141-13,7329,2606051217,2606051217,1,,S,S3,Backnang|Maubach|Nellmersbach|Winnenden|Schwaikheim|Neustadt-Hohenacker|Waiblingen|Fellbach|Stuttgart-Sommerrain|Stuttgart Nürnberger Str.|Stuttgart-Bad Cannstatt|Stuttgart Hbf (tief),8006700,Stuttgart Stadtmitte,Baden-Württemberg,Stuttgart,70173,9.173046906,48.77632953,3,2606051220,,2606051221,,,,,,,,,,,3.0,4.0
2930744972942057808-2606051207-10,7531,2606051234,2606051235,1,,S,S5,Bietigheim-Bissingen|Tamm(Württ)|Asperg|Ludwigsburg|Kornwestheim Pbf|Stuttgart-Zuffenhausen|Stuttgart-Feuerbach|Stuttgart Nordbahnhof|Stuttgart Hbf (tief),8006700,Stuttgart Stadtmitte,Baden-Württemberg,Stuttgart,70173,9.173046906,48.77632953,3,2606051238,,2606051239,,,,,,,,,,,4.0,4.0
-2837347101663805561-2606051133-15,7429,2606051224,2606051225,1,,S,S4,Backnang|Burgstall(Murr)|Kirchberg(Murr)|Erdmannhausen|Marbach(Neckar)|Benningen(Neckar)|Freiberg(Neckar)|Favoritepark|Ludwigsburg|Kornwestheim Pbf|Stuttgart-Zuffenhausen|Stuttgart-Feuerbach|Stuttgart Nordbahnhof|Stuttgart Hbf (tief),8006700,Stuttgart Stadtmitte,Baden-Württemberg,Stuttgart,70173,9.173046906,48.77632953,3,2606051234,,2606051234,,,,,,,,,,,10.0,9.0
9194663872562058086-2606051227-3,7034,2606051230,2606051231,2,,S,S60,Stuttgart Schwabstr.|Stuttgart Feuersee,8006700,Stuttgart Stadtmitte,Baden-Württemberg,Stuttgart,70173,9.173046906,48.77632953,3,2606051233,,2606051234,,,,,,,,,,,3.0,3.0
5033595252729371402-2606051240-7,7233,2606051257,2606051257,1,,S,S2,Waiblingen|Fellbach|Stuttgart-Sommerrain|Stuttgart Nürnberger Str.|Stuttgart-Bad Cannstatt|Stuttgart Hbf (tief),8006700,Stuttgart Stadtmitte,Baden-Württemberg,Stuttgart,70173,9.173046906,48.77632953,3,2606051303,,2606051303,,h,1,Bauarbeiten,,,,,,,6.0,6.0
3410717060998267101-2606051216-14,7132,2606051253,2606051253,2,,S,S1,Herrenberg|Nufringen|Gärtringen|Ehningen(b Böblingen)|Hulb|Böblingen|Goldberg(Württ)|Stuttgart-Rohr|Stuttgart-Vaihingen|Stuttgart-Österfeld|Stuttgart Universität|Stuttgart Schwabstr.|Stuttgart Feuersee,8006700,Stuttgart Stadtmitte,Baden-Württemberg,Stuttgart,70173,9.173046906,48.77632953,3,2606051302,,2606051303,,,,,,,,,,,9.0,10.0
2059911478828825113-2606051201-14,7728,2606051238,2606051238,2,,S,S1,Herrenberg|Nufringen|Gärtringen|Ehningen(b Böblingen)|Hulb|Böblingen|Goldberg(Württ)|Stuttgart-Rohr|Stuttgart-Vaihingen|Stuttgart-Österfeld|Stuttgart Universität|Stuttgart Schwabstr.|Stuttgart Feuersee,8006700,Stuttgart Stadtmitte,Baden-Württemberg,Stuttgart,70173,9.173046906,48.77632953,3,2606051241,,2606051242,,,,,,,,,,,3.0,4.0
1836435062166220832-2606051131-14,7726,2606051208,2606051208,2,,S,S1,Herrenberg|Nufringen|Gärtringen|Ehningen(b Böblingen)|Hulb|Böblingen|Goldberg(Württ)|Stuttgart-Rohr|Stuttgart-Vaihingen|Stuttgart-Österfeld|Stuttgart Universität|Stuttgart Schwabstr.|Stuttgart Feuersee,8006700,Stuttgart Stadtmitte,Baden-Württemberg,Stuttgart,70173,9.173046906,48.77632953,3,2606051211,,2606051212,,,,,,,,,,,3.0,4.0
8207272767207255575-2606051203-15,7631,2606051244,2606051245,1,,S,S6,Weil der Stadt|Malmsheim|Renningen|Rutesheim|Leonberg|Höfingen|Ditzingen|Weilimdorf|Korntal|Neuwirtshaus(Porscheplatz)|Stuttgart-Zuffenhausen|Stuttgart-Feuerbach|Stuttgart Nordbahnhof|Stuttgart Hbf (tief),8006700,Stuttgart Stadtmitte,Baden-Württemberg,Stuttgart,70173,9.173046906,48.77632953,3,2606051248,,2606051248,,,,,,,,,,,4.0,3.0
5127975581387066276-2606051202-3,7426,2606051205,2606051206,2,,S,S4,Stuttgart Schwabstr.|Stuttgart Feuersee,8006700,Stuttgart Stadtmitte,Baden-Württemberg,Stuttgart,70173,9.173046906,48.77632953,3,2606051208,,2606051209,,,,,,,,,,,3.0,3.0
-2740283852421142578-2606051218-12,7830,2606051248,2606051248,2,,S,S2,Filderstadt|Stuttgart Flughafen/Messe|Echterdingen|Leinfelden|Oberaichen|Stuttgart-Rohr|Stuttgart-Vaihingen|Stuttgart-Österfeld|Stuttgart Universität|Stuttgart Schwabstr.|Stuttgart Feuersee,8006700,Stuttgart Stadtmitte,Baden-Württemberg,Stuttgart,70173,9.173046906,48.77632953,3,2606051251,,2606051252,,h,1,Bauarbeiten,,,,,,,3.0,4.0
-8375167329740848278-2606051104-19,7025,2606051159,2606051200,1,,S,S60,Böblingen|Sindelfingen|Maichingen|Maichingen Nord|Magstadt|Renningen Süd|Renningen|Rutesheim|Leonberg|Höfingen|Ditzingen|Weilimdorf|Korntal|Neuwirtshaus(Porscheplatz)|Stuttgart-Zuffenhausen|Stuttgart-Feuerbach|Stuttgart Nordbahnhof|Stuttgart Hbf (tief),8006700,Stuttgart Stadtmitte,Baden-Württemberg,Stuttgart,70173,9.173046906,48.77632953,3,2606051202,,2606051202,,,,,,,,,,,3.0,2.0
-6319936848544854600-2606051220-12,7133,2606051255,2606051255,5,,S,S1,Kirchheim(Teck)|Kirchheim(Teck)-Ötlingen|Wendlingen(Neckar)|Wernau(Neckar)|Plochingen|Altbach|Esslingen-Zell|Oberesslingen|Esslingen(Neckar)|Esslingen-Mettingen|Stuttgart-Obertürkheim,8005775,Stuttgart-Untertürkheim Pbf,Baden-Württemberg,Stuttgart,70327,9.250467074,48.77984679,3,2606051255,,2606051255,,,,,,,,,,,0.0,0.0
-1667866592525461048-2606051152-8,7731,2606051210,2606051210,5,,S,S1,Plochingen|Altbach|Esslingen-Zell|Oberesslingen|Esslingen(Neckar)|Esslingen-Mettingen|Stuttgart-Obertürkheim,8005775,Stuttgart-Untertürkheim Pbf,Baden-Württemberg,Stuttgart,70327,9.250467074,48.77984679,3,2606051210,,2606051210,,,,,,,,,,,0.0,0.0
1899806724872395697-2606051222-8,7733,2606051240,2606051240,5,,S,S1,Plochingen|Altbach|Esslingen-Zell|Oberesslingen|Esslingen(Neckar)|Esslingen-Mettingen|Stuttgart-Obertürkheim,8005775,Stuttgart-Untertürkheim Pbf,Baden-Württemberg,Stuttgart,70327,9.250467074,48.77984679,3,2606051240,,2606051240,,,,,,,,,,,0.0,0.0
-5759624544289762969-2606051146-18,7130,2606051234,2606051234,6,,S,S1,Herrenberg|Nufringen|Gärtringen|Ehningen(b Böblingen)|Hulb|Böblingen|Goldberg(Württ)|Stuttgart-Rohr|Stuttgart-Vaihingen|Stuttgart-Österfeld|Stuttgart Universität|Stuttgart Schwabstr.|Stuttgart Feuersee|Stuttgart Stadtmitte|Stuttgart Hbf (tief)|Stuttgart-Bad Cannstatt|Stuttgart Neckarpark,8005775,Stuttgart-Untertürkheim Pbf,Baden-Württemberg,Stuttgart,70327,9.250467074,48.77984679,3,2606051238,,2606051238,,,,,,,,,,,4.0,4.0
4736637014602700336-2606051150-12,7131,2606051225,2606051225,5,,S,S1,Kirchheim(Teck)|Kirchheim(Teck)-Ötlingen|Wendlingen(Neckar)|Wernau(Neckar)|Plochingen|Altbach|Esslingen-Zell|Oberesslingen|Esslingen(Neckar)|Esslingen-Mettingen|Stuttgart-Obertürkheim,8005775,Stuttgart-Untertürkheim Pbf,Baden-Württemberg,Stuttgart,70327,9.250467074,48.77984679,3,2606051225,,2606051226,,,,,,,,,,,0.0,1.0
3158900998064725317-2606051116-18,7128,2606051204,2606051204,6,,S,S1,Herrenberg|Nufringen|Gärtringen|Ehningen(b Böblingen)|Hulb|Böblingen|Goldberg(Württ)|Stuttgart-Rohr|Stuttgart-Vaihingen|Stuttgart-Österfeld|Stuttgart Universität|Stuttgart Schwabstr.|Stuttgart Feuersee|Stuttgart Stadtmitte|Stuttgart Hbf (tief)|Stuttgart-Bad Cannstatt|Stuttgart Neckarpark,8005775,Stuttgart-Untertürkheim Pbf,Baden-Württemberg,Stuttgart,70327,9.250467074,48.77984679,3,2606051213,,2606051213,,,,,,,,,,,9.0,9.0
2059911478828825113-2606051201-18,7728,2606051249,2606051249,6,,S,S1,Herrenberg|Nufringen|Gärtringen|Ehningen(b Böblingen)|Hulb|Böblingen|Goldberg(Württ)|Stuttgart-Rohr|Stuttgart-Vaihingen|Stuttgart-Österfeld|Stuttgart Universität|Stuttgart Schwabstr.|Stuttgart Feuersee|Stuttgart Stadtmitte|Stuttgart Hbf (tief)|Stuttgart-Bad Cannstatt|Stuttgart Neckarpark,8005775,Stuttgart-Untertürkheim Pbf,Baden-Württemberg,Stuttgart,70327,9.250467074,48.77984679,3,2606051253,,2606051253,,,,,,,,,,,4.0,4.0
1836435062166220832-2606051131-18,7726,2606051219,2606051219,6,,S,S1,Herrenberg|Nufringen|Gärtringen|Ehningen(b Böblingen)|Hulb|Böblingen|Goldberg(Württ)|Stuttgart-Rohr|Stuttgart-Vaihingen|Stuttgart-Österfeld|Stuttgart Universität|Stuttgart Schwabstr.|Stuttgart Feuersee|Stuttgart Stadtmitte|Stuttgart Hbf (tief)|Stuttgart-Bad Cannstatt|Stuttgart Neckarpark,8005775,Stuttgart-Untertürkheim Pbf,Baden-Württemberg,Stuttgart,70327,9.250467074,48.77984679,3,2606051223,,2606051224,,,,,,,,,,,4.0,5.0
504511267373916834-2606051148-7,7828,2606051205,2606051205,3,,S,S2,Filderstadt|Stuttgart Flughafen/Messe|Echterdingen|Leinfelden|Oberaichen|Stuttgart-Rohr,8005776,Stuttgart-Vaihingen,Baden-Württemberg,Stuttgart,70563,9.113913368,48.72698116,3,2606051206,,2606051207,,h,1,Bauarbeiten,,,,,,,1.0,2.0
6037380939760231204-2606051233-7,7230,2606051250,2606051250,3,,S,S2,Filderstadt|Stuttgart Flughafen/Messe|Echterdingen|Leinfelden|Oberaichen|Stuttgart-Rohr,8005776,Stuttgart-Vaihingen,Baden-Württemberg,Stuttgart,70563,9.113913368,48.72698116,3,2606051252,,2606051253,,h,1,Bauarbeiten,,,,,,,2.0,3.0
41668567353075799-2606051231-9,7730,2606051255,2606051255,3,,S,S1,Herrenberg|Nufringen|Gärtringen|Ehningen(b Böblingen)|Hulb|Böblingen|Goldberg(Württ)|Stuttgart-Rohr,8005776,Stuttgart-Vaihingen,Baden-Württemberg,Stuttgart,70563,9.113913368,48.72698116,3,,,2606051257,,,,,,,,,c,,0.0,2.0
-83917606962888125-2606051156-18,28325,2606051244,,2,,S,,Backnang|Maubach|Nellmersbach|Winnenden|Schwaikheim|Neustadt-Hohenacker|Waiblingen|Fellbach|Stuttgart-Sommerrain|Stuttgart Nürnberger Str.|Stuttgart-Bad Cannstatt|Stuttgart Hbf (tief)|Stuttgart Stadtmitte|Stuttgart Feuersee|Stuttgart Schwabstr.|Stuttgart Universität|Stuttgart-Österfeld,8005776,Stuttgart-Vaihingen,Baden-Württemberg,Stuttgart,70563,9.113913368,48.72698116,3,2606051248,,,,,,,,,,,,,4.0,0.0
-6341375793071528498-2606051126-18,28323,2606051214,,2,,S,,Backnang|Maubach|Nellmersbach|Winnenden|Schwaikheim|Neustadt-Hohenacker|Waiblingen|Fellbach|Stuttgart-Sommerrain|Stuttgart Nürnberger Str.|Stuttgart-Bad Cannstatt|Stuttgart Hbf (tief)|Stuttgart Stadtmitte|Stuttgart Feuersee|Stuttgart Schwabstr.|Stuttgart Universität|Stuttgart-Österfeld,8005776,Stuttgart-Vaihingen,Baden-Württemberg,Stuttgart,70563,9.113913368,48.72698116,3,2606051217,,,,,,,,,,,,,3.0,0.0
3217859592210019920-2606051236-8,7827,2606051254,2606051255,2,,S,S2,Stuttgart-Bad Cannstatt|Stuttgart Hbf (tief)|Stuttgart Stadtmitte|Stuttgart Feuersee|Stuttgart Schwabstr.|Stuttgart Universität|Stuttgart-Österfeld,8005776,Stuttgart-Vaihingen,Baden-Württemberg,Stuttgart,70563,9.113913368,48.72698116,3,2606051257,,2606051258,,h,1,Bauarbeiten,,,,,,,3.0,3.0
-1667866592525461048-2606051152-17,7731,2606051234,2606051235,1,,S,S1,Plochingen|Altbach|Esslingen-Zell|Oberesslingen|Esslingen(Neckar)|Esslingen-Mettingen|Stuttgart-Obertürkheim|Stuttgart-Untertürkheim|Stuttgart Neckarpark|Stuttgart-Bad Cannstatt|Stuttgart Hbf (tief)|Stuttgart Stadtmitte|Stuttgart Feuersee|Stuttgart Schwabstr.|Stuttgart Universität|Stuttgart-Österfeld,8005776,Stuttgart-Vaihingen,Baden-Württemberg,Stuttgart,70563,9.113913368,48.72698116,3,2606051237,,2606051237,,,,,,,,,,,3.0,2.0
4960236751390972026-2606051200-1,7328,,2606051200,,,S,S3,,8005776,Stuttgart-Vaihingen,Baden-Württemberg,Stuttgart,70563,9.113913368,48.72698116,3,,,2606051202,,,,,,,,,,,0.0,2.0
-4197374811050490820-2606051122-17,7729,2606051204,2606051205,1,,S,S1,Plochingen|Altbach|Esslingen-Zell|Oberesslingen|Esslingen(Neckar)|Esslingen-Mettingen|Stuttgart-Obertürkheim|Stuttgart-Untertürkheim|Stuttgart Neckarpark|Stuttgart-Bad Cannstatt|Stuttgart Hbf (tief)|Stuttgart Stadtmitte|Stuttgart Feuersee|Stuttgart Schwabstr.|Stuttgart Universität|Stuttgart-Österfeld,8005776,Stuttgart-Vaihingen,Baden-Württemberg,Stuttgart,70563,9.113913368,48.72698116,3,2606051209,,2606051210,,,,,,,,,,,5.0,5.0
-5040164597006626382-2606051120-21,7129,2606051219,2606051220,1,,S,S1,Kirchheim(Teck)|Kirchheim(Teck)-Ötlingen|Wendlingen(Neckar)|Wernau(Neckar)|Plochingen|Altbach|Esslingen-Zell|Oberesslingen|Esslingen(Neckar)|Esslingen-Mettingen|Stuttgart-Obertürkheim|Stuttgart-Untertürkheim|Stuttgart Neckarpark|Stuttgart-Bad Cannstatt|Stuttgart Hbf (tief)|Stuttgart Stadtmitte|Stuttgart Feuersee|Stuttgart Schwabstr.|Stuttgart Universität|Stuttgart-Österfeld,8005776,Stuttgart-Vaihingen,Baden-Württemberg,Stuttgart,70563,9.113913368,48.72698116,3,2606051221,,2606051222,,,,,,,,,,,2.0,2.0
8851012744564607240-2606051211-18,7331,2606051259,,2,,S,,Backnang|Maubach|Nellmersbach|Winnenden|Schwaikheim|Neustadt-Hohenacker|Waiblingen|Fellbach|Stuttgart-Sommerrain|Stuttgart Nürnberger Str.|Stuttgart-Bad Cannstatt|Stuttgart Hbf (tief)|Stuttgart Stadtmitte|Stuttgart Feuersee|Stuttgart Schwabstr.|Stuttgart Universität|Stuttgart-Österfeld,8005776,Stuttgart-Vaihingen,Baden-Württemberg,Stuttgart,70563,9.113913368,48.72698116,3,2606051302,,,,,,,,,,,,,3.0,0.0
-6103095444831223240-2606051210-12,7231,2606051239,2606051240,2,,S,S2,Waiblingen|Fellbach|Stuttgart-Sommerrain|Stuttgart Nürnberger Str.|Stuttgart-Bad Cannstatt|Stuttgart Hbf (tief)|Stuttgart Stadtmitte|Stuttgart Feuersee|Stuttgart Schwabstr.|Stuttgart Universität|Stuttgart-Österfeld,8005776,Stuttgart-Vaihingen,Baden-Württemberg,Stuttgart,70563,9.113913368,48.72698116,3,2606051241,,2606051242,,h,1,Bauarbeiten,,,,,,,2.0,2.0
5028335445624663016-2606051245-1,28328,,2606051245,,,S,S3,,8005776,Stuttgart-Vaihingen,Baden-Württemberg,Stuttgart,70563,9.113913368,48.72698116,3,,,2606051245,,,,,,,,,,,0.0,0.0
5532078017754681393-2606051215-1,28326,,2606051215,,,S,S3,,8005776,Stuttgart-Vaihingen,Baden-Württemberg,Stuttgart,70563,9.113913368,48.72698116,3,,,2606051216,,,,,,,,,,,0.0,1.0
-5759624544289762969-2606051146-9,7130,2606051210,2606051210,3,,S,S1,Herrenberg|Nufringen|Gärtringen|Ehningen(b Böblingen)|Hulb|Böblingen|Goldberg(Württ)|Stuttgart-Rohr,8005776,Stuttgart-Vaihingen,Baden-Württemberg,Stuttgart,70563,9.113913368,48.72698116,3,2606051211,,2606051212,,,,,,,,,,,1.0,2.0
4736637014602700336-2606051150-21,7131,2606051249,2606051250,1,,S,S1,Kirchheim(Teck)|Kirchheim(Teck)-Ötlingen|Wendlingen(Neckar)|Wernau(Neckar)|Plochingen|Altbach|Esslingen-Zell|Oberesslingen|Esslingen(Neckar)|Esslingen-Mettingen|Stuttgart-Obertürkheim|Stuttgart-Untertürkheim|Stuttgart Neckarpark|Stuttgart-Bad Cannstatt|Stuttgart Hbf (tief)|Stuttgart Stadtmitte|Stuttgart Feuersee|Stuttgart Schwabstr.|Stuttgart Universität|Stuttgart-Österfeld,8005776,Stuttgart-Vaihingen,Baden-Württemberg,Stuttgart,70563,9.113913368,48.72698116,3,2606051252,,2606051253,,,,,,,,,,,3.0,3.0
-88152744654327027-2606051206-8,7825,2606051224,2606051225,2,,S,S2,Stuttgart-Bad Cannstatt|Stuttgart Hbf (tief)|Stuttgart Stadtmitte|Stuttgart Feuersee|Stuttgart Schwabstr.|Stuttgart Universität|Stuttgart-Österfeld,8005776,Stuttgart-Vaihingen,Baden-Württemberg,Stuttgart,70563,9.113913368,48.72698116,3,2606051225,,2606051225,,h,1,Bauarbeiten,,,,,,,1.0,0.0
-2230763094975584744-2606051140-12,7229,2606051209,2606051210,2,,S,S2,Waiblingen|Fellbach|Stuttgart-Sommerrain|Stuttgart Nürnberger Str.|Stuttgart-Bad Cannstatt|Stuttgart Hbf (tief)|Stuttgart Stadtmitte|Stuttgart Feuersee|Stuttgart Schwabstr.|Stuttgart Universität|Stuttgart-Österfeld,8005776,Stuttgart-Vaihingen,Baden-Württemberg,Stuttgart,70563,9.113913368,48.72698116,3,2606051213,,2606051214,,h,1,Bauarbeiten,,,,,,,4.0,4.0
6168129635936742431-2606051203-7,7228,2606051220,2606051220,3,,S,S2,Filderstadt|Stuttgart Flughafen/Messe|Echterdingen|Leinfelden|Oberaichen|Stuttgart-Rohr,8005776,Stuttgart-Vaihingen,Baden-Württemberg,Stuttgart,70563,9.113913368,48.72698116,3,2606051223,,2606051223,,h,1,Bauarbeiten,,,,,,,3.0,3.0
7206179278625566012-2606051230-1,7330,,2606051230,,,S,S3,,8005776,Stuttgart-Vaihingen,Baden-Württemberg,Stuttgart,70563,9.113913368,48.72698116,3,,,2606051233,,,,,,,,,,,0.0,3.0
-3955134605586594139-2606051141-18,7329,2606051229,,2,,S,,Backnang|Maubach|Nellmersbach|Winnenden|Schwaikheim|Neustadt-Hohenacker|Waiblingen|Fellbach|Stuttgart-Sommerrain|Stuttgart Nürnberger Str.|Stuttgart-Bad Cannstatt|Stuttgart Hbf (tief)|Stuttgart Stadtmitte|Stuttgart Feuersee|Stuttgart Schwabstr.|Stuttgart Universität|Stuttgart-Österfeld,8005776,Stuttgart-Vaihingen,Baden-Württemberg,Stuttgart,70563,9.113913368,48.72698116,3,2606051232,,,,,,,,,,,,,3.0,0.0
3410717060998267101-2606051216-9,7132,2606051240,2606051240,3,,S,S1,Herrenberg|Nufringen|Gärtringen|Ehningen(b Böblingen)|Hulb|Böblingen|Goldberg(Württ)|Stuttgart-Rohr,8005776,Stuttgart-Vaihingen,Baden-Württemberg,Stuttgart,70563,9.113913368,48.72698116,3,2606051248,,2606051249,,,,,,,,,,,8.0,9.0
2059911478828825113-2606051201-9,7728,2606051225,2606051225,3,,S,S1,Herrenberg|Nufringen|Gärtringen|Ehningen(b Böblingen)|Hulb|Böblingen|Goldberg(Württ)|Stuttgart-Rohr,8005776,Stuttgart-Vaihingen,Baden-Württemberg,Stuttgart,70563,9.113913368,48.72698116,3,2606051228,,2606051229,,,,,,,,,,,3.0,4.0
-2740283852421142578-2606051218-7,7830,2606051235,2606051235,3,,S,S2,Filderstadt|Stuttgart Flughafen/Messe|Echterdingen|Leinfelden|Oberaichen|Stuttgart-Rohr,8005776,Stuttgart-Vaihingen,Baden-Württemberg,Stuttgart,70563,9.113913368,48.72698116,3,2606051237,,2606051238,,h,1,Bauarbeiten,,,,,,,2.0,3.0
3131517444573088003-2606051148-8,7927,2606051211,2606051211,2,,S,S6,Weil der Stadt|Malmsheim|Renningen|Rutesheim|Leonberg|Höfingen|Ditzingen,8006268,Stuttgart-Weilimdorf,Baden-Württemberg,Stuttgart,70499,9.094370086,48.82208429,5,2606051212,,2606051212,,,,,,,,,,,1.0,1.0
7608028257592331283-2606051204-12,7029,2606051241,2606051241,2,,S,S60,Böblingen|Sindelfingen|Maichingen|Maichingen Nord|Magstadt|Renningen Süd|Renningen|Rutesheim|Leonberg|Höfingen|Ditzingen,8006268,Stuttgart-Weilimdorf,Baden-Württemberg,Stuttgart,70499,9.094370086,48.82208429,5,2606051242,,2606051242,,,,,,,,,,,1.0,1.0
-4444589756830246864-2606051218-8,7929,2606051241,2606051241,2,,S,S6,Weil der Stadt|Malmsheim|Renningen|Rutesheim|Leonberg|Höfingen|Ditzingen,8006268,Stuttgart-Weilimdorf,Baden-Württemberg,Stuttgart,70499,9.094370086,48.82208429,5,2606051242,,2606051242,,,,,,,,,,,1.0,1.0
-7003931357074639826-2606051227-10,7934,2606051248,2606051248,1,,S,S6,Stuttgart Schwabstr.|Stuttgart Feuersee|Stuttgart Stadtmitte|Stuttgart Hbf (tief)|Stuttgart Nordbahnhof|Stuttgart-Feuerbach|Stuttgart-Zuffenhausen|Neuwirtshaus(Porscheplatz)|Korntal,8006268,Stuttgart-Weilimdorf,Baden-Württemberg,Stuttgart,70499,9.094370086,48.82208429,5,2606051249,,2606051249,,,,,,,,,,,1.0,1.0
3112151770582767081-2606051157-10,7932,2606051218,2606051218,1,,S,S6,Stuttgart Schwabstr.|Stuttgart Feuersee|Stuttgart Stadtmitte|Stuttgart Hbf (tief)|Stuttgart Nordbahnhof|Stuttgart-Feuerbach|Stuttgart-Zuffenhausen|Neuwirtshaus(Porscheplatz)|Korntal,8006268,Stuttgart-Weilimdorf,Baden-Württemberg,Stuttgart,70499,9.094370086,48.82208429,5,2606051220,,2606051221,,,,,,,,,,,2.0,3.0
-2997586613667252816-2606051134-12,7027,2606051211,2606051211,2,,S,S60,Böblingen|Sindelfingen|Maichingen|Maichingen Nord|Magstadt|Renningen Süd|Renningen|Rutesheim|Leonberg|Höfingen|Ditzingen,8006268,Stuttgart-Weilimdorf,Baden-Württemberg,Stuttgart,70499,9.094370086,48.82208429,5,2606051212,,2606051212,,,,,,,,,,,1.0,1.0
-3839002302897574901-2606051157-10,7032,2606051218,2606051218,1,,S,S60,Stuttgart Schwabstr.|Stuttgart Feuersee|Stuttgart Stadtmitte|Stuttgart Hbf (tief)|Stuttgart Nordbahnhof|Stuttgart-Feuerbach|Stuttgart-Zuffenhausen|Neuwirtshaus(Porscheplatz)|Korntal,8006268,Stuttgart-Weilimdorf,Baden-Württemberg,Stuttgart,70499,9.094370086,48.82208429,5,2606051220,,2606051221,,,,,,,,,,,2.0,3.0
3519679731657304538-2606051142-10,7626,2606051203,2606051203,1,,S,S6,Stuttgart Schwabstr.|Stuttgart Feuersee|Stuttgart Stadtmitte|Stuttgart Hbf (tief)|Stuttgart Nordbahnhof|Stuttgart-Feuerbach|Stuttgart-Zuffenhausen|Neuwirtshaus(Porscheplatz)|Korntal,8006268,Stuttgart-Weilimdorf,Baden-Württemberg,Stuttgart,70499,9.094370086,48.82208429,5,2606051211,,2606051211,,,,,,,,,,,8.0,8.0
-7035220678398818959-2606051212-10,7628,2606051233,2606051233,1,,S,S6,Stuttgart Schwabstr.|Stuttgart Feuersee|Stuttgart Stadtmitte|Stuttgart Hbf (tief)|Stuttgart Nordbahnhof|Stuttgart-Feuerbach|Stuttgart-Zuffenhausen|Neuwirtshaus(Porscheplatz)|Korntal,8006268,Stuttgart-Weilimdorf,Baden-Württemberg,Stuttgart,70499,9.094370086,48.82208429,5,2606051236,,2606051237,,,,,,,,,,,3.0,4.0
9194663872562058086-2606051227-10,7034,2606051248,2606051248,1,,S,S60,Stuttgart Schwabstr.|Stuttgart Feuersee|Stuttgart Stadtmitte|Stuttgart Hbf (tief)|Stuttgart Nordbahnhof|Stuttgart-Feuerbach|Stuttgart-Zuffenhausen|Neuwirtshaus(Porscheplatz)|Korntal,8006268,Stuttgart-Weilimdorf,Baden-Württemberg,Stuttgart,70499,9.094370086,48.82208429,5,2606051249,,2606051249,,,,,,,,,,,1.0,1.0
-8922964933325247623-2606051233-8,7633,2606051256,2606051256,2,,S,S6,Weil der Stadt|Malmsheim|Renningen|Rutesheim|Leonberg|Höfingen|Ditzingen,8006268,Stuttgart-Weilimdorf,Baden-Württemberg,Stuttgart,70499,9.094370086,48.82208429,5,2606051256,,2606051256,,,,,,,,,,,0.0,0.0
8207272767207255575-2606051203-8,7631,2606051226,2606051226,2,,S,S6,Weil der Stadt|Malmsheim|Renningen|Rutesheim|Leonberg|Höfingen|Ditzingen,8006268,Stuttgart-Weilimdorf,Baden-Württemberg,Stuttgart,70499,9.094370086,48.82208429,5,2606051226,,2606051226,,,,,,,,,,,0.0,0.0
3131517444573088003-2606051148-11,7927,2606051218,2606051219,12,,S,S6,Weil der Stadt|Malmsheim|Renningen|Rutesheim|Leonberg|Höfingen|Ditzingen|Weilimdorf|Korntal|Neuwirtshaus(Porscheplatz),8005778,Stuttgart-Zuffenhausen,Baden-Württemberg,Stuttgart,70435,9.167156375,48.82960884,3,2606051219,,2606051220,,,,,,,,,,,1.0,1.0
3717617338847420907-2606051152-6,28465,2606051208,2606051209,2,,S,S5,Bietigheim-Bissingen|Tamm(Württ)|Asperg|Ludwigsburg|Kornwestheim Pbf,8005778,Stuttgart-Zuffenhausen,Baden-Württemberg,Stuttgart,70435,9.167156375,48.82960884,3,2606051208,,2606051209,,,,,,,,,,,0.0,0.0
-4501469853120362621-2606051210-7,28395,2606051228,2606051229,2,,S,S4,Marbach(Neckar)|Benningen(Neckar)|Freiberg(Neckar)|Favoritepark|Ludwigsburg|Kornwestheim Pbf,8005778,Stuttgart-Zuffenhausen,Baden-Württemberg,Stuttgart,70435,9.167156375,48.82960884,3,2606051229,,2606051230,,,,,,,,,,,1.0,1.0
7608028257592331283-2606051204-15,7029,2606051248,2606051249,12,,S,S60,Böblingen|Sindelfingen|Maichingen|Maichingen Nord|Magstadt|Renningen Süd|Renningen|Rutesheim|Leonberg|Höfingen|Ditzingen|Weilimdorf|Korntal|Neuwirtshaus(Porscheplatz),8005778,Stuttgart-Zuffenhausen,Baden-Württemberg,Stuttgart,70435,9.167156375,48.82960884,3,2606051249,,2606051249,,,,,,,,,,,1.0,0.0
-661438075088023210-2606051242-7,7630,2606051256,2606051257,11,,S,S6,Stuttgart Schwabstr.|Stuttgart Feuersee|Stuttgart Stadtmitte|Stuttgart Hbf (tief)|Stuttgart Nordbahnhof|Stuttgart-Feuerbach,8005778,Stuttgart-Zuffenhausen,Baden-Württemberg,Stuttgart,70435,9.167156375,48.82960884,3,2606051259,,2606051300,,,,,,,,,,,3.0,3.0
-4761009494772144822-2606051152-7,7528,2606051206,2606051207,4,,S,S5,Stuttgart Schwabstr.|Stuttgart Feuersee|Stuttgart Stadtmitte|Stuttgart Hbf (tief)|Stuttgart Nordbahnhof|Stuttgart-Feuerbach,8005778,Stuttgart-Zuffenhausen,Baden-Württemberg,Stuttgart,70435,9.167156375,48.82960884,3,2606051210,,2606051211,,,,,,,,,,,4.0,4.0
6534681549550626676-2606051217-7,28398,2606051231,2606051232,4,,S,S4,Stuttgart Schwabstr.|Stuttgart Feuersee|Stuttgart Stadtmitte|Stuttgart Hbf (tief)|Stuttgart Nordbahnhof|Stuttgart-Feuerbach,8005778,Stuttgart-Zuffenhausen,Baden-Württemberg,Stuttgart,70435,9.167156375,48.82960884,3,2606051235,,2606051235,,,,,,,,,,,4.0,3.0
-182569074075306425-2606051222-7,7530,2606051236,2606051237,4,,S,S5,Stuttgart Schwabstr.|Stuttgart Feuersee|Stuttgart Stadtmitte|Stuttgart Hbf (tief)|Stuttgart Nordbahnhof|Stuttgart-Feuerbach,8005778,Stuttgart-Zuffenhausen,Baden-Württemberg,Stuttgart,70435,9.167156375,48.82960884,3,2606051239,,2606051240,,,,,,,,,,,3.0,3.0
5693136962771673302-2606051232-7,7428,2606051246,2606051247,4,,S,S4,Stuttgart Schwabstr.|Stuttgart Feuersee|Stuttgart Stadtmitte|Stuttgart Hbf (tief)|Stuttgart Nordbahnhof|Stuttgart-Feuerbach,8005778,Stuttgart-Zuffenhausen,Baden-Württemberg,Stuttgart,70435,9.167156375,48.82960884,3,2606051249,,2606051250,,,,,,,,,,,3.0,3.0
4009390930234313645-2606051147-7,28396,2606051201,2606051202,4,,S,S4,Stuttgart Schwabstr.|Stuttgart Feuersee|Stuttgart Stadtmitte|Stuttgart Hbf (tief)|Stuttgart Nordbahnhof|Stuttgart-Feuerbach,8005778,Stuttgart-Zuffenhausen,Baden-Württemberg,Stuttgart,70435,9.167156375,48.82960884,3,2606051201,,2606051202,,,,,,,,,,,0.0,0.0
8332536860707671559-2606051207-7,28464,2606051221,2606051222,4,,S,S5,Stuttgart Schwabstr.|Stuttgart Feuersee|Stuttgart Stadtmitte|Stuttgart Hbf (tief)|Stuttgart Nordbahnhof|Stuttgart-Feuerbach,8005778,Stuttgart-Zuffenhausen,Baden-Württemberg,Stuttgart,70435,9.167156375,48.82960884,3,2606051225,,2606051225,,,,,,,,,,,4.0,3.0
-3504815606642380245-2606051222-6,28467,2606051238,2606051239,2,,S,S5,Bietigheim-Bissingen|Tamm(Württ)|Asperg|Ludwigsburg|Kornwestheim Pbf,8005778,Stuttgart-Zuffenhausen,Baden-Württemberg,Stuttgart,70435,9.167156375,48.82960884,3,2606051239,,2606051239,,,,,,,,,,,1.0,0.0
-4444589756830246864-2606051218-11,7929,2606051248,2606051249,12,,S,S6,Weil der Stadt|Malmsheim|Renningen|Rutesheim|Leonberg|Höfingen|Ditzingen|Weilimdorf|Korntal|Neuwirtshaus(Porscheplatz),8005778,Stuttgart-Zuffenhausen,Baden-Württemberg,Stuttgart,70435,9.167156375,48.82960884,3,2606051249,,2606051249,,,,,,,,,,,1.0,0.0
-144422822861230009-2606051237-6,7533,2606051253,2606051254,2,,S,S5,Bietigheim-Bissingen|Tamm(Württ)|Asperg|Ludwigsburg|Kornwestheim Pbf,8005778,Stuttgart-Zuffenhausen,Baden-Württemberg,Stuttgart,70435,9.167156375,48.82960884,3,2606051255,,2606051256,,,,,,,,,,,2.0,2.0
-3901454027336800522-2606051203-11,7431,2606051243,2606051244,2,,S,S4,Backnang|Burgstall(Murr)|Kirchberg(Murr)|Erdmannhausen|Marbach(Neckar)|Benningen(Neckar)|Freiberg(Neckar)|Favoritepark|Ludwigsburg|Kornwestheim Pbf,8005778,Stuttgart-Zuffenhausen,Baden-Württemberg,Stuttgart,70435,9.167156375,48.82960884,3,2606051248,,2606051249,,,,,,,,,,,5.0,5.0
6476044054617913836-2606051133-11,7629,2606051203,2606051204,12,,S,S6,Weil der Stadt|Malmsheim|Renningen|Rutesheim|Leonberg|Höfingen|Ditzingen|Weilimdorf|Korntal|Neuwirtshaus(Porscheplatz),8005778,Stuttgart-Zuffenhausen,Baden-Württemberg,Stuttgart,70435,9.167156375,48.82960884,3,2606051203,,2606051204,,,,,,,,,,,0.0,0.0
-7003931357074639826-2606051227-7,7934,2606051241,2606051242,11,,S,S6,Stuttgart Schwabstr.|Stuttgart Feuersee|Stuttgart Stadtmitte|Stuttgart Hbf (tief)|Stuttgart Nordbahnhof|Stuttgart-Feuerbach,8005778,Stuttgart-Zuffenhausen,Baden-Württemberg,Stuttgart,70435,9.167156375,48.82960884,3,2606051242,,2606051243,,,,,,,,,,,1.0,1.0
3112151770582767081-2606051157-7,7932,2606051211,2606051212,11,,S,S6,Stuttgart Schwabstr.|Stuttgart Feuersee|Stuttgart Stadtmitte|Stuttgart Hbf (tief)|Stuttgart Nordbahnhof|Stuttgart-Feuerbach,8005778,Stuttgart-Zuffenhausen,Baden-Württemberg,Stuttgart,70435,9.167156375,48.82960884,3,2606051214,,2606051214,,,,,,,,,,,3.0,2.0
3655115014084866226-2606051237-7,28466,2606051251,2606051252,4,,S,S5,Stuttgart Schwabstr.|Stuttgart Feuersee|Stuttgart Stadtmitte|Stuttgart Hbf (tief)|Stuttgart Nordbahnhof|Stuttgart-Feuerbach,8005778,Stuttgart-Zuffenhausen,Baden-Württemberg,Stuttgart,70435,9.167156375,48.82960884,3,2606051254,,2606051255,,,,,,,,,,,3.0,3.0
-2997586613667252816-2606051134-15,7027,2606051218,2606051219,12,,S,S60,Böblingen|Sindelfingen|Maichingen|Maichingen Nord|Magstadt|Renningen Süd|Renningen|Rutesheim|Leonberg|Höfingen|Ditzingen|Weilimdorf|Korntal|Neuwirtshaus(Porscheplatz),8005778,Stuttgart-Zuffenhausen,Baden-Württemberg,Stuttgart,70435,9.167156375,48.82960884,3,2606051219,,2606051220,,,,,,,,,,,1.0,1.0
-1050718254766280262-2606051240-7,28397,2606051258,2606051259,2,,S,S4,Marbach(Neckar)|Benningen(Neckar)|Freiberg(Neckar)|Favoritepark|Ludwigsburg|Kornwestheim Pbf,8005778,Stuttgart-Zuffenhausen,Baden-Württemberg,Stuttgart,70435,9.167156375,48.82960884,3,2606051259,,2606051301,,,,,,,,,,,1.0,2.0
-3839002302897574901-2606051157-7,7032,2606051211,2606051212,11,,S,S60,Stuttgart Schwabstr.|Stuttgart Feuersee|Stuttgart Stadtmitte|Stuttgart Hbf (tief)|Stuttgart Nordbahnhof|Stuttgart-Feuerbach,8005778,Stuttgart-Zuffenhausen,Baden-Württemberg,Stuttgart,70435,9.167156375,48.82960884,3,2606051214,,2606051214,,,,,,,,,,,3.0,2.0
-7035220678398818959-2606051212-7,7628,2606051226,2606051227,11,,S,S6,Stuttgart Schwabstr.|Stuttgart Feuersee|Stuttgart Stadtmitte|Stuttgart Hbf (tief)|Stuttgart Nordbahnhof|Stuttgart-Feuerbach,8005778,Stuttgart-Zuffenhausen,Baden-Württemberg,Stuttgart,70435,9.167156375,48.82960884,3,2606051229,,2606051230,,,,,,,,,,,3.0,3.0
2930744972942057808-2606051207-6,7531,2606051223,2606051224,2,,S,S5,Bietigheim-Bissingen|Tamm(Württ)|Asperg|Ludwigsburg|Kornwestheim Pbf,8005778,Stuttgart-Zuffenhausen,Baden-Württemberg,Stuttgart,70435,9.167156375,48.82960884,3,2606051224,,2606051226,,,,,,,,,,,1.0,2.0
-2837347101663805561-2606051133-11,7429,2606051213,2606051214,2,,S,S4,Backnang|Burgstall(Murr)|Kirchberg(Murr)|Erdmannhausen|Marbach(Neckar)|Benningen(Neckar)|Freiberg(Neckar)|Favoritepark|Ludwigsburg|Kornwestheim Pbf,8005778,Stuttgart-Zuffenhausen,Baden-Württemberg,Stuttgart,70435,9.167156375,48.82960884,3,2606051220,,2606051222,,,,,,,,,,,7.0,8.0
9194663872562058086-2606051227-7,7034,2606051241,2606051242,11,,S,S60,Stuttgart Schwabstr.|Stuttgart Feuersee|Stuttgart Stadtmitte|Stuttgart Hbf (tief)|Stuttgart Nordbahnhof|Stuttgart-Feuerbach,8005778,Stuttgart-Zuffenhausen,Baden-Württemberg,Stuttgart,70435,9.167156375,48.82960884,3,2606051242,,2606051243,,,,,,,,,,,1.0,1.0
8207272767207255575-2606051203-11,7631,2606051233,2606051234,12,,S,S6,Weil der Stadt|Malmsheim|Renningen|Rutesheim|Leonberg|Höfingen|Ditzingen|Weilimdorf|Korntal|Neuwirtshaus(Porscheplatz),8005778,Stuttgart-Zuffenhausen,Baden-Württemberg,Stuttgart,70435,9.167156375,48.82960884,3,2606051233,,2606051234,,,,,,,,,,,0.0,0.0
5127975581387066276-2606051202-7,7426,2606051216,2606051217,4,,S,S4,Stuttgart Schwabstr.|Stuttgart Feuersee|Stuttgart Stadtmitte|Stuttgart Hbf (tief)|Stuttgart Nordbahnhof|Stuttgart-Feuerbach,8005778,Stuttgart-Zuffenhausen,Baden-Württemberg,Stuttgart,70435,9.167156375,48.82960884,3,2606051218,,2606051219,,,,,,,,,,,2.0,2.0
-1322517664793731027-2606051137-11,28462,2606051204,2606051205,3,,S,S5,Stuttgart Schwabstr.|Stuttgart Feuersee|Stuttgart Stadtmitte|Stuttgart Hbf (tief)|Stuttgart Nordbahnhof|Stuttgart-Feuerbach|Stuttgart-Zuffenhausen|Kornwestheim Pbf|Ludwigsburg|Asperg,8005820,Tamm (Württ),Baden-Württemberg,Tamm,71732,9.125288012,48.92187736,4,2606051208,,2606051209,,,,,,,,,,,4.0,4.0
-4761009494772144822-2606051152-11,7528,2606051219,2606051220,3,,S,S5,Stuttgart Schwabstr.|Stuttgart Feuersee|Stuttgart Stadtmitte|Stuttgart Hbf (tief)|Stuttgart Nordbahnhof|Stuttgart-Feuerbach|Stuttgart-Zuffenhausen|Kornwestheim Pbf|Ludwigsburg|Asperg,8005820,Tamm (Württ),Baden-Württemberg,Tamm,71732,9.125288012,48.92187736,4,2606051224,,2606051225,,,,,,,,,,,5.0,5.0
-182569074075306425-2606051222-11,7530,2606051249,2606051250,3,,S,S5,Stuttgart Schwabstr.|Stuttgart Feuersee|Stuttgart Stadtmitte|Stuttgart Hbf (tief)|Stuttgart Nordbahnhof|Stuttgart-Feuerbach|Stuttgart-Zuffenhausen|Kornwestheim Pbf|Ludwigsburg|Asperg,8005820,Tamm (Württ),Baden-Württemberg,Tamm,71732,9.125288012,48.92187736,4,2606051253,,2606051254,,,,,,,,,,,4.0,4.0
8332536860707671559-2606051207-11,28464,2606051234,2606051235,3,,S,S5,Stuttgart Schwabstr.|Stuttgart Feuersee|Stuttgart Stadtmitte|Stuttgart Hbf (tief)|Stuttgart Nordbahnhof|Stuttgart-Feuerbach|Stuttgart-Zuffenhausen|Kornwestheim Pbf|Ludwigsburg|Asperg,8005820,Tamm (Württ),Baden-Württemberg,Tamm,71732,9.125288012,48.92187736,4,2606051238,,2606051238,,,,,,,,,,,4.0,3.0
-3504815606642380245-2606051222-2,28467,2606051225,2606051225,2,,S,S5,Bietigheim-Bissingen,8005820,Tamm (Württ),Baden-Württemberg,Tamm,71732,9.125288012,48.92187736,4,2606051225,,2606051225,,,,,,,,,,,0.0,0.0
-144422822861230009-2606051237-2,7533,2606051240,2606051240,2,,S,S5,Bietigheim-Bissingen,8005820,Tamm (Württ),Baden-Württemberg,Tamm,71732,9.125288012,48.92187736,4,2606051240,,2606051241,,,,,,,,,,,0.0,1.0
-4288525857753429602-2606051252-2,28469,2606051255,2606051255,2,,S,S5,Bietigheim-Bissingen,8005820,Tamm (Württ),Baden-Württemberg,Tamm,71732,9.125288012,48.92187736,4,2606051255,,2606051255,,,,,,,,,,,0.0,0.0
2930744972942057808-2606051207-2,7531,2606051210,2606051210,2,,S,S5,Bietigheim-Bissingen,8005820,Tamm (Württ),Baden-Württemberg,Tamm,71732,9.125288012,48.92187736,4,2606051211,,2606051211,,,,,,,,,,,1.0,1.0
-5133412336731577375-2606051258-1,243,,2606051258,,,Bus,EV,,8000180,Waiblingen,Baden-Württemberg,Waiblingen,71332,9.300476874,48.8262444,3,,,2606051258,,,,,,,,,,,0.0,0.0
-83917606962888125-2606051156-7,28325,2606051214,2606051215,1,,S,S3,Backnang|Maubach|Nellmersbach|Winnenden|Schwaikheim|Neustadt-Hohenacker,8000180,Waiblingen,Baden-Württemberg,Waiblingen,71332,9.300476874,48.8262444,3,2606051219,,2606051220,,,,,,,,,,,5.0,5.0
-3193439599918682335-2606051132-9,17530,2606051220,2606051221,1,,RB,MEX19,Gaildorf West|Fichtenberg|Fornsbach|Murrhardt|Sulzbach(Murr)|Oppenweiler(Württ)|Backnang|Winnenden,8000180,Waiblingen,Baden-Württemberg,Waiblingen,71332,9.300476874,48.8262444,3,2606051223,,2606051224,,,,,,,,,,,3.0,3.0
-7749775710427008689-2606051038-18,88614,2606051251,2606051252,1,,ARV,RE90,Nürnberg Hbf|Roßtal|Heilsbronn|Wicklesgreuth|Ansbach|Leutershausen-Wiedersbach|Dombühl|Schnelldorf|Crailsheim|Eckartshausen-Ilshofen|Schwäbisch Hall-Hessental|Gaildorf West|Murrhardt|Sulzbach(Murr)|Oppenweiler(Württ)|Backnang|Winnenden,8000180,Waiblingen,Baden-Württemberg,Waiblingen,71332,9.300476874,48.8262444,3,2606051252,,2606051253,,,,,,,,,,,1.0,1.0
-2797726383545175511-2606051226-7,28327,2606051244,2606051245,1,,S,S3,Backnang|Maubach|Nellmersbach|Winnenden|Schwaikheim|Neustadt-Hohenacker,8000180,Waiblingen,Baden-Württemberg,Waiblingen,71332,9.300476874,48.8262444,3,,,,,,,,,,,,c,c,0.0,0.0
-97699751698418973-2606051241-7,7333,2606051259,2606051300,1,,S,S3,Backnang|Maubach|Nellmersbach|Winnenden|Schwaikheim|Neustadt-Hohenacker,8000180,Waiblingen,Baden-Württemberg,Waiblingen,71332,9.300476874,48.8262444,3,2606051302,,2606051303,,,,,,,,,,,3.0,3.0
-6365340404261051608-2606051228-1,235,,2606051228,,,Bus,EV,,8000180,Waiblingen,Baden-Württemberg,Waiblingen,71332,9.300476874,48.8262444,3,,,2606051228,,,,,,,,,,,0.0,0.0
4152739802628459938-2606051155-3,17525,2606051206,2606051207,3,,RE,MEX90,Stuttgart Hbf|Stuttgart-Bad Cannstatt,8000180,Waiblingen,Baden-Württemberg,Waiblingen,71332,9.300476874,48.8262444,3,2606051208,,2606051209,,,,,,,,,,,2.0,2.0
-5254529078038247984-2606051222-1,227,,2606051222,,,Bus,EV,,8000180,Waiblingen,Baden-Württemberg,Waiblingen,71332,9.300476874,48.8262444,3,,,2606051222,,,,,,,,,,,0.0,0.0
4960236751390972026-2606051200-12,7328,2606051229,2606051230,3,,S,S3,Stuttgart-Vaihingen|Stuttgart-Österfeld|Stuttgart Universität|Stuttgart Schwabstr.|Stuttgart Feuersee|Stuttgart Stadtmitte|Stuttgart Hbf (tief)|Stuttgart-Bad Cannstatt|Stuttgart Nürnberger Str.|Stuttgart-Sommerrain|Fellbach,8000180,Waiblingen,Baden-Württemberg,Waiblingen,71332,9.300476874,48.8262444,3,2606051233,,2606051234,,,,,,,,,,,4.0,4.0
8851012744564607240-2606051211-7,7331,2606051229,2606051230,1,,S,S3,Backnang|Maubach|Nellmersbach|Winnenden|Schwaikheim|Neustadt-Hohenacker,8000180,Waiblingen,Baden-Württemberg,Waiblingen,71332,9.300476874,48.8262444,3,2606051231,,2606051231,,,,,,,,,,,2.0,1.0
-6103095444831223240-2606051210-1,7231,,2606051210,,,S,S2,,8000180,Waiblingen,Baden-Württemberg,Waiblingen,71332,9.300476874,48.8262444,3,,,2606051211,,h,1,Bauarbeiten,,,,,,,0.0,1.0
5532078017754681393-2606051215-12,28326,2606051244,2606051245,3,,S,S3,Stuttgart-Vaihingen|Stuttgart-Österfeld|Stuttgart Universität|Stuttgart Schwabstr.|Stuttgart Feuersee|Stuttgart Stadtmitte|Stuttgart Hbf (tief)|Stuttgart-Bad Cannstatt|Stuttgart Nürnberger Str.|Stuttgart-Sommerrain|Fellbach,8000180,Waiblingen,Baden-Württemberg,Waiblingen,71332,9.300476874,48.8262444,3,2606051247,,2606051248,,,,,,,,,,,3.0,3.0
-4376819822122462379-2606051133-18,7226,2606051219,,7,,S,,Filderstadt|Stuttgart Flughafen/Messe|Echterdingen|Leinfelden|Oberaichen|Stuttgart-Rohr|Stuttgart-Vaihingen|Stuttgart-Österfeld|Stuttgart Universität|Stuttgart Schwabstr.|Stuttgart Feuersee|Stuttgart Stadtmitte|Stuttgart Hbf (tief)|Stuttgart-Bad Cannstatt|Stuttgart Nürnberger Str.|Stuttgart-Sommerrain|Fellbach,8000180,Waiblingen,Baden-Württemberg,Waiblingen,71332,9.300476874,48.8262444,3,2606051226,,,,h,1,Bauarbeiten,,,,,,,7.0,0.0
6168129635936742431-2606051203-18,7228,2606051249,,7,,S,,Filderstadt|Stuttgart Flughafen/Messe|Echterdingen|Leinfelden|Oberaichen|Stuttgart-Rohr|Stuttgart-Vaihingen|Stuttgart-Österfeld|Stuttgart Universität|Stuttgart Schwabstr.|Stuttgart Feuersee|Stuttgart Stadtmitte|Stuttgart Hbf (tief)|Stuttgart-Bad Cannstatt|Stuttgart Nürnberger Str.|Stuttgart-Sommerrain|Fellbach,8000180,Waiblingen,Baden-Württemberg,Waiblingen,71332,9.300476874,48.8262444,3,2606051252,,,,h,1,Bauarbeiten,,,,,,,3.0,0.0
3982192266941366031-2606051226-3,17527,2606051237,2606051238,3,,RB,MEX19,Stuttgart Hbf|Stuttgart-Bad Cannstatt,8000180,Waiblingen,Baden-Württemberg,Waiblingen,71332,9.300476874,48.8262444,3,2606051237,,2606051238,,,,,,,,,,,0.0,0.0
2741658245571447938-2606051040-10,304,2606051233,,,,Bus,,"ZOB, Aalen|Mögglingen(Gmünd)|Bahnhof, Böbingen an der Rems|Bahnhof (Nepperbergstraße), Schwäbisch Gmünd|Bahnhof, Lorch (Württ)|Waldhausen Bahnhof, Lorch (Württ)|Bahnhofstraße, Plüderhausen|Hauptstraße, Urbach (Rems)|Grabenstraße (Bahnhof), Schorndorf (Württ)",8000180,Waiblingen,Baden-Württemberg,Waiblingen,71332,9.300476874,48.8262444,3,2606051233,,,,,,,,,,,,,0.0,0.0
5274226899640306616-2606051145-12,28324,2606051214,2606051215,3,,S,S3,Stuttgart-Vaihingen|Stuttgart-Österfeld|Stuttgart Universität|Stuttgart Schwabstr.|Stuttgart Feuersee|Stuttgart Stadtmitte|Stuttgart Hbf (tief)|Stuttgart-Bad Cannstatt|Stuttgart Nürnberger Str.|Stuttgart-Sommerrain|Fellbach,8000180,Waiblingen,Baden-Württemberg,Waiblingen,71332,9.300476874,48.8262444,3,2606051223,,2606051224,,,,,,,,,,,9.0,9.0
7206179278625566012-2606051230-12,7330,2606051259,2606051300,3,,S,S3,Stuttgart-Vaihingen|Stuttgart-Österfeld|Stuttgart Universität|Stuttgart Schwabstr.|Stuttgart Feuersee|Stuttgart Stadtmitte|Stuttgart Hbf (tief)|Stuttgart-Bad Cannstatt|Stuttgart Nürnberger Str.|Stuttgart-Sommerrain|Fellbach,8000180,Waiblingen,Baden-Württemberg,Waiblingen,71332,9.300476874,48.8262444,3,2606051303,,2606051304,,,,,,,,,,,4.0,4.0
-3955134605586594139-2606051141-7,7329,2606051159,2606051200,1,,S,S3,Backnang|Maubach|Nellmersbach|Winnenden|Schwaikheim|Neustadt-Hohenacker,8000180,Waiblingen,Baden-Württemberg,Waiblingen,71332,9.300476874,48.8262444,3,2606051204,,2606051204,,,,,,,,,,,5.0,4.0
-4536433194496505288-2606051130-12,7326,2606051159,2606051200,3,,S,S3,Stuttgart-Vaihingen|Stuttgart-Österfeld|Stuttgart Universität|Stuttgart Schwabstr.|Stuttgart Feuersee|Stuttgart Stadtmitte|Stuttgart Hbf (tief)|Stuttgart-Bad Cannstatt|Stuttgart Nürnberger Str.|Stuttgart-Sommerrain|Fellbach,8000180,Waiblingen,Baden-Württemberg,Waiblingen,71332,9.300476874,48.8262444,3,2606051209,,2606051210,,,,,,,,,c,c,10.0,10.0
6628845046377735363-2606051252-1,237,,2606051252,,,Bus,EV,,8000180,Waiblingen,Baden-Württemberg,Waiblingen,71332,9.300476874,48.8262444,3,,,2606051252,,,,,,,,,,,0.0,0.0
5033595252729371402-2606051240-1,7233,,2606051240,,,S,S2,,8000180,Waiblingen,Baden-Württemberg,Waiblingen,71332,9.300476874,48.8262444,3,,,2606051241,,h,1,Bauarbeiten,,,,,,,0.0,1.0
2097231571130145122-2606051037-4,302,2606051204,,,,Bus,,"ZOB, Aalen|Bahnhof (Nepperbergstraße), Schwäbisch Gmünd|Grabenstraße (Bahnhof), Schorndorf (Württ)",8000180,Waiblingen,Baden-Württemberg,Waiblingen,71332,9.300476874,48.8262444,3,2606051204,,,,,,,,,,,,,0.0,0.0
7895010517088127516-2606051107-4,310,2606051234,,,,Bus,,"ZOB, Aalen|Bahnhof (Nepperbergstraße), Schwäbisch Gmünd|Grabenstraße (Bahnhof), Schorndorf (Württ)",8000180,Waiblingen,Baden-Württemberg,Waiblingen,71332,9.300476874,48.8262444,3,2606051234,,,,,,,,,,,,,0.0,0.0
-5799888139602826694-2606051010-10,296,2606051203,,,,Bus,,"ZOB, Aalen|Mögglingen(Gmünd)|Bahnhof, Böbingen an der Rems|Bahnhof (Nepperbergstraße), Schwäbisch Gmünd|Bahnhof, Lorch (Württ)|Waldhausen Bahnhof, Lorch (Württ)|Bahnhofstraße, Plüderhausen|Hauptstraße, Urbach (Rems)|Grabenstraße (Bahnhof), Schorndorf (Württ)",8000180,Waiblingen,Baden-Württemberg,Waiblingen,71332,9.300476874,48.8262444,3,2606051203,,,,,,,,,,,,,0.0,0.0
-4671468548274859337-2606051248-1,7931,,2606051248,,,S,S6,,8006271,Weil der Stadt,Baden-Württemberg,Weil der Stadt,71263,8.873189074,48.7557357,4,,,2606051249,,,,,,,,,,,0.0,1.0
-4444589756830246864-2606051218-1,7929,,2606051218,,,S,S6,,8006271,Weil der Stadt,Baden-Württemberg,Weil der Stadt,71263,8.873189074,48.7557357,4,,,2606051218,,,,,,,,,,,0.0,0.0
-4467381660354326502-2606051127-17,7930,2606051212,,2,,S,,Stuttgart Schwabstr.|Stuttgart Feuersee|Stuttgart Stadtmitte|Stuttgart Hbf (tief)|Stuttgart Nordbahnhof|Stuttgart-Feuerbach|Stuttgart-Zuffenhausen|Neuwirtshaus(Porscheplatz)|Korntal|Weilimdorf|Ditzingen|Höfingen|Leonberg|Rutesheim|Renningen|Malmsheim,8006271,Weil der Stadt,Baden-Württemberg,Weil der Stadt,71263,8.873189074,48.7557357,4,2606051215,,,,,,,,,,,,,3.0,0.0
4661880634889542347-2606051234-5,26151,2606051257,,141,,SWE,,Calw|Calw-Heumaden|Althengstett|Ostelsheim,8006271,Weil der Stadt,Baden-Württemberg,Weil der Stadt,71263,8.873189074,48.7557357,4,2606051256,,,,,,,,,,,,,-1.0,0.0
3112151770582767081-2606051157-17,7932,2606051242,,2,,S,,Stuttgart Schwabstr.|Stuttgart Feuersee|Stuttgart Stadtmitte|Stuttgart Hbf (tief)|Stuttgart Nordbahnhof|Stuttgart-Feuerbach|Stuttgart-Zuffenhausen|Neuwirtshaus(Porscheplatz)|Korntal|Weilimdorf|Ditzingen|Höfingen|Leonberg|Rutesheim|Renningen|Malmsheim,8006271,Weil der Stadt,Baden-Württemberg,Weil der Stadt,71263,8.873189074,48.7557357,4,2606051242,,,,,,,,,,,,,0.0,0.0
-4384905914003184593-2606051206-1,26148,,2606051206,,,SWE,RB76,,8006271,Weil der Stadt,Baden-Württemberg,Weil der Stadt,71263,8.873189074,48.7557357,4,,,2606051206,,,,,,,,,,,0.0,0.0
3519679731657304538-2606051142-17,7626,2606051227,,2,,S,,Stuttgart Schwabstr.|Stuttgart Feuersee|Stuttgart Stadtmitte|Stuttgart Hbf (tief)|Stuttgart Nordbahnhof|Stuttgart-Feuerbach|Stuttgart-Zuffenhausen|Neuwirtshaus(Porscheplatz)|Korntal|Weilimdorf|Ditzingen|Höfingen|Leonberg|Rutesheim|Renningen|Malmsheim,8006271,Weil der Stadt,Baden-Württemberg,Weil der Stadt,71263,8.873189074,48.7557357,4,2606051231,,,,,,,,,,,,,4.0,0.0
-7035220678398818959-2606051212-17,7628,2606051257,,2,,S,,Stuttgart Schwabstr.|Stuttgart Feuersee|Stuttgart Stadtmitte|Stuttgart Hbf (tief)|Stuttgart Nordbahnhof|Stuttgart-Feuerbach|Stuttgart-Zuffenhausen|Neuwirtshaus(Porscheplatz)|Korntal|Weilimdorf|Ditzingen|Höfingen|Leonberg|Rutesheim|Renningen|Malmsheim,8006271,Weil der Stadt,Baden-Württemberg,Weil der Stadt,71263,8.873189074,48.7557357,4,2606051258,,,,,,,,,,,,,1.0,0.0
-8922964933325247623-2606051233-1,7633,,2606051233,,,S,S6,,8006271,Weil der Stadt,Baden-Württemberg,Weil der Stadt,71263,8.873189074,48.7557357,4,,,2606051234,,,,,,,,,,,0.0,1.0
8207272767207255575-2606051203-1,7631,,2606051203,,,S,S6,,8006271,Weil der Stadt,Baden-Württemberg,Weil der Stadt,71263,8.873189074,48.7557357,4,,,2606051203,,,,,,,,,,,0.0,0.0
5428406942819857702-2606051205-7,19230,2606051240,2606051241,1,,RE,MEX12,Tübingen Hbf|Reutlingen Hbf|Metzingen(Württ)|Bempflingen|Nürtingen|Oberboihingen,8006331,Wendlingen (Neckar),Baden-Württemberg,Wendlingen am Neckar,73240,9.373662098,48.67368917,3,2606051240,,2606051241,,h,2,Information,,,,,,,0.0,0.0
-6319936848544854600-2606051220-3,7133,2606051227,2606051228,12,,S,S1,Kirchheim(Teck)|Kirchheim(Teck)-Ötlingen,8006331,Wendlingen (Neckar),Baden-Württemberg,Wendlingen am Neckar,73240,9.373662098,48.67368917,3,2606051227,,2606051228,,,,,,,,,,,0.0,0.0
1692997485605395662-2606051250-3,7135,2606051257,2606051258,12,,S,S1,Kirchheim(Teck)|Kirchheim(Teck)-Ötlingen,8006331,Wendlingen (Neckar),Baden-Württemberg,Wendlingen am Neckar,73240,9.373662098,48.67368917,3,2606051300,,2606051300,,,,,,,,,,,3.0,2.0
-8764646975376969217-2606051224-1,16055,,2606051224,,,RE,RE200,,8006331,Wendlingen (Neckar),Baden-Württemberg,Wendlingen am Neckar,73240,9.373662098,48.67368917,3,,,2606051225,,h,3,Information,,,,,,,0.0,1.0
6957530734426493367-2606051229-3,16056,2606051259,,3,,RE,,Ulm Hbf|Merklingen - Schwäbische Alb,8006331,Wendlingen (Neckar),Baden-Württemberg,Wendlingen am Neckar,73240,9.373662098,48.67368917,3,2606051256,,,,h,2,Information,,,,,,,-3.0,0.0
3158900998064725317-2606051116-27,7128,2606051232,2606051233,11,,S,S1,Herrenberg|Nufringen|Gärtringen|Ehningen(b Böblingen)|Hulb|Böblingen|Goldberg(Württ)|Stuttgart-Rohr|Stuttgart-Vaihingen|Stuttgart-Österfeld|Stuttgart Universität|Stuttgart Schwabstr.|Stuttgart Feuersee|Stuttgart Stadtmitte|Stuttgart Hbf (tief)|Stuttgart-Bad Cannstatt|Stuttgart Neckarpark|Stuttgart-Untertürkheim|Stuttgart-Obertürkheim|Esslingen-Mettingen|Esslingen(Neckar)|Oberesslingen|Esslingen-Zell|Altbach|Plochingen|Wernau(Neckar),8006331,Wendlingen (Neckar),Baden-Württemberg,Wendlingen am Neckar,73240,9.373662098,48.67368917,3,2606051236,,2606051237,,,,,,,,,,,4.0,4.0
-3458622020077786212-2606051057-13,19221,2606051218,2606051218,2,,RE,MEX12,Heilbronn Hbf|Nordheim(Württ)|Lauffen(Neckar)|Kirchheim(Neckar)|Walheim(Württ)|Besigheim|Bietigheim-Bissingen|Ludwigsburg|Stuttgart Hbf|Stuttgart-Bad Cannstatt|Esslingen(Neckar)|Plochingen,8006331,Wendlingen (Neckar),Baden-Württemberg,Wendlingen am Neckar,73240,9.373662098,48.67368917,3,2606051221,,2606051222,,h,2,Bauarbeiten,,,,,,,3.0,4.0
5127296555604559795-2606051036-26,19317,2606051250,2606051251,2,,RE,MEX18,Osterburken|Adelsheim Ost|Sennfeld|Roigheim|Möckmühl|Züttlingen|Siglingen|Neudenau|Herbolzheim(Jagst)|Untergriesheim|Bad Friedrichshall Hbf|Neckarsulm|Heilbronn Sülmertor|Heilbronn Hbf|Nordheim(Württ)|Lauffen(Neckar)|Kirchheim(Neckar)|Walheim(Württ)|Besigheim|Bietigheim-Bissingen|Ludwigsburg|Stuttgart Hbf|Stuttgart-Bad Cannstatt|Esslingen(Neckar)|Plochingen,8006331,Wendlingen (Neckar),Baden-Württemberg,Wendlingen am Neckar,73240,9.373662098,48.67368917,3,2606051250,,2606051251,,h,2,Bauarbeiten,,,,,,,0.0,0.0
-6951862447187810098-2606051046-27,7126,2606051202,2606051203,11,,S,S1,Herrenberg|Nufringen|Gärtringen|Ehningen(b Böblingen)|Hulb|Böblingen|Goldberg(Württ)|Stuttgart-Rohr|Stuttgart-Vaihingen|Stuttgart-Österfeld|Stuttgart Universität|Stuttgart Schwabstr.|Stuttgart Feuersee|Stuttgart Stadtmitte|Stuttgart Hbf (tief)|Stuttgart-Bad Cannstatt|Stuttgart Neckarpark|Stuttgart-Untertürkheim|Stuttgart-Obertürkheim|Esslingen-Mettingen|Esslingen(Neckar)|Oberesslingen|Esslingen-Zell|Altbach|Plochingen|Wernau(Neckar),8006331,Wendlingen (Neckar),Baden-Württemberg,Wendlingen am Neckar,73240,9.373662098,48.67368917,3,2606051205,,2606051206,,,,,,,,,,,3.0,3.0
5197957692469736326-2606051133-5,19316,2606051204,2606051205,1,,RE,MEX18,Tübingen Hbf|Reutlingen Hbf|Metzingen(Württ)|Nürtingen,8006331,Wendlingen (Neckar),Baden-Württemberg,Wendlingen am Neckar,73240,9.373662098,48.67368917,3,2606051205,,2606051207,,h,2,Information,,,,,,,1.0,2.0
-6319936848544854600-2606051220-4,7133,2606051231,2606051231,1,,S,S1,Kirchheim(Teck)|Kirchheim(Teck)-Ötlingen|Wendlingen(Neckar),8006346,Wernau (Neckar),Baden-Württemberg,Wernau (Neckar),73249,9.413654423,48.69417221,4,2606051231,,2606051231,,,,,,,,,,,0.0,0.0
-5759624544289762969-2606051146-26,7130,2606051258,2606051259,2,,S,S1,Herrenberg|Nufringen|Gärtringen|Ehningen(b Böblingen)|Hulb|Böblingen|Goldberg(Württ)|Stuttgart-Rohr|Stuttgart-Vaihingen|Stuttgart-Österfeld|Stuttgart Universität|Stuttgart Schwabstr.|Stuttgart Feuersee|Stuttgart Stadtmitte|Stuttgart Hbf (tief)|Stuttgart-Bad Cannstatt|Stuttgart Neckarpark|Stuttgart-Untertürkheim|Stuttgart-Obertürkheim|Esslingen-Mettingen|Esslingen(Neckar)|Oberesslingen|Esslingen-Zell|Altbach|Plochingen,8006346,Wernau (Neckar),Baden-Württemberg,Wernau (Neckar),73249,9.413654423,48.69417221,4,2606051300,,2606051300,,,,,,,,,,,2.0,1.0
4736637014602700336-2606051150-4,7131,2606051201,2606051201,1,,S,S1,Kirchheim(Teck)|Kirchheim(Teck)-Ötlingen|Wendlingen(Neckar),8006346,Wernau (Neckar),Baden-Württemberg,Wernau (Neckar),73249,9.413654423,48.69417221,4,2606051201,,2606051202,,,,,,,,,,,0.0,1.0
3158900998064725317-2606051116-26,7128,2606051228,2606051229,2,,S,S1,Herrenberg|Nufringen|Gärtringen|Ehningen(b Böblingen)|Hulb|Böblingen|Goldberg(Württ)|Stuttgart-Rohr|Stuttgart-Vaihingen|Stuttgart-Österfeld|Stuttgart Universität|Stuttgart Schwabstr.|Stuttgart Feuersee|Stuttgart Stadtmitte|Stuttgart Hbf (tief)|Stuttgart-Bad Cannstatt|Stuttgart Neckarpark|Stuttgart-Untertürkheim|Stuttgart-Obertürkheim|Esslingen-Mettingen|Esslingen(Neckar)|Oberesslingen|Esslingen-Zell|Altbach|Plochingen,8006346,Wernau (Neckar),Baden-Württemberg,Wernau (Neckar),73249,9.413654423,48.69417221,4,2606051232,,2606051233,,,,,,,,,,,4.0,4.0
-83917606962888125-2606051156-4,28325,2606051204,2606051205,3,,S,S3,Backnang|Maubach|Nellmersbach,8006479,Winnenden,Baden-Württemberg,Winnenden,71364,9.392155928,48.8795625,3,2606051210,,2606051211,,,,,,,,,,,6.0,6.0
-3193439599918682335-2606051132-8,17530,2606051213,2606051214,3,,RB,MEX19,Gaildorf West|Fichtenberg|Fornsbach|Murrhardt|Sulzbach(Murr)|Oppenweiler(Württ)|Backnang,8006479,Winnenden,Baden-Württemberg,Winnenden,71364,9.392155928,48.8795625,3,2606051215,,2606051216,,,,,,,,,,,2.0,2.0
-7749775710427008689-2606051038-17,88614,2606051244,2606051245,3,,ARV,RE90,Nürnberg Hbf|Roßtal|Heilsbronn|Wicklesgreuth|Ansbach|Leutershausen-Wiedersbach|Dombühl|Schnelldorf|Crailsheim|Eckartshausen-Ilshofen|Schwäbisch Hall-Hessental|Gaildorf West|Murrhardt|Sulzbach(Murr)|Oppenweiler(Württ)|Backnang,8006479,Winnenden,Baden-Württemberg,Winnenden,71364,9.392155928,48.8795625,3,2606051244,,2606051245,,,,,,,,,,,0.0,0.0
-2797726383545175511-2606051226-4,28327,2606051234,2606051235,3,,S,S3,Backnang|Maubach|Nellmersbach,8006479,Winnenden,Baden-Württemberg,Winnenden,71364,9.392155928,48.8795625,3,,,,,,,,,,,,c,c,0.0,0.0
-97699751698418973-2606051241-4,7333,2606051249,2606051250,3,,S,S3,Backnang|Maubach|Nellmersbach,8006479,Winnenden,Baden-Württemberg,Winnenden,71364,9.392155928,48.8795625,3,2606051252,,2606051253,,,,,,,,,,,3.0,3.0
4152739802628459938-2606051155-4,17525,2606051213,2606051214,2,,RE,MEX90,Stuttgart Hbf|Stuttgart-Bad Cannstatt|Waiblingen,8006479,Winnenden,Baden-Württemberg,Winnenden,71364,9.392155928,48.8795625,3,2606051215,,2606051216,,,,,,,,,,,2.0,2.0
4960236751390972026-2606051200-15,7328,2606051239,2606051239,2,,S,S3,Stuttgart-Vaihingen|Stuttgart-Österfeld|Stuttgart Universität|Stuttgart Schwabstr.|Stuttgart Feuersee|Stuttgart Stadtmitte|Stuttgart Hbf (tief)|Stuttgart-Bad Cannstatt|Stuttgart Nürnberger Str.|Stuttgart-Sommerrain|Fellbach|Waiblingen|Neustadt-Hohenacker|Schwaikheim,8006479,Winnenden,Baden-Württemberg,Winnenden,71364,9.392155928,48.8795625,3,2606051242,,2606051243,,,,,,,,,,,3.0,4.0
8851012744564607240-2606051211-4,7331,2606051219,2606051220,3,,S,S3,Backnang|Maubach|Nellmersbach,8006479,Winnenden,Baden-Württemberg,Winnenden,71364,9.392155928,48.8795625,3,2606051221,,2606051221,,,,,,,,,,,2.0,1.0
5532078017754681393-2606051215-15,28326,2606051254,2606051254,2,,S,S3,Stuttgart-Vaihingen|Stuttgart-Österfeld|Stuttgart Universität|Stuttgart Schwabstr.|Stuttgart Feuersee|Stuttgart Stadtmitte|Stuttgart Hbf (tief)|Stuttgart-Bad Cannstatt|Stuttgart Nürnberger Str.|Stuttgart-Sommerrain|Fellbach|Waiblingen|Neustadt-Hohenacker|Schwaikheim,8006479,Winnenden,Baden-Württemberg,Winnenden,71364,9.392155928,48.8795625,3,2606051257,,2606051257,,,,,,,,,,,3.0,3.0
3982192266941366031-2606051226-4,17527,2606051244,2606051245,2,,RB,MEX19,Stuttgart Hbf|Stuttgart-Bad Cannstatt|Waiblingen,8006479,Winnenden,Baden-Württemberg,Winnenden,71364,9.392155928,48.8795625,3,2606051246,,2606051247,,,,,,,,,,,2.0,2.0
5274226899640306616-2606051145-15,28324,2606051224,2606051224,2,,S,S3,Stuttgart-Vaihingen|Stuttgart-Österfeld|Stuttgart Universität|Stuttgart Schwabstr.|Stuttgart Feuersee|Stuttgart Stadtmitte|Stuttgart Hbf (tief)|Stuttgart-Bad Cannstatt|Stuttgart Nürnberger Str.|Stuttgart-Sommerrain|Fellbach|Waiblingen|Neustadt-Hohenacker|Schwaikheim,8006479,Winnenden,Baden-Württemberg,Winnenden,71364,9.392155928,48.8795625,3,2606051232,,2606051233,,,,,,,,,,,8.0,9.0
-4536433194496505288-2606051130-15,7326,2606051209,2606051209,2,,S,S3,Stuttgart-Vaihingen|Stuttgart-Österfeld|Stuttgart Universität|Stuttgart Schwabstr.|Stuttgart Feuersee|Stuttgart Stadtmitte|Stuttgart Hbf (tief)|Stuttgart-Bad Cannstatt|Stuttgart Nürnberger Str.|Stuttgart-Sommerrain|Fellbach|Waiblingen|Neustadt-Hohenacker|Schwaikheim,8006479,Winnenden,Baden-Württemberg,Winnenden,71364,9.392155928,48.8795625,3,2606051219,,2606051219,,,,,,,,,c,c,10.0,10.0
7608028257592331283-2606051204-5,7029,2606051213,2606051214,1,,S,S60,Böblingen|Sindelfingen|Maichingen|Maichingen Nord,8003807,Magstadt,Baden-Württemberg,Magstadt,71106,8.965315746,48.73616033,6,2606051213,,2606051214,,,,,,,,,,,0.0,0.0
-8244462081615470367-2606051234-5,7031,2606051243,2606051244,1,,S,S60,Böblingen|Sindelfingen|Maichingen|Maichingen Nord,8003807,Magstadt,Baden-Württemberg,Magstadt,71106,8.965315746,48.73616033,6,2606051244,,2606051244,,,,,,,,,,,1.0,0.0
-3839002302897574901-2606051157-17,7032,2606051245,2606051245,2,,S,S60,Stuttgart Schwabstr.|Stuttgart Feuersee|Stuttgart Stadtmitte|Stuttgart Hbf (tief)|Stuttgart Nordbahnhof|Stuttgart-Feuerbach|Stuttgart-Zuffenhausen|Neuwirtshaus(Porscheplatz)|Korntal|Weilimdorf|Ditzingen|Höfingen|Leonberg|Rutesheim|Renningen|Renningen Süd,8003807,Magstadt,Baden-Württemberg,Magstadt,71106,8.965315746,48.73616033,6,2606051246,,2606051246,,,,,,,,,,,1.0,1.0
6621898459612569085-2606051127-17,7030,2606051215,2606051215,2,,S,S60,Stuttgart Schwabstr.|Stuttgart Feuersee|Stuttgart Stadtmitte|Stuttgart Hbf (tief)|Stuttgart Nordbahnhof|Stuttgart-Feuerbach|Stuttgart-Zuffenhausen|Neuwirtshaus(Porscheplatz)|Korntal|Weilimdorf|Ditzingen|Höfingen|Leonberg|Rutesheim|Renningen|Renningen Süd,8003807,Magstadt,Baden-Württemberg,Magstadt,71106,8.965315746,48.73616033,6,2606051217,,2606051217,,,,,,,,,,,2.0,2.0
7608028257592331283-2606051204-4,7029,2606051211,2606051211,1,,S,S60,Böblingen|Sindelfingen|Maichingen,8003834,Maichingen Nord,Baden-Württemberg,Sindelfingen,71069,8.979416996,48.72750392,5,2606051211,,2606051211,,,,,,,,,,,0.0,0.0
-8244462081615470367-2606051234-4,7031,2606051241,2606051241,1,,S,S60,Böblingen|Sindelfingen|Maichingen,8003834,Maichingen Nord,Baden-Württemberg,Sindelfingen,71069,8.979416996,48.72750392,5,2606051242,,2606051242,,,,,,,,,,,1.0,1.0
-3839002302897574901-2606051157-18,7032,2606051247,2606051247,2,,S,S60,Stuttgart Schwabstr.|Stuttgart Feuersee|Stuttgart Stadtmitte|Stuttgart Hbf (tief)|Stuttgart Nordbahnhof|Stuttgart-Feuerbach|Stuttgart-Zuffenhausen|Neuwirtshaus(Porscheplatz)|Korntal|Weilimdorf|Ditzingen|Höfingen|Leonberg|Rutesheim|Renningen|Renningen Süd|Magstadt,8003834,Maichingen Nord,Baden-Württemberg,Sindelfingen,71069,8.979416996,48.72750392,5,2606051248,,2606051248,,,,,,,,,,,1.0,1.0
6621898459612569085-2606051127-18,7030,2606051217,2606051217,2,,S,S60,Stuttgart Schwabstr.|Stuttgart Feuersee|Stuttgart Stadtmitte|Stuttgart Hbf (tief)|Stuttgart Nordbahnhof|Stuttgart-Feuerbach|Stuttgart-Zuffenhausen|Neuwirtshaus(Porscheplatz)|Korntal|Weilimdorf|Ditzingen|Höfingen|Leonberg|Rutesheim|Renningen|Renningen Süd|Magstadt,8003834,Maichingen Nord,Baden-Württemberg,Sindelfingen,71069,8.979416996,48.72750392,5,2606051219,,2606051219,,,,,,,,,,,2.0,2.0
7608028257592331283-2606051204-3,7029,2606051209,2606051210,1,,S,S60,Böblingen|Sindelfingen,8003808,Maichingen,Baden-Württemberg,Sindelfingen,71069,8.969606704,48.72162074,6,2606051209,,2606051210,,,,,,,,,,,0.0,0.0
-8244462081615470367-2606051234-3,7031,2606051239,2606051240,1,,S,S60,Böblingen|Sindelfingen,8003808,Maichingen,Baden-Württemberg,Sindelfingen,71069,8.969606704,48.72162074,6,2606051240,,2606051241,,,,,,,,,,,1.0,1.0
-3839002302897574901-2606051157-19,7032,2606051249,2606051249,1,,S,S60,Stuttgart Schwabstr.|Stuttgart Feuersee|Stuttgart Stadtmitte|Stuttgart Hbf (tief)|Stuttgart Nordbahnhof|Stuttgart-Feuerbach|Stuttgart-Zuffenhausen|Neuwirtshaus(Porscheplatz)|Korntal|Weilimdorf|Ditzingen|Höfingen|Leonberg|Rutesheim|Renningen|Renningen Süd|Magstadt|Maichingen Nord,8003808,Maichingen,Baden-Württemberg,Sindelfingen,71069,8.969606704,48.72162074,6,2606051249,,2606051250,,,,,,,,,,,0.0,1.0
6621898459612569085-2606051127-19,7030,2606051219,2606051219,1,,S,S60,Stuttgart Schwabstr.|Stuttgart Feuersee|Stuttgart Stadtmitte|Stuttgart Hbf (tief)|Stuttgart Nordbahnhof|Stuttgart-Feuerbach|Stuttgart-Zuffenhausen|Neuwirtshaus(Porscheplatz)|Korntal|Weilimdorf|Ditzingen|Höfingen|Leonberg|Rutesheim|Renningen|Renningen Süd|Magstadt|Maichingen Nord,8003808,Maichingen,Baden-Württemberg,Sindelfingen,71069,8.969606704,48.72162074,6,2606051221,,2606051221,,,,,,,,,,,2.0,2.0
7608028257592331283-2606051204-6,7029,2606051217,2606051218,1,,S,S60,Böblingen|Sindelfingen|Maichingen|Maichingen Nord|Magstadt,8005001,Renningen Süd,Baden-Württemberg,Renningen,71272,8.932068278,48.76261937,6,2606051217,,2606051218,,,,,,,,,,,0.0,0.0
-8244462081615470367-2606051234-6,7031,2606051247,2606051248,1,,S,S60,Böblingen|Sindelfingen|Maichingen|Maichingen Nord|Magstadt,8005001,Renningen Süd,Baden-Württemberg,Renningen,71272,8.932068278,48.76261937,6,2606051248,,2606051249,,,,,,,,,,,1.0,1.0
-3839002302897574901-2606051157-16,7032,2606051241,2606051241,2,,S,S60,Stuttgart Schwabstr.|Stuttgart Feuersee|Stuttgart Stadtmitte|Stuttgart Hbf (tief)|Stuttgart Nordbahnhof|Stuttgart-Feuerbach|Stuttgart-Zuffenhausen|Neuwirtshaus(Porscheplatz)|Korntal|Weilimdorf|Ditzingen|Höfingen|Leonberg|Rutesheim|Renningen,8005001,Renningen Süd,Baden-Württemberg,Renningen,71272,8.932068278,48.76261937,6,2606051242,,2606051242,,,,,,,,,,,1.0,1.0
6621898459612569085-2606051127-16,7030,2606051211,2606051211,2,,S,S60,Stuttgart Schwabstr.|Stuttgart Feuersee|Stuttgart Stadtmitte|Stuttgart Hbf (tief)|Stuttgart Nordbahnhof|Stuttgart-Feuerbach|Stuttgart-Zuffenhausen|Neuwirtshaus(Porscheplatz)|Korntal|Weilimdorf|Ditzingen|Höfingen|Leonberg|Rutesheim|Renningen,8005001,Renningen Süd,Baden-Württemberg,Renningen,71272,8.932068278,48.76261937,6,2606051213,,2606051214,,,,,,,,,,,2.0,3.0
504511267373916834-2606051148-13,7828,2606051220,2606051220,102,,S,S2,Filderstadt|Stuttgart Flughafen/Messe|Echterdingen|Leinfelden|Oberaichen|Stuttgart-Rohr|Stuttgart-Vaihingen|Stuttgart-Österfeld|Stuttgart Universität|Stuttgart Schwabstr.|Stuttgart Feuersee|Stuttgart Stadtmitte,8098096,Stuttgart Hbf (tief),Baden-Württemberg,Stuttgart,70173,9.180228831,48.78338649,1,2606051224,,2606051224,,h,1,Bauarbeiten,,,,,,,4.0,4.0
3131517444573088003-2606051148-14,7927,2606051227,2606051228,101,,S,S6,Weil der Stadt|Malmsheim|Renningen|Rutesheim|Leonberg|Höfingen|Ditzingen|Weilimdorf|Korntal|Neuwirtshaus(Porscheplatz)|Stuttgart-Zuffenhausen|Stuttgart-Feuerbach|Stuttgart Nordbahnhof,8098096,Stuttgart Hbf (tief),Baden-Württemberg,Stuttgart,70173,9.180228831,48.78338649,1,2606051228,,2606051229,,,,,,,,,,,1.0,1.0
3717617338847420907-2606051152-9,28465,2606051217,2606051218,101,,S,S5,Bietigheim-Bissingen|Tamm(Württ)|Asperg|Ludwigsburg|Kornwestheim Pbf|Stuttgart-Zuffenhausen|Stuttgart-Feuerbach|Stuttgart Nordbahnhof,8098096,Stuttgart Hbf (tief),Baden-Württemberg,Stuttgart,70173,9.180228831,48.78338649,1,2606051220,,2606051221,,,,,,,,,,,3.0,3.0
-4501469853120362621-2606051210-10,28395,2606051237,2606051238,101,,S,S4,Marbach(Neckar)|Benningen(Neckar)|Freiberg(Neckar)|Favoritepark|Ludwigsburg|Kornwestheim Pbf|Stuttgart-Zuffenhausen|Stuttgart-Feuerbach|Stuttgart Nordbahnhof,8098096,Stuttgart Hbf (tief),Baden-Württemberg,Stuttgart,70173,9.180228831,48.78338649,1,2606051241,,2606051241,,,,,,,,,,,4.0,3.0
-83917606962888125-2606051156-12,28325,2606051230,2606051230,101,,S,S3,Backnang|Maubach|Nellmersbach|Winnenden|Schwaikheim|Neustadt-Hohenacker|Waiblingen|Fellbach|Stuttgart-Sommerrain|Stuttgart Nürnberger Str.|Stuttgart-Bad Cannstatt,8098096,Stuttgart Hbf (tief),Baden-Württemberg,Stuttgart,70173,9.180228831,48.78338649,1,2606051234,,2606051235,,,,,,,,,,,4.0,5.0
5081771628023632994-2606051140-10,28393,2606051207,2606051208,101,,S,S4,Marbach(Neckar)|Benningen(Neckar)|Freiberg(Neckar)|Favoritepark|Ludwigsburg|Kornwestheim Pbf|Stuttgart-Zuffenhausen|Stuttgart-Feuerbach|Stuttgart Nordbahnhof,8098096,Stuttgart Hbf (tief),Baden-Württemberg,Stuttgart,70173,9.180228831,48.78338649,1,2606051210,,2606051210,,,,,,,,,,,3.0,2.0
7608028257592331283-2606051204-18,7029,2606051257,2606051258,101,,S,S60,Böblingen|Sindelfingen|Maichingen|Maichingen Nord|Magstadt|Renningen Süd|Renningen|Rutesheim|Leonberg|Höfingen|Ditzingen|Weilimdorf|Korntal|Neuwirtshaus(Porscheplatz)|Stuttgart-Zuffenhausen|Stuttgart-Feuerbach|Stuttgart Nordbahnhof,8098096,Stuttgart Hbf (tief),Baden-Württemberg,Stuttgart,70173,9.180228831,48.78338649,1,2606051303,,2606051303,,,,,,,,,,,6.0,5.0
-6341375793071528498-2606051126-12,28323,2606051200,2606051200,101,,S,S3,Backnang|Maubach|Nellmersbach|Winnenden|Schwaikheim|Neustadt-Hohenacker|Waiblingen|Fellbach|Stuttgart-Sommerrain|Stuttgart Nürnberger Str.|Stuttgart-Bad Cannstatt,8098096,Stuttgart Hbf (tief),Baden-Württemberg,Stuttgart,70173,9.180228831,48.78338649,1,2606051202,,2606051203,,,,,,,,,,,2.0,3.0
3217859592210019920-2606051236-2,7827,2606051240,2606051240,101,,S,S2,Stuttgart-Bad Cannstatt,8098096,Stuttgart Hbf (tief),Baden-Württemberg,Stuttgart,70173,9.180228831,48.78338649,1,2606051243,,2606051244,,h,1,Bauarbeiten,,,,,,,3.0,4.0
-1459044685595923916-2606051252-4,7532,2606051257,2606051258,102,,S,S5,Stuttgart Schwabstr.|Stuttgart Feuersee|Stuttgart Stadtmitte,8098096,Stuttgart Hbf (tief),Baden-Württemberg,Stuttgart,70173,9.180228831,48.78338649,1,2606051258,,2606051259,,,,,,,,,,,1.0,1.0
-661438075088023210-2606051242-4,7630,2606051247,2606051248,102,,S,S6,Stuttgart Schwabstr.|Stuttgart Feuersee|Stuttgart Stadtmitte,8098096,Stuttgart Hbf (tief),Baden-Württemberg,Stuttgart,70173,9.180228831,48.78338649,1,2606051251,,2606051252,,,,,,,,,,,4.0,4.0
6534681549550626676-2606051217-4,28398,2606051222,2606051223,102,,S,S4,Stuttgart Schwabstr.|Stuttgart Feuersee|Stuttgart Stadtmitte,8098096,Stuttgart Hbf (tief),Baden-Württemberg,Stuttgart,70173,9.180228831,48.78338649,1,2606051226,,2606051227,,,,,,,,,,,4.0,4.0
-182569074075306425-2606051222-4,7530,2606051227,2606051228,102,,S,S5,Stuttgart Schwabstr.|Stuttgart Feuersee|Stuttgart Stadtmitte,8098096,Stuttgart Hbf (tief),Baden-Württemberg,Stuttgart,70173,9.180228831,48.78338649,1,2606051231,,2606051232,,,,,,,,,,,4.0,4.0
5693136962771673302-2606051232-4,7428,2606051237,2606051238,102,,S,S4,Stuttgart Schwabstr.|Stuttgart Feuersee|Stuttgart Stadtmitte,8098096,Stuttgart Hbf (tief),Baden-Württemberg,Stuttgart,70173,9.180228831,48.78338649,1,2606051241,,2606051241,,,,,,,,,,,4.0,3.0
8332536860707671559-2606051207-4,28464,2606051212,2606051213,102,,S,S5,Stuttgart Schwabstr.|Stuttgart Feuersee|Stuttgart Stadtmitte,8098096,Stuttgart Hbf (tief),Baden-Württemberg,Stuttgart,70173,9.180228831,48.78338649,1,2606051216,,2606051217,,,,,,,,,,,4.0,4.0
-3504815606642380245-2606051222-9,28467,2606051247,2606051248,101,,S,S5,Bietigheim-Bissingen|Tamm(Württ)|Asperg|Ludwigsburg|Kornwestheim Pbf|Stuttgart-Zuffenhausen|Stuttgart-Feuerbach|Stuttgart Nordbahnhof,8098096,Stuttgart Hbf (tief),Baden-Württemberg,Stuttgart,70173,9.180228831,48.78338649,1,2606051250,,2606051252,,,,,,,,,,,3.0,4.0
-1667866592525461048-2606051152-11,7731,2606051220,2606051220,101,,S,S1,Plochingen|Altbach|Esslingen-Zell|Oberesslingen|Esslingen(Neckar)|Esslingen-Mettingen|Stuttgart-Obertürkheim|Stuttgart-Untertürkheim|Stuttgart Neckarpark|Stuttgart-Bad Cannstatt,8098096,Stuttgart Hbf (tief),Baden-Württemberg,Stuttgart,70173,9.180228831,48.78338649,1,2606051222,,2606051223,,,,,,,,,,,2.0,3.0
-4444589756830246864-2606051218-14,7929,2606051257,2606051258,101,,S,S6,Weil der Stadt|Malmsheim|Renningen|Rutesheim|Leonberg|Höfingen|Ditzingen|Weilimdorf|Korntal|Neuwirtshaus(Porscheplatz)|Stuttgart-Zuffenhausen|Stuttgart-Feuerbach|Stuttgart Nordbahnhof,8098096,Stuttgart Hbf (tief),Baden-Württemberg,Stuttgart,70173,9.180228831,48.78338649,1,2606051303,,2606051303,,,,,,,,,,,6.0,5.0
7271107614461082752-2606051137-9,7529,2606051202,2606051203,101,,S,S5,Bietigheim-Bissingen|Tamm(Württ)|Asperg|Ludwigsburg|Kornwestheim Pbf|Stuttgart-Zuffenhausen|Stuttgart-Feuerbach|Stuttgart Nordbahnhof,8098096,Stuttgart Hbf (tief),Baden-Württemberg,Stuttgart,70173,9.180228831,48.78338649,1,2606051204,,2606051205,,,,,,,,,,,2.0,2.0
4960236751390972026-2606051200-7,7328,2606051215,2606051215,102,,S,S3,Stuttgart-Vaihingen|Stuttgart-Österfeld|Stuttgart Universität|Stuttgart Schwabstr.|Stuttgart Feuersee|Stuttgart Stadtmitte,8098096,Stuttgart Hbf (tief),Baden-Württemberg,Stuttgart,70173,9.180228831,48.78338649,1,2606051219,,2606051219,,,,,,,,,,,4.0,4.0
-5040164597006626382-2606051120-15,7129,2606051205,2606051205,101,,S,S1,Kirchheim(Teck)|Kirchheim(Teck)-Ötlingen|Wendlingen(Neckar)|Wernau(Neckar)|Plochingen|Altbach|Esslingen-Zell|Oberesslingen|Esslingen(Neckar)|Esslingen-Mettingen|Stuttgart-Obertürkheim|Stuttgart-Untertürkheim|Stuttgart Neckarpark|Stuttgart-Bad Cannstatt,8098096,Stuttgart Hbf (tief),Baden-Württemberg,Stuttgart,70173,9.180228831,48.78338649,1,2606051206,,2606051207,,,,,,,,,,,1.0,2.0
8851012744564607240-2606051211-12,7331,2606051245,2606051245,101,,S,S3,Backnang|Maubach|Nellmersbach|Winnenden|Schwaikheim|Neustadt-Hohenacker|Waiblingen|Fellbach|Stuttgart-Sommerrain|Stuttgart Nürnberger Str.|Stuttgart-Bad Cannstatt,8098096,Stuttgart Hbf (tief),Baden-Württemberg,Stuttgart,70173,9.180228831,48.78338649,1,2606051248,,2606051249,,,,,,,,,,,3.0,4.0
-3901454027336800522-2606051203-14,7431,2606051252,2606051253,101,,S,S4,Backnang|Burgstall(Murr)|Kirchberg(Murr)|Erdmannhausen|Marbach(Neckar)|Benningen(Neckar)|Freiberg(Neckar)|Favoritepark|Ludwigsburg|Kornwestheim Pbf|Stuttgart-Zuffenhausen|Stuttgart-Feuerbach|Stuttgart Nordbahnhof,8098096,Stuttgart Hbf (tief),Baden-Württemberg,Stuttgart,70173,9.180228831,48.78338649,1,2606051257,,2606051258,,,,,,,,,,,5.0,5.0
-6103095444831223240-2606051210-6,7231,2606051225,2606051225,101,,S,S2,Waiblingen|Fellbach|Stuttgart-Sommerrain|Stuttgart Nürnberger Str.|Stuttgart-Bad Cannstatt,8098096,Stuttgart Hbf (tief),Baden-Württemberg,Stuttgart,70173,9.180228831,48.78338649,1,2606051226,,2606051227,,h,1,Bauarbeiten,,,,,,,1.0,2.0
6476044054617913836-2606051133-14,7629,2606051212,2606051213,101,,S,S6,Weil der Stadt|Malmsheim|Renningen|Rutesheim|Leonberg|Höfingen|Ditzingen|Weilimdorf|Korntal|Neuwirtshaus(Porscheplatz)|Stuttgart-Zuffenhausen|Stuttgart-Feuerbach|Stuttgart Nordbahnhof,8098096,Stuttgart Hbf (tief),Baden-Württemberg,Stuttgart,70173,9.180228831,48.78338649,1,2606051214,,2606051215,,,,,,,,,,,2.0,2.0
1899806724872395697-2606051222-11,7733,2606051250,2606051250,101,,S,S1,Plochingen|Altbach|Esslingen-Zell|Oberesslingen|Esslingen(Neckar)|Esslingen-Mettingen|Stuttgart-Obertürkheim|Stuttgart-Untertürkheim|Stuttgart Neckarpark|Stuttgart-Bad Cannstatt,8098096,Stuttgart Hbf (tief),Baden-Württemberg,Stuttgart,70173,9.180228831,48.78338649,1,2606051253,,2606051255,,,,,,,,,,,3.0,5.0
-7003931357074639826-2606051227-4,7934,2606051232,2606051233,102,,S,S6,Stuttgart Schwabstr.|Stuttgart Feuersee|Stuttgart Stadtmitte,8098096,Stuttgart Hbf (tief),Baden-Württemberg,Stuttgart,70173,9.180228831,48.78338649,1,2606051235,,2606051236,,,,,,,,,,,3.0,3.0
-5995002106705392995-2606051247-4,28400,2606051252,2606051253,102,,S,S4,Stuttgart Schwabstr.|Stuttgart Feuersee|Stuttgart Stadtmitte,8098096,Stuttgart Hbf (tief),Baden-Württemberg,Stuttgart,70173,9.180228831,48.78338649,1,2606051256,,2606051256,,,,,,,,,,,4.0,3.0
3112151770582767081-2606051157-4,7932,2606051202,2606051203,102,,S,S6,Stuttgart Schwabstr.|Stuttgart Feuersee|Stuttgart Stadtmitte,8098096,Stuttgart Hbf (tief),Baden-Württemberg,Stuttgart,70173,9.180228831,48.78338649,1,,,,,,,,,,,,c,c,0.0,0.0
5532078017754681393-2606051215-7,28326,2606051230,2606051230,102,,S,S3,Stuttgart-Vaihingen|Stuttgart-Österfeld|Stuttgart Universität|Stuttgart Schwabstr.|Stuttgart Feuersee|Stuttgart Stadtmitte,8098096,Stuttgart Hbf (tief),Baden-Württemberg,Stuttgart,70173,9.180228831,48.78338649,1,2606051233,,2606051234,,,,,,,,,,,3.0,4.0
-5759624544289762969-2606051146-15,7130,2606051225,2606051225,102,,S,S1,Herrenberg|Nufringen|Gärtringen|Ehningen(b Böblingen)|Hulb|Böblingen|Goldberg(Württ)|Stuttgart-Rohr|Stuttgart-Vaihingen|Stuttgart-Österfeld|Stuttgart Universität|Stuttgart Schwabstr.|Stuttgart Feuersee|Stuttgart Stadtmitte,8098096,Stuttgart Hbf (tief),Baden-Württemberg,Stuttgart,70173,9.180228831,48.78338649,1,2606051229,,2606051230,,,,,,,,,,,4.0,5.0
3655115014084866226-2606051237-4,28466,2606051242,2606051243,102,,S,S5,Stuttgart Schwabstr.|Stuttgart Feuersee|Stuttgart Stadtmitte,8098096,Stuttgart Hbf (tief),Baden-Württemberg,Stuttgart,70173,9.180228831,48.78338649,1,2606051246,,2606051247,,,,,,,,,,,4.0,4.0
4736637014602700336-2606051150-15,7131,2606051235,2606051235,101,,S,S1,Kirchheim(Teck)|Kirchheim(Teck)-Ötlingen|Wendlingen(Neckar)|Wernau(Neckar)|Plochingen|Altbach|Esslingen-Zell|Oberesslingen|Esslingen(Neckar)|Esslingen-Mettingen|Stuttgart-Obertürkheim|Stuttgart-Untertürkheim|Stuttgart Neckarpark|Stuttgart-Bad Cannstatt,8098096,Stuttgart Hbf (tief),Baden-Württemberg,Stuttgart,70173,9.180228831,48.78338649,1,2606051238,,2606051239,,,,,,,,,,,3.0,4.0
-2997586613667252816-2606051134-18,7027,2606051227,2606051228,101,,S,S60,Böblingen|Sindelfingen|Maichingen|Maichingen Nord|Magstadt|Renningen Süd|Renningen|Rutesheim|Leonberg|Höfingen|Ditzingen|Weilimdorf|Korntal|Neuwirtshaus(Porscheplatz)|Stuttgart-Zuffenhausen|Stuttgart-Feuerbach|Stuttgart Nordbahnhof,8098096,Stuttgart Hbf (tief),Baden-Württemberg,Stuttgart,70173,9.180228831,48.78338649,1,2606051228,,2606051229,,,,,,,,,,,1.0,1.0
-4376819822122462379-2606051133-13,7226,2606051205,2606051205,102,,S,S2,Filderstadt|Stuttgart Flughafen/Messe|Echterdingen|Leinfelden|Oberaichen|Stuttgart-Rohr|Stuttgart-Vaihingen|Stuttgart-Österfeld|Stuttgart Universität|Stuttgart Schwabstr.|Stuttgart Feuersee|Stuttgart Stadtmitte,8098096,Stuttgart Hbf (tief),Baden-Württemberg,Stuttgart,70173,9.180228831,48.78338649,1,2606051208,,2606051209,,h,1,Bauarbeiten,,,,,,,3.0,4.0
-3839002302897574901-2606051157-4,7032,2606051202,2606051203,102,,S,S60,Stuttgart Schwabstr.|Stuttgart Feuersee|Stuttgart Stadtmitte,8098096,Stuttgart Hbf (tief),Baden-Württemberg,Stuttgart,70173,9.180228831,48.78338649,1,,,,,,,,,,,,c,c,0.0,0.0
-88152744654327027-2606051206-2,7825,2606051210,2606051210,101,,S,S2,Stuttgart-Bad Cannstatt,8098096,Stuttgart Hbf (tief),Baden-Württemberg,Stuttgart,70173,9.180228831,48.78338649,1,2606051212,,2606051213,,h,1,Bauarbeiten,,,,,,,2.0,3.0
6168129635936742431-2606051203-13,7228,2606051235,2606051235,102,,S,S2,Filderstadt|Stuttgart Flughafen/Messe|Echterdingen|Leinfelden|Oberaichen|Stuttgart-Rohr|Stuttgart-Vaihingen|Stuttgart-Österfeld|Stuttgart Universität|Stuttgart Schwabstr.|Stuttgart Feuersee|Stuttgart Stadtmitte,8098096,Stuttgart Hbf (tief),Baden-Württemberg,Stuttgart,70173,9.180228831,48.78338649,1,2606051238,,2606051238,,h,1,Bauarbeiten,,,,,,,3.0,3.0
5274226899640306616-2606051145-7,28324,2606051200,2606051200,102,,S,S3,Stuttgart-Vaihingen|Stuttgart-Österfeld|Stuttgart Universität|Stuttgart Schwabstr.|Stuttgart Feuersee|Stuttgart Stadtmitte,8098096,Stuttgart Hbf (tief),Baden-Württemberg,Stuttgart,70173,9.180228831,48.78338649,1,2606051204,,2606051204,,,,,,,,,,,4.0,4.0
7206179278625566012-2606051230-7,7330,2606051245,2606051245,102,,S,S3,Stuttgart-Vaihingen|Stuttgart-Österfeld|Stuttgart Universität|Stuttgart Schwabstr.|Stuttgart Feuersee|Stuttgart Stadtmitte,8098096,Stuttgart Hbf (tief),Baden-Württemberg,Stuttgart,70173,9.180228831,48.78338649,1,2606051249,,2606051249,,,,,,,,,,,4.0,4.0
-7035220678398818959-2606051212-4,7628,2606051217,2606051218,102,,S,S6,Stuttgart Schwabstr.|Stuttgart Feuersee|Stuttgart Stadtmitte,8098096,Stuttgart Hbf (tief),Baden-Württemberg,Stuttgart,70173,9.180228831,48.78338649,1,2606051221,,2606051222,,,,,,,,,,,4.0,4.0
-3955134605586594139-2606051141-12,7329,2606051215,2606051215,101,,S,S3,Backnang|Maubach|Nellmersbach|Winnenden|Schwaikheim|Neustadt-Hohenacker|Waiblingen|Fellbach|Stuttgart-Sommerrain|Stuttgart Nürnberger Str.|Stuttgart-Bad Cannstatt,8098096,Stuttgart Hbf (tief),Baden-Württemberg,Stuttgart,70173,9.180228831,48.78338649,1,2606051218,,2606051219,,,,,,,,,,,3.0,4.0
2930744972942057808-2606051207-9,7531,2606051232,2606051233,101,,S,S5,Bietigheim-Bissingen|Tamm(Württ)|Asperg|Ludwigsburg|Kornwestheim Pbf|Stuttgart-Zuffenhausen|Stuttgart-Feuerbach|Stuttgart Nordbahnhof,8098096,Stuttgart Hbf (tief),Baden-Württemberg,Stuttgart,70173,9.180228831,48.78338649,1,2606051236,,2606051237,,,,,,,,,,,4.0,4.0
-2837347101663805561-2606051133-14,7429,2606051222,2606051223,101,,S,S4,Backnang|Burgstall(Murr)|Kirchberg(Murr)|Erdmannhausen|Marbach(Neckar)|Benningen(Neckar)|Freiberg(Neckar)|Favoritepark|Ludwigsburg|Kornwestheim Pbf|Stuttgart-Zuffenhausen|Stuttgart-Feuerbach|Stuttgart Nordbahnhof,8098096,Stuttgart Hbf (tief),Baden-Württemberg,Stuttgart,70173,9.180228831,48.78338649,1,2606051231,,2606051233,,,,,,,,,,,9.0,10.0
9194663872562058086-2606051227-4,7034,2606051232,2606051233,102,,S,S60,Stuttgart Schwabstr.|Stuttgart Feuersee|Stuttgart Stadtmitte,8098096,Stuttgart Hbf (tief),Baden-Württemberg,Stuttgart,70173,9.180228831,48.78338649,1,2606051235,,2606051236,,,,,,,,,,,3.0,3.0
5033595252729371402-2606051240-6,7233,2606051255,2606051255,101,,S,S2,Waiblingen|Fellbach|Stuttgart-Sommerrain|Stuttgart Nürnberger Str.|Stuttgart-Bad Cannstatt,8098096,Stuttgart Hbf (tief),Baden-Württemberg,Stuttgart,70173,9.180228831,48.78338649,1,2606051300,,2606051302,,h,1,Bauarbeiten,,,,,,,5.0,7.0
3410717060998267101-2606051216-15,7132,2606051255,2606051255,102,,S,S1,Herrenberg|Nufringen|Gärtringen|Ehningen(b Böblingen)|Hulb|Böblingen|Goldberg(Württ)|Stuttgart-Rohr|Stuttgart-Vaihingen|Stuttgart-Österfeld|Stuttgart Universität|Stuttgart Schwabstr.|Stuttgart Feuersee|Stuttgart Stadtmitte,8098096,Stuttgart Hbf (tief),Baden-Württemberg,Stuttgart,70173,9.180228831,48.78338649,1,2606051304,,2606051305,,,,,,,,,,,9.0,10.0
2059911478828825113-2606051201-15,7728,2606051240,2606051240,102,,S,S1,Herrenberg|Nufringen|Gärtringen|Ehningen(b Böblingen)|Hulb|Böblingen|Goldberg(Württ)|Stuttgart-Rohr|Stuttgart-Vaihingen|Stuttgart-Österfeld|Stuttgart Universität|Stuttgart Schwabstr.|Stuttgart Feuersee|Stuttgart Stadtmitte,8098096,Stuttgart Hbf (tief),Baden-Württemberg,Stuttgart,70173,9.180228831,48.78338649,1,2606051243,,2606051245,,,,,,,,,,,3.0,5.0
1836435062166220832-2606051131-15,7726,2606051210,2606051210,102,,S,S1,Herrenberg|Nufringen|Gärtringen|Ehningen(b Böblingen)|Hulb|Böblingen|Goldberg(Württ)|Stuttgart-Rohr|Stuttgart-Vaihingen|Stuttgart-Österfeld|Stuttgart Universität|Stuttgart Schwabstr.|Stuttgart Feuersee|Stuttgart Stadtmitte,8098096,Stuttgart Hbf (tief),Baden-Württemberg,Stuttgart,70173,9.180228831,48.78338649,1,2606051213,,2606051214,,,,,,,,,,,3.0,4.0
8207272767207255575-2606051203-14,7631,2606051242,2606051243,101,,S,S6,Weil der Stadt|Malmsheim|Renningen|Rutesheim|Leonberg|Höfingen|Ditzingen|Weilimdorf|Korntal|Neuwirtshaus(Porscheplatz)|Stuttgart-Zuffenhausen|Stuttgart-Feuerbach|Stuttgart Nordbahnhof,8098096,Stuttgart Hbf (tief),Baden-Württemberg,Stuttgart,70173,9.180228831,48.78338649,1,2606051245,,2606051246,,,,,,,,,,,3.0,3.0
5127975581387066276-2606051202-4,7426,2606051207,2606051208,102,,S,S4,Stuttgart Schwabstr.|Stuttgart Feuersee|Stuttgart Stadtmitte,8098096,Stuttgart Hbf (tief),Baden-Württemberg,Stuttgart,70173,9.180228831,48.78338649,1,2606051210,,2606051211,,,,,,,,,,,3.0,3.0
-2740283852421142578-2606051218-13,7830,2606051250,2606051250,102,,S,S2,Filderstadt|Stuttgart Flughafen/Messe|Echterdingen|Leinfelden|Oberaichen|Stuttgart-Rohr|Stuttgart-Vaihingen|Stuttgart-Österfeld|Stuttgart Universität|Stuttgart Schwabstr.|Stuttgart Feuersee|Stuttgart Stadtmitte,8098096,Stuttgart Hbf (tief),Baden-Württemberg,Stuttgart,70173,9.180228831,48.78338649,1,2606051253,,2606051254,,h,1,Bauarbeiten,,,,,,,3.0,4.0
